rep,id,eta_p0,eta_alpha,eta_tau
1,1,0.000000,-0.121835,0.407687
2,1,0.000000,-0.225250,-0.008753
3,1,0.000000,-0.245513,-0.201271
4,1,0.000000,-0.245513,-0.201271
5,1,0.000000,-0.268332,0.115244
6,1,0.000000,-0.246962,-0.102213
7,1,0.000000,-0.246962,-0.102213
8,1,0.000000,-0.280211,-0.102213
9,1,0.000000,-0.234498,-0.147728
10,1,0.000000,-0.242903,-0.259958
1,2,0.000000,0.200207,3.048782
2,2,0.000000,0.224480,3.490045
3,2,0.000000,0.247256,3.490045
4,2,0.000000,0.247256,3.321139
5,2,0.000000,0.247256,3.321139
6,2,0.000000,0.243954,3.442437
7,2,0.000000,0.195045,3.246017
8,2,0.000000,0.195045,3.233320
9,2,0.000000,0.204419,3.154287
10,2,0.000000,0.204419,3.290690
1,3,0.000000,-0.522312,1.194537
2,3,0.000000,-0.534709,1.092585
3,3,0.000000,-0.534709,1.176891
4,3,0.000000,-0.502454,1.195630
5,3,0.000000,-0.506092,1.380755
6,3,0.000000,-0.506092,1.315848
7,3,0.000000,-0.525915,1.206875
8,3,0.000000,-0.492951,1.201388
9,3,0.000000,-0.563328,1.227053
10,3,0.000000,-0.563328,1.238707
1,4,0.000000,0.266298,-7.638622
2,4,0.000000,0.266298,-7.638622
3,4,0.000000,0.254500,-7.635810
4,4,0.000000,0.235879,-7.899813
5,4,0.000000,0.235879,-7.694068
6,4,0.000000,0.235879,-7.704942
7,4,0.000000,0.235879,-7.805811
8,4,0.000000,0.218087,-7.840822
9,4,0.000000,0.235574,-7.860692
10,4,0.000000,0.204673,-7.860692
1,5,0.000000,-0.218788,4.772615
2,5,0.000000,-0.227337,4.514102
3,5,0.000000,-0.233127,4.669806
4,5,0.000000,-0.191266,4.746421
5,5,0.000000,-0.248704,4.752388
6,5,0.000000,-0.208314,4.752388
7,5,0.000000,-0.208314,4.752388
8,5,0.000000,-0.206436,4.509740
9,5,0.000000,-0.206436,4.646899
10,5,0.000000,-0.180188,4.879236
1,6,0.000000,0.618431,-9.957317
2,6,0.000000,0.618431,-9.957317
3,6,0.000000,0.602805,-10.056444
4,6,0.000000,0.619856,-10.236327
5,6,0.000000,0.591080,-10.314606
6,6,0.000000,0.591080,-10.314606
7,6,0.000000,0.591080,-10.314606
8,6,0.000000,0.591080,-10.191402
9,6,0.000000,0.591080,-10.191402
10,6,0.000000,0.586509,-10.178236
1,7,0.000000,0.110267,-7.933930
2,7,0.000000,0.041620,-8.231320
3,7,0.000000,0.099451,-7.928258
4,7,0.000000,0.099451,-7.928258
5,7,0.000000,0.075265,-7.896270
6,7,0.000000,0.088308,-7.896270
7,7,0.000000,0.105661,-7.787498
8,7,0.000000,0.086037,-7.860522
9,7,0.000000,0.086037,-7.831944
10,7,0.000000,0.086037,-7.831944
1,8,0.000000,0.096450,-12.151643
2,8,0.000000,0.096450,-12.470540
3,8,0.000000,0.076616,-12.533868
4,8,0.000000,0.076616,-12.238617
5,8,0.000000,0.119450,-12.228931
6,8,0.000000,0.119450,-12.228931
7,8,0.000000,0.093746,-12.439839
8,8,0.000000,0.087295,-12.254383
9,8,0.000000,0.079919,-12.254383
10,8,0.000000,0.110054,-12.254383
1,9,0.000000,0.186980,-6.833772
2,9,0.000000,0.186980,-6.833772
3,9,0.000000,0.186980,-6.833772
4,9,0.000000,0.170805,-6.808229
5,9,0.000000,0.170805,-6.808229
6,9,0.000000,0.156729,-6.853685
7,9,0.000000,0.156729,-7.122883
8,9,0.000000,0.156729,-7.019713
9,9,0.000000,0.156729,-7.019713
10,9,0.000000,0.156729,-7.019713
1,10,0.000000,-0.645697,4.269278
2,10,0.000000,-0.609816,4.554572
3,10,0.000000,-0.629099,4.430762
4,10,0.000000,-0.625198,4.435539
5,10,0.000000,-0.653573,4.122203
6,10,0.000000,-0.660421,4.204700
7,10,0.000000,-0.633862,3.878536
8,10,0.000000,-0.720056,3.751479
9,10,0.000000,-0.710705,3.751479
10,10,0.000000,-0.556991,4.081789
1,11,0.000000,0.761305,-4.662435
2,11,0.000000,0.832442,-4.447319
3,11,0.000000,0.760247,-4.584394
4,11,0.000000,0.755017,-4.501612
5,11,0.000000,0.759203,-4.501612
6,11,0.000000,0.715634,-4.509040
7,11,0.000000,0.748013,-4.509040
8,11,0.000000,0.753070,-4.428395
9,11,0.000000,0.812696,-4.452709
10,11,0.000000,0.781780,-4.571227
1,12,0.000000,0.003968,4.531062
2,12,0.000000,0.003103,4.771479
3,12,0.000000,-0.006585,4.367737
4,12,0.000000,-0.005975,4.689644
5,12,0.000000,0.016142,4.541656
6,12,0.000000,0.025319,4.631386
7,12,0.000000,0.010638,4.581363
8,12,0.000000,0.010638,4.501013
9,12,0.000000,0.031710,4.428894
10,12,0.000000,-0.048977,4.350184
1,13,0.000000,0.451163,0.313220
2,13,0.000000,0.451163,0.313220
3,13,0.000000,0.451163,0.313220
4,13,0.000000,0.466878,0.313220
5,13,0.000000,0.466878,0.380044
6,13,0.000000,0.466878,0.380044
7,13,0.000000,0.466878,0.318908
8,13,0.000000,0.434418,0.318908
9,13,0.000000,0.434418,0.318908
10,13,0.000000,0.444529,0.406459
1,14,0.000000,0.744500,-1.644348
2,14,0.000000,0.744500,-1.644348
3,14,0.000000,0.761466,-1.729720
4,14,0.000000,0.772059,-1.729720
5,14,0.000000,0.777491,-1.750896
6,14,0.000000,0.777491,-1.750896
7,14,0.000000,0.829395,-1.449773
8,14,0.000000,0.767425,-1.480343
9,14,0.000000,0.731537,-1.712850
10,14,0.000000,0.731537,-1.746521
1,15,0.000000,0.345557,11.146864
2,15,0.000000,0.363007,11.068188
3,15,0.000000,0.306237,11.068188
4,15,0.000000,0.271855,11.229654
5,15,0.000000,0.271855,10.928940
6,15,0.000000,0.266963,10.891958
7,15,0.000000,0.266963,10.891958
8,15,0.000000,0.266963,10.891958
9,15,0.000000,0.330327,10.889713
10,15,0.000000,0.292385,10.957669
1,16,0.000000,-0.072841,-12.395209
2,16,0.000000,-0.072841,-12.676820
3,16,0.000000,-0.059823,-12.445122
4,16,0.000000,-0.059823,-12.445122
5,16,0.000000,-0.059823,-12.445122
6,16,0.000000,-0.052387,-12.438296
7,16,0.000000,-0.052387,-12.438296
8,16,0.000000,-0.038327,-12.147811
9,16,0.000000,-0.057384,-12.403831
10,16,0.000000,-0.057384,-12.403831
1,17,0.000000,0.280260,1.195446
2,17,0.000000,0.293601,1.262801
3,17,0.000000,0.294267,1.262801
4,17,0.000000,0.285397,1.371274
5,17,0.000000,0.256002,1.244264
6,17,0.000000,0.258831,1.237095
7,17,0.000000,0.258831,1.003688
8,17,0.000000,0.283038,1.182766
9,17,0.000000,0.254326,1.182766
10,17,0.000000,0.254326,1.010055
1,18,0.000000,-0.022252,-13.467030
2,18,0.000000,-0.022252,-13.467030
3,18,0.000000,-0.024923,-13.199930
4,18,0.000000,-0.024923,-13.199930
5,18,0.000000,0.001046,-13.133014
6,18,0.000000,0.020663,-13.286300
7,18,0.000000,-0.012102,-13.275100
8,18,0.000000,-0.014826,-13.261900
9,18,0.000000,-0.014826,-13.082846
10,18,0.000000,0.029795,-13.111385
1,19,0.000000,0.097597,5.467621
2,19,0.000000,0.113437,5.650367
3,19,0.000000,0.077078,5.456742
4,19,0.000000,0.077078,5.456742
5,19,0.000000,0.077078,5.346304
6,19,0.000000,0.077724,5.346304
7,19,0.000000,0.077724,5.384542
8,19,0.000000,0.077203,5.384542
9,19,0.000000,0.077203,5.501193
10,19,0.000000,0.094276,5.501193
1,20,0.000000,-0.008343,-6.514565
2,20,0.000000,0.010319,-6.514565
3,20,0.000000,0.010319,-6.514565
4,20,0.000000,0.005136,-6.514565
5,20,0.000000,0.005136,-6.514565
6,20,0.000000,0.005136,-6.514565
7,20,0.000000,0.005136,-6.514565
8,20,0.000000,0.005136,-6.514565
9,20,0.000000,0.005136,-6.514565
10,20,0.000000,0.005136,-6.514565
1,21,0.000000,0.085567,-4.386824
2,21,0.000000,0.093409,-4.274974
3,21,0.000000,0.093409,-4.157309
4,21,0.000000,0.100264,-4.157309
5,21,0.000000,0.061145,-4.202813
6,21,0.000000,0.093432,-4.091422
7,21,0.000000,0.122680,-3.956904
8,21,0.000000,0.122680,-3.986559
9,21,0.000000,0.110687,-4.134731
10,21,0.000000,0.174077,-4.086395
1,22,0.000000,-0.913583,4.867724
2,22,0.000000,-1.060625,4.985164
3,22,0.000000,-0.973567,4.030444
4,22,0.000000,-0.879147,4.302455
5,22,0.000000,-0.926060,3.932286
6,22,0.000000,-0.885393,4.084814
7,22,0.000000,-0.786588,4.204485
8,22,0.000000,-0.857924,4.310334
9,22,0.000000,-0.980882,5.131120
10,22,0.000000,-0.857947,4.938473
1,23,0.000000,-0.293836,-2.918891
2,23,0.000000,-0.288663,-2.918891
3,23,0.000000,-0.288663,-2.918891
4,23,0.000000,-0.288663,-2.918891
5,23,0.000000,-0.263510,-2.918891
6,23,0.000000,-0.269778,-2.918891
7,23,0.000000,-0.269778,-2.923151
8,23,0.000000,-0.255142,-2.499681
9,23,0.000000,-0.295915,-3.031664
10,23,0.000000,-0.277626,-2.921971
1,24,0.000000,-1.324874,2.267690
2,24,0.000000,-1.215570,2.864698
3,24,0.000000,-1.201656,2.257137
4,24,0.000000,-1.185266,2.754007
5,24,0.000000,-1.244151,2.830599
6,24,0.000000,-1.190292,2.861388
7,24,0.000000,-1.217141,2.774217
8,24,0.000000,-1.217389,2.892870
9,24,0.000000,-1.217389,2.387908
10,24,0.000000,-1.263931,2.954626
1,25,0.000000,-0.246925,3.411339
2,25,0.000000,-0.247982,3.435912
3,25,0.000000,-0.228662,3.348085
4,25,0.000000,-0.265502,3.089275
5,25,0.000000,-0.203669,3.150941
6,25,0.000000,-0.304543,2.749223
7,25,0.000000,-0.277453,3.225400
8,25,0.000000,-0.308034,3.071999
9,25,0.000000,-0.173244,3.404881
10,25,0.000000,-0.176610,3.686713
1,26,0.000000,0.779287,5.168378
2,26,0.000000,0.741883,5.244730
3,26,0.000000,0.771791,5.269341
4,26,0.000000,0.750475,5.250492
5,26,0.000000,0.722916,5.157213
6,26,0.000000,0.646233,5.157213
7,26,0.000000,0.642424,5.157213
8,26,0.000000,0.686425,5.182642
9,26,0.000000,0.594653,5.182642
10,26,0.000000,0.763634,5.056019
1,27,0.000000,-0.266264,-3.261808
2,27,0.000000,-0.336961,-3.261808
3,27,0.000000,-0.348490,-3.908144
4,27,0.000000,-0.339011,-3.350401
5,27,0.000000,-0.295641,-3.311144
6,27,0.000000,-0.306297,-3.311144
7,27,0.000000,-0.301827,-3.118353
8,27,0.000000,-0.301827,-3.268531
9,27,0.000000,-0.289769,-3.024428
10,27,0.000000,-0.289769,-3.019529
1,28,0.000000,0.279037,1.666308
2,28,0.000000,0.279037,1.666308
3,28,0.000000,0.279037,1.651821
4,28,0.000000,0.279037,1.651821
5,28,0.000000,0.279037,1.651821
6,28,0.000000,0.279037,1.777299
7,28,0.000000,0.279037,1.777299
8,28,0.000000,0.279037,1.632352
9,28,0.000000,0.279037,1.632352
10,28,0.000000,0.279037,1.762208
1,29,0.000000,0.609601,8.525437
2,29,0.000000,0.598314,8.480234
3,29,0.000000,0.605499,8.480234
4,29,0.000000,0.605499,8.480234
5,29,0.000000,0.605499,8.480234
6,29,0.000000,0.605499,8.480234
7,29,0.000000,0.605499,8.463068
8,29,0.000000,0.605499,8.463068
9,29,0.000000,0.613836,8.463068
10,29,0.000000,0.600191,8.556159
1,30,0.000000,-0.388203,-3.819824
2,30,0.000000,-0.449646,-4.542693
3,30,0.000000,-0.449646,-4.659428
4,30,0.000000,-0.445211,-4.756970
5,30,0.000000,-0.454028,-4.701392
6,30,0.000000,-0.413386,-4.343225
7,30,0.000000,-0.413386,-4.045775
8,30,0.000000,-0.413386,-4.032425
9,30,0.000000,-0.413012,-4.553675
10,30,0.000000,-0.386911,-3.750762
1,31,0.000000,0.481580,-5.842988
2,31,0.000000,0.469290,-5.842988
3,31,0.000000,0.451156,-5.865257
4,31,0.000000,0.456662,-5.865257
5,31,0.000000,0.474944,-5.887046
6,31,0.000000,0.474944,-5.887046
7,31,0.000000,0.474944,-5.887046
8,31,0.000000,0.476170,-5.887046
9,31,0.000000,0.457844,-5.887046
10,31,0.000000,0.457844,-5.887046
1,32,0.000000,0.365958,2.117530
2,32,0.000000,0.365958,2.143083
3,32,0.000000,0.365598,2.143083
4,32,0.000000,0.365598,2.114245
5,32,0.000000,0.312384,2.245752
6,32,0.000000,0.316355,1.743403
7,32,0.000000,0.360016,1.890934
8,32,0.000000,0.329448,2.411775
9,32,0.000000,0.444018,2.604552
10,32,0.000000,0.444018,2.552749
1,33,0.000000,-0.281214,2.045897
2,33,0.000000,-0.230605,1.272750
3,33,0.000000,-0.252648,1.308819
4,33,0.000000,-0.402624,1.921141
5,33,0.000000,-0.402624,0.901083
6,33,0.000000,-0.420287,1.765470
7,33,0.000000,-0.179321,1.912438
8,33,0.000000,-0.164157,1.761156
9,33,0.000000,-0.299559,1.981865
10,33,0.000000,-0.151522,1.512648
1,34,0.000000,0.137020,-3.967748
2,34,0.000000,0.137020,-3.967748
3,34,0.000000,0.137020,-3.967748
4,34,0.000000,0.137020,-3.967748
5,34,0.000000,0.137020,-3.961810
6,34,0.000000,0.137020,-3.961810
7,34,0.000000,0.133959,-3.875382
8,34,0.000000,0.170483,-4.052262
9,34,0.000000,0.090204,-4.052262
10,34,0.000000,0.090204,-4.052262
1,35,0.000000,0.153457,3.061859
2,35,0.000000,0.197427,2.923498
3,35,0.000000,0.197427,2.923498
4,35,0.000000,0.136639,2.923498
5,35,0.000000,0.158704,2.981584
6,35,0.000000,0.097409,2.917387
7,35,0.000000,0.092556,2.708269
8,35,0.000000,0.147954,2.625931
9,35,0.000000,0.092806,2.931922
10,35,0.000000,0.152906,2.879769
1,36,0.000000,0.019747,-2.957979
2,36,0.000000,0.019747,-2.415154
3,36,0.000000,-0.016602,-2.300011
4,36,0.000000,-0.034459,-2.803512
5,36,0.000000,-0.034459,-2.803512
6,36,0.000000,-0.034459,-2.828448
7,36,0.000000,-0.034459,-2.683771
8,36,0.000000,-0.057077,-3.180517
9,36,0.000000,-0.057077,-3.180517
10,36,0.000000,-0.070464,-2.945019
1,37,0.000000,-0.331729,-8.031384
2,37,0.000000,-0.331729,-8.070361
3,37,0.000000,-0.339451,-8.051471
4,37,0.000000,-0.325072,-7.694562
5,37,0.000000,-0.363374,-8.076389
6,37,0.000000,-0.351766,-8.076389
7,37,0.000000,-0.351766,-8.076389
8,37,0.000000,-0.351766,-8.042987
9,37,0.000000,-0.351766,-8.042987
10,37,0.000000,-0.351766,-8.209114
1,38,0.000000,0.608138,-3.002900
2,38,0.000000,0.601465,-2.849333
3,38,0.000000,0.603038,-2.664475
4,38,0.000000,0.633141,-1.972103
5,38,0.000000,0.673923,-2.159115
6,38,0.000000,0.673605,-2.336809
7,38,0.000000,0.649779,-2.647529
8,38,0.000000,0.562778,-2.797417
9,38,0.000000,0.600745,-2.841323
10,38,0.000000,0.627237,-2.667221
1,39,0.000000,-0.110116,0.803553
2,39,0.000000,-0.099707,1.047613
3,39,0.000000,-0.085373,1.599315
4,39,0.000000,-0.077750,1.172101
5,39,0.000000,-0.077750,1.771717
6,39,0.000000,-0.077750,1.384646
7,39,0.000000,-0.073314,1.384646
8,39,0.000000,-0.073314,1.346280
9,39,0.000000,-0.084492,1.127968
10,39,0.000000,-0.110304,0.888528
1,40,0.000000,0.565889,-4.810744
2,40,0.000000,0.565889,-4.810744
3,40,0.000000,0.587783,-4.872239
4,40,0.000000,0.587783,-4.872239
5,40,0.000000,0.578319,-4.872239
6,40,0.000000,0.550274,-4.872239
7,40,0.000000,0.554147,-4.822090
8,40,0.000000,0.603789,-4.846186
9,40,0.000000,0.595537,-4.846186
10,40,0.000000,0.595537,-4.846186
1,41,0.000000,-0.384241,-2.262728
2,41,0.000000,-0.328245,-2.192045
3,41,0.000000,-0.344511,-2.192045
4,41,0.000000,-0.326943,-1.992740
5,41,0.000000,-0.351393,-2.173557
6,41,0.000000,-0.323113,-2.291545
7,41,0.000000,-0.306792,-2.076243
8,41,0.000000,-0.333663,-1.838720
9,41,0.000000,-0.303401,-2.119301
10,41,0.000000,-0.298052,-2.139589
1,42,0.000000,0.917614,0.038623
2,42,0.000000,0.930075,0.050845
3,42,0.000000,0.919645,0.050845
4,42,0.000000,0.919645,0.050845
5,42,0.000000,0.907592,0.074215
6,42,0.000000,0.907592,0.074215
7,42,0.000000,0.924635,0.116135
8,42,0.000000,0.924635,0.116135
9,42,0.000000,0.924635,0.116135
10,42,0.000000,0.924635,0.116135
1,43,0.000000,0.381721,1.185807
2,43,0.000000,0.437714,1.305650
3,43,0.000000,0.462926,1.485427
4,43,0.000000,0.490240,1.787682
5,43,0.000000,0.493689,1.787682
6,43,0.000000,0.493689,1.787682
7,43,0.000000,0.493689,1.787682
8,43,0.000000,0.493689,1.787682
9,43,0.000000,0.449904,1.454810
10,43,0.000000,0.442119,1.509727
1,44,0.000000,0.067896,-10.967686
2,44,0.000000,0.067896,-11.090125
3,44,0.000000,0.067896,-10.886217
4,44,0.000000,0.067896,-10.886217
5,44,0.000000,0.067896,-10.909470
6,44,0.000000,0.043452,-11.251080
7,44,0.000000,0.031199,-11.117321
8,44,0.000000,0.031199,-11.101927
9,44,0.000000,0.031199,-11.101927
10,44,0.000000,0.045654,-11.101927
1,45,0.000000,0.479437,1.110095
2,45,0.000000,0.462411,1.110095
3,45,0.000000,0.462411,1.110095
4,45,0.000000,0.454245,1.202102
5,45,0.000000,0.452087,0.947347
6,45,0.000000,0.452087,0.961243
7,45,0.000000,0.477981,1.314275
8,45,0.000000,0.477981,1.376964
9,45,0.000000,0.520336,1.434373
10,45,0.000000,0.520336,1.434373
1,46,0.000000,0.146739,-3.167216
2,46,0.000000,0.146739,-3.167216
3,46,0.000000,0.144371,-3.167216
4,46,0.000000,0.144371,-3.167216
5,46,0.000000,0.144371,-3.167216
6,46,0.000000,0.144371,-3.167216
7,46,0.000000,0.164891,-3.167216
8,46,0.000000,0.164891,-3.167216
9,46,0.000000,0.164891,-2.927606
10,46,0.000000,0.193068,-2.798759
1,47,0.000000,0.423520,0.950159
2,47,0.000000,0.423520,0.950159
3,47,0.000000,0.404309,0.950159
4,47,0.000000,0.404309,1.006980
5,47,0.000000,0.410348,1.006980
6,47,0.000000,0.410348,1.006980
7,47,0.000000,0.410348,1.023736
8,47,0.000000,0.421392,1.023736
9,47,0.000000,0.421392,1.023736
10,47,0.000000,0.430593,1.107132
1,48,0.000000,-0.309973,3.594735
2,48,0.000000,-0.358595,3.161350
3,48,0.000000,-0.358595,2.972796
4,48,0.000000,-0.358595,2.972796
5,48,0.000000,-0.362120,3.223840
6,48,0.000000,-0.368793,3.223840
7,48,0.000000,-0.391969,3.015301
8,48,0.000000,-0.315357,3.015301
9,48,0.000000,-0.315357,3.015301
10,48,0.000000,-0.315357,3.015957
1,49,0.000000,0.300298,4.863419
2,49,0.000000,0.359138,4.863419
3,49,0.000000,0.359138,4.863419
4,49,0.000000,0.332791,4.969721
5,49,0.000000,0.361122,4.746563
6,49,0.000000,0.361122,5.041141
7,49,0.000000,0.386203,5.046596
8,49,0.000000,0.271793,4.885248
9,49,0.000000,0.407178,5.081609
10,49,0.000000,0.482122,5.081609
1,50,0.000000,0.582754,1.591945
2,50,0.000000,0.582754,1.591945
3,50,0.000000,0.567979,1.630034
4,50,0.000000,0.567979,1.559705
5,50,0.000000,0.539120,1.559705
6,50,0.000000,0.539272,1.600312
7,50,0.000000,0.567784,1.852111
8,50,0.000000,0.537637,1.684022
9,50,0.000000,0.560321,1.684022
10,50,0.000000,0.552951,1.612192
1,51,0.000000,0.112833,-2.209333
2,51,0.000000,0.114790,-2.144174
3,51,0.000000,0.122899,-2.144174
4,51,0.000000,0.122899,-2.144174
5,51,0.000000,0.109799,-2.177737
6,51,0.000000,0.109799,-2.177737
7,51,0.000000,0.109799,-2.177737
8,51,0.000000,0.109799,-2.177737
9,51,0.000000,0.091759,-2.265586
10,51,0.000000,0.091759,-2.265586
1,52,0.000000,0.428453,-3.244956
2,52,0.000000,0.428453,-3.244956
3,52,0.000000,0.419381,-3.244956
4,52,0.000000,0.431951,-3.212743
5,52,0.000000,0.421525,-3.450362
6,52,0.000000,0.421525,-3.450362
7,52,0.000000,0.421525,-3.450362
8,52,0.000000,0.421525,-3.450362
9,52,0.000000,0.421525,-3.450362
10,52,0.000000,0.399841,-3.597060
1,53,0.000000,0.349259,-3.633218
2,53,0.000000,0.349259,-3.633218
3,53,0.000000,0.394030,-3.464692
4,53,0.000000,0.404725,-3.521301
5,53,0.000000,0.404725,-3.362838
6,53,0.000000,0.390639,-3.601997
7,53,0.000000,0.357739,-3.768855
8,53,0.000000,0.357739,-3.622782
9,53,0.000000,0.328510,-3.833509
10,53,0.000000,0.416968,-3.426343
1,54,0.000000,-0.019207,2.833897
2,54,0.000000,-0.010621,2.927642
3,54,0.000000,-0.032145,3.069392
4,54,0.000000,-0.022362,3.097489
5,54,0.000000,-0.031222,2.967515
6,54,0.000000,-0.061737,2.674057
7,54,0.000000,-0.049814,2.472025
8,54,0.000000,-0.114453,2.472025
9,54,0.000000,-0.114453,2.472025
10,54,0.000000,-0.106825,2.301432
1,55,0.000000,0.686407,-5.845891
2,55,0.000000,0.686407,-5.845891
3,55,0.000000,0.686407,-5.817729
4,55,0.000000,0.637138,-6.116475
5,55,0.000000,0.651629,-5.958801
6,55,0.000000,0.651629,-5.958801
7,55,0.000000,0.645542,-6.046313
8,55,0.000000,0.645542,-6.046313
9,55,0.000000,0.646412,-6.046313
10,55,0.000000,0.646412,-6.046313
1,56,0.000000,0.500918,1.707431
2,56,0.000000,0.539512,1.664573
3,56,0.000000,0.548176,1.607659
4,56,0.000000,0.528578,2.015919
5,56,0.000000,0.508990,1.734077
6,56,0.000000,0.523034,2.255438
7,56,0.000000,0.534254,2.335650
8,56,0.000000,0.534254,2.386409
9,56,0.000000,0.534254,2.151324
10,56,0.000000,0.531303,1.903727
1,57,0.000000,0.032026,0.093702
2,57,0.000000,0.078892,0.216026
3,57,0.000000,0.079736,0.160301
4,57,0.000000,0.079736,0.160301
5,57,0.000000,0.079736,0.427047
6,57,0.000000,0.079736,0.427047
7,57,0.000000,0.116035,0.411739
8,57,0.000000,0.108115,0.569478
9,57,0.000000,0.108115,0.569478
10,57,0.000000,0.108115,0.457553
1,58,0.000000,-0.535831,-10.514391
2,58,0.000000,-0.519517,-10.514391
3,58,0.000000,-0.512704,-10.817310
4,58,0.000000,-0.515808,-10.823269
5,58,0.000000,-0.494549,-10.433270
6,58,0.000000,-0.466849,-9.967138
7,58,0.000000,-0.465764,-10.101867
8,58,0.000000,-0.464374,-9.966658
9,58,0.000000,-0.507792,-10.770960
10,58,0.000000,-0.547961,-10.656729
1,59,0.000000,0.146349,7.193735
2,59,0.000000,0.146349,7.193735
3,59,0.000000,0.146349,7.193735
4,59,0.000000,0.146349,7.193735
5,59,0.000000,0.156373,7.224086
6,59,0.000000,0.139233,6.860995
7,59,0.000000,0.139233,6.860995
8,59,0.000000,0.074709,6.947726
9,59,0.000000,0.074709,6.947726
10,59,0.000000,0.074709,6.947726
1,60,0.000000,0.670858,2.603629
2,60,0.000000,0.687113,2.603629
3,60,0.000000,0.638404,2.688848
4,60,0.000000,0.633563,2.412331
5,60,0.000000,0.689871,2.686770
6,60,0.000000,0.731053,2.824964
7,60,0.000000,0.618113,2.456466
8,60,0.000000,0.645456,2.476499
9,60,0.000000,0.633172,2.591857
10,60,0.000000,0.639396,2.645061
1,61,0.000000,0.595921,-5.634347
2,61,0.000000,0.595921,-5.634347
3,61,0.000000,0.585686,-5.811800
4,61,0.000000,0.558252,-5.784453
5,61,0.000000,0.558252,-5.776459
6,61,0.000000,0.580500,-5.776459
7,61,0.000000,0.546236,-5.776459
8,61,0.000000,0.553365,-5.776459
9,61,0.000000,0.553365,-5.776459
10,61,0.000000,0.553365,-5.776459
1,62,0.000000,0.806107,12.421489
2,62,0.000000,0.806107,12.421489
3,62,0.000000,0.800682,12.421489
4,62,0.000000,0.800682,12.373714
5,62,0.000000,0.806281,12.373714
6,62,0.000000,0.806281,12.373714
7,62,0.000000,0.797093,12.266008
8,62,0.000000,0.797093,12.266008
9,62,0.000000,0.739449,12.266008
10,62,0.000000,0.745554,12.274412
1,63,0.000000,-0.619830,-7.297909
2,63,0.000000,-0.609867,-7.297572
3,63,0.000000,-0.628618,-7.610868
4,63,0.000000,-0.628618,-7.610868
5,63,0.000000,-0.628618,-7.835066
6,63,0.000000,-0.617094,-7.000729
7,63,0.000000,-0.617094,-7.901102
8,63,0.000000,-0.622446,-7.437745
9,63,0.000000,-0.602264,-7.235743
10,63,0.000000,-0.621509,-7.404207
1,64,0.000000,0.045583,1.553952
2,64,0.000000,0.045583,1.627061
3,64,0.000000,0.015310,1.739405
4,64,0.000000,0.015310,1.739405
5,64,0.000000,0.024029,1.625377
6,64,0.000000,0.066507,1.687753
7,64,0.000000,0.038903,1.687753
8,64,0.000000,0.038903,1.687753
9,64,0.000000,0.038903,1.687753
10,64,0.000000,0.024549,1.483596
1,65,0.000000,-0.011321,8.601536
2,65,0.000000,0.067830,8.710339
3,65,0.000000,0.056634,8.712490
4,65,0.000000,0.056634,8.712490
5,65,0.000000,0.014174,8.516357
6,65,0.000000,0.060320,8.516357
7,65,0.000000,0.011817,8.751442
8,65,0.000000,0.036354,8.959576
9,65,0.000000,0.036354,8.899349
10,65,0.000000,0.089294,8.899349
1,66,0.000000,0.604965,1.734148
2,66,0.000000,0.604965,1.734148
3,66,0.000000,0.604965,1.734148
4,66,0.000000,0.604965,1.821302
5,66,0.000000,0.604965,1.810517
6,66,0.000000,0.604965,1.810517
7,66,0.000000,0.604965,1.810517
8,66,0.000000,0.604965,1.679317
9,66,0.000000,0.564256,1.512797
10,66,0.000000,0.576955,1.763856
1,67,0.000000,-0.104962,16.315188
2,67,0.000000,-0.210545,17.251492
3,67,0.000000,-0.196194,17.469303
4,67,0.000000,-0.142314,16.845367
5,67,0.000000,-0.085995,16.927060
6,67,0.000000,-0.145638,16.511316
7,67,0.000000,-0.200880,16.823712
8,67,0.000000,-0.133188,17.392831
9,67,0.000000,-0.228598,16.455868
10,67,0.000000,0.348743,12.858817
1,68,0.000000,-0.562082,2.445789
2,68,0.000000,-0.562082,2.445789
3,68,0.000000,-0.515080,2.386069
4,68,0.000000,-0.487005,2.694361
5,68,0.000000,-0.519519,2.694361
6,68,0.000000,-0.500095,3.004783
7,68,0.000000,-0.500095,3.015989
8,68,0.000000,-0.545774,2.874599
9,68,0.000000,-0.502675,2.991916
10,68,0.000000,-0.502675,2.951587
1,69,0.000000,-0.257938,5.104863
2,69,0.000000,-0.192081,5.105451
3,69,0.000000,-0.259445,5.105451
4,69,0.000000,-0.284315,4.667938
5,69,0.000000,-0.242799,4.718651
6,69,0.000000,-0.242799,4.871696
7,69,0.000000,-0.242799,4.871696
8,69,0.000000,-0.249097,5.020452
9,69,0.000000,-0.249097,5.020452
10,69,0.000000,-0.276109,4.786677
1,70,0.000000,-0.553471,3.534924
2,70,0.000000,-0.542819,3.418438
3,70,0.000000,-0.583212,3.364380
4,70,0.000000,-0.593762,3.405625
5,70,0.000000,-0.581325,3.405625
6,70,0.000000,-0.504092,3.405625
7,70,0.000000,-0.566912,3.606832
8,70,0.000000,-0.533756,3.714970
9,70,0.000000,-0.533756,3.622326
10,70,0.000000,-0.513961,3.448398
1,71,0.000000,-0.892673,3.052794
2,71,0.000000,-0.887382,2.927232
3,71,0.000000,-0.887382,3.296627
4,71,0.000000,-0.772753,3.296627
5,71,0.000000,-0.784753,3.135769
6,71,0.000000,-0.796561,3.459314
7,71,0.000000,-0.796561,3.772630
8,71,0.000000,-0.796561,3.772630
9,71,0.000000,-0.838342,3.661382
10,71,0.000000,-0.875748,3.077545
1,72,0.000000,-0.751419,-4.903970
2,72,0.000000,-0.721859,-4.828559
3,72,0.000000,-0.771696,-4.828559
4,72,0.000000,-0.771696,-5.068387
5,72,0.000000,-0.724405,-4.801264
6,72,0.000000,-0.724405,-4.801264
7,72,0.000000,-0.730811,-4.802352
8,72,0.000000,-0.775097,-5.047269
9,72,0.000000,-0.779927,-5.574619
10,72,0.000000,-0.765877,-5.219473
1,73,0.000000,0.123860,-0.426553
2,73,0.000000,0.091388,-0.426553
3,73,0.000000,0.069269,-0.635914
4,73,0.000000,0.062623,-0.678146
5,73,0.000000,0.062623,-0.710724
6,73,0.000000,0.074290,-0.599288
7,73,0.000000,0.074290,-0.599288
8,73,0.000000,0.074290,-0.615000
9,73,0.000000,0.084207,-0.766823
10,73,0.000000,0.098493,-0.425572
1,74,0.000000,0.187454,5.770892
2,74,0.000000,0.187454,5.570879
3,74,0.000000,0.187454,5.570879
4,74,0.000000,0.261520,5.699470
5,74,0.000000,0.175783,5.699470
6,74,0.000000,0.224219,5.699470
7,74,0.000000,0.238130,5.699470
8,74,0.000000,0.222343,5.875363
9,74,0.000000,0.186878,5.875363
10,74,0.000000,0.179139,5.554053
1,75,0.000000,-0.628059,-1.223271
2,75,0.000000,-0.699044,-1.650082
3,75,0.000000,-0.683261,-1.779079
4,75,0.000000,-0.685215,-1.920478
5,75,0.000000,-0.695252,-1.587397
6,75,0.000000,-0.694252,-1.683562
7,75,0.000000,-0.667133,-1.683562
8,75,0.000000,-0.738846,-1.936301
9,75,0.000000,-0.693552,-1.632006
10,75,0.000000,-0.684987,-1.632006
1,76,0.000000,0.129232,2.887340
2,76,0.000000,0.087383,3.550005
3,76,0.000000,0.076158,3.320339
4,76,0.000000,0.132345,3.240813
5,76,0.000000,0.171665,3.204820
6,76,0.000000,0.085649,3.547837
7,76,0.000000,0.142953,3.466385
8,76,0.000000,-0.011814,3.874951
9,76,0.000000,0.043205,3.820211
10,76,0.000000,0.003337,3.500582
1,77,0.000000,0.274352,-7.300324
2,77,0.000000,0.274352,-7.300324
3,77,0.000000,0.274352,-7.337689
4,77,0.000000,0.266225,-7.301241
5,77,0.000000,0.233527,-7.610818
6,77,0.000000,0.258617,-7.610818
7,77,0.000000,0.306689,-7.500067
8,77,0.000000,0.306689,-7.448221
9,77,0.000000,0.261200,-7.416340
10,77,0.000000,0.248259,-7.416340
1,78,0.000000,0.572845,6.133207
2,78,0.000000,0.668360,6.341755
3,78,0.000000,0.669589,6.435786
4,78,0.000000,0.669589,6.435786
5,78,0.000000,0.669589,6.317052
6,78,0.000000,0.627022,6.242666
7,78,0.000000,0.627022,6.242666
8,78,0.000000,0.628809,6.213276
9,78,0.000000,0.628809,6.213276
10,78,0.000000,0.628809,6.218978
1,79,0.000000,-0.428560,-3.914280
2,79,0.000000,-0.428560,-3.914280
3,79,0.000000,-0.416856,-3.950593
4,79,0.000000,-0.416856,-3.950593
5,79,0.000000,-0.448475,-3.916699
6,79,0.000000,-0.442897,-3.916699
7,79,0.000000,-0.424593,-3.905391
8,79,0.000000,-0.424593,-3.905391
9,79,0.000000,-0.440673,-4.081691
10,79,0.000000,-0.440673,-4.081691
1,80,0.000000,0.251375,18.647407
2,80,0.000000,-0.044769,18.517476
3,80,0.000000,0.048351,20.221655
4,80,0.000000,-0.016171,18.173735
5,80,0.000000,0.251798,17.034984
6,80,0.000000,0.387835,18.137444
7,80,0.000000,0.541346,16.425470
8,80,0.000000,0.411908,14.943651
9,80,0.000000,0.511402,15.313733
10,80,0.000000,0.514158,15.205799
1,81,0.000000,-0.249429,-6.563734
2,81,0.000000,-0.249429,-6.563734
3,81,0.000000,-0.305029,-6.918125
4,81,0.000000,-0.305029,-6.986682
5,81,0.000000,-0.319914,-7.349858
6,81,0.000000,-0.319914,-7.349858
7,81,0.000000,-0.319914,-7.349858
8,81,0.000000,-0.354056,-7.492561
9,81,0.000000,-0.354056,-7.820658
10,81,0.000000,-0.338332,-7.554689
1,82,0.000000,-0.249954,0.292707
2,82,0.000000,-0.263024,-0.077607
3,82,0.000000,-0.263024,-0.077607
4,82,0.000000,-0.291843,-0.292872
5,82,0.000000,-0.233412,0.474958
6,82,0.000000,-0.233412,0.474958
7,82,0.000000,-0.239823,0.474958
8,82,0.000000,-0.217253,0.570312
9,82,0.000000,-0.218761,0.570312
10,82,0.000000,-0.177958,0.388527
1,83,0.000000,-0.135907,-0.427780
2,83,0.000000,-0.183060,-0.714965
3,83,0.000000,-0.100856,-0.835192
4,83,0.000000,-0.212026,-0.484280
5,83,0.000000,-0.216953,-0.725938
6,83,0.000000,-0.117869,-0.725938
7,83,0.000000,-0.193530,-0.569412
8,83,0.000000,-0.161858,-0.634963
9,83,0.000000,-0.179223,-0.729399
10,83,0.000000,-0.127557,-0.753337
1,84,0.000000,-0.299579,-6.638687
2,84,0.000000,-0.299579,-6.638687
3,84,0.000000,-0.364201,-7.506052
4,84,0.000000,-0.364201,-7.001197
5,84,0.000000,-0.346879,-6.906183
6,84,0.000000,-0.352701,-6.875367
7,84,0.000000,-0.352701,-6.875367
8,84,0.000000,-0.333116,-6.875367
9,84,0.000000,-0.360287,-6.875367
10,84,0.000000,-0.312732,-6.797121
1,85,0.000000,-0.974777,-3.120412
2,85,0.000000,-0.983429,-3.037590
3,85,0.000000,-0.985776,-3.925564
4,85,0.000000,-0.972297,-3.060584
5,85,0.000000,-0.962027,-3.046461
6,85,0.000000,-0.916507,-2.960485
7,85,0.000000,-0.849111,-2.604819
8,85,0.000000,-0.853934,-3.144565
9,85,0.000000,-0.718952,-1.999966
10,85,0.000000,-0.823683,-2.379986
1,86,0.000000,0.299892,4.521463
2,86,0.000000,0.300134,4.804020
3,86,0.000000,0.298295,4.804020
4,86,0.000000,0.298295,4.464346
5,86,0.000000,0.298295,4.464346
6,86,0.000000,0.272355,4.464706
7,86,0.000000,0.272355,4.464706
8,86,0.000000,0.272355,4.463387
9,86,0.000000,0.294110,4.463387
10,86,0.000000,0.294110,4.463387
1,87,0.000000,0.656757,-6.248818
2,87,0.000000,0.675606,-6.248818
3,87,0.000000,0.602684,-6.248818
4,87,0.000000,0.644078,-6.357394
5,87,0.000000,0.599635,-6.357394
6,87,0.000000,0.607554,-6.357394
7,87,0.000000,0.629735,-6.254069
8,87,0.000000,0.629735,-6.248777
9,87,0.000000,0.629735,-6.248777
10,87,0.000000,0.629735,-6.248777
1,88,0.000000,-0.087425,-1.297812
2,88,0.000000,-0.087425,-1.220024
3,88,0.000000,-0.039048,-0.725834
4,88,0.000000,-0.039048,-0.725834
5,88,0.000000,-0.083391,-1.271078
6,88,0.000000,-0.085286,-1.022318
7,88,0.000000,-0.068553,-0.705696
8,88,0.000000,-0.059272,-0.974651
9,88,0.000000,-0.075894,-0.974651
10,88,0.000000,-0.076100,-0.974651
1,89,0.000000,-0.068910,-12.853935
2,89,0.000000,-0.069165,-12.775712
3,89,0.000000,-0.069165,-12.730929
4,89,0.000000,-0.070867,-12.732673
5,89,0.000000,-0.056658,-12.734360
6,89,0.000000,-0.056093,-12.630964
7,89,0.000000,-0.035730,-12.630964
8,89,0.000000,-0.041577,-12.577997
9,89,0.000000,-0.041577,-12.577997
10,89,0.000000,-0.041577,-12.577997
1,90,0.000000,0.417689,8.223690
2,90,0.000000,0.396937,8.223690
3,90,0.000000,0.394085,8.136209
4,90,0.000000,0.428486,8.331444
5,90,0.000000,0.403122,8.389763
6,90,0.000000,0.306280,8.220988
7,90,0.000000,0.306280,8.220988
8,90,0.000000,0.424685,8.220988
9,90,0.000000,0.424685,8.220988
10,90,0.000000,0.338749,8.220988
1,91,0.000000,0.047670,7.785941
2,91,0.000000,0.089570,7.256987
3,91,0.000000,-0.008072,7.194485
4,91,0.000000,-0.029306,7.873946
5,91,0.000000,-0.076191,8.528165
6,91,0.000000,-0.215679,9.476763
7,91,0.000000,-0.277801,9.139439
8,91,0.000000,-0.275939,9.121073
9,91,0.000000,-0.215623,9.052022
10,91,0.000000,-0.212681,9.050812
1,92,0.000000,-0.429111,-8.794603
2,92,0.000000,-0.404676,-8.794603
3,92,0.000000,-0.420473,-9.030261
4,92,0.000000,-0.443487,-8.923540
5,92,0.000000,-0.443063,-9.144271
6,92,0.000000,-0.432203,-8.845699
7,92,0.000000,-0.433586,-8.845699
8,92,0.000000,-0.390783,-8.629907
9,92,0.000000,-0.366454,-8.447331
10,92,0.000000,-0.372055,-8.342239
1,93,0.000000,-0.139726,-9.862970
2,93,0.000000,-0.093724,-9.495845
3,93,0.000000,-0.125798,-9.885264
4,93,0.000000,-0.126302,-9.885264
5,93,0.000000,-0.089859,-9.464088
6,93,0.000000,-0.089945,-9.088782
7,93,0.000000,-0.091963,-9.059290
8,93,0.000000,-0.099888,-9.459263
9,93,0.000000,-0.090802,-9.128056
10,93,0.000000,-0.142076,-10.012554
1,94,0.000000,0.048698,8.791042
2,94,0.000000,0.012170,8.617289
3,94,0.000000,0.009419,8.475888
4,94,0.000000,0.032663,8.693736
5,94,0.000000,0.029308,8.701031
6,94,0.000000,0.029308,8.701031
7,94,0.000000,0.057164,8.701031
8,94,0.000000,0.088127,9.018452
9,94,0.000000,0.033994,8.867273
10,94,0.000000,0.075213,9.041020
1,95,0.000000,-0.063911,-6.204471
2,95,0.000000,-0.094946,-6.387282
3,95,0.000000,-0.094946,-6.387282
4,95,0.000000,-0.091537,-6.387282
5,95,0.000000,-0.078309,-6.205708
6,95,0.000000,-0.127976,-6.576079
7,95,0.000000,-0.103168,-6.712149
8,95,0.000000,-0.103168,-6.691942
9,95,0.000000,-0.103168,-6.591338
10,95,0.000000,-0.103168,-6.591338
1,96,0.000000,0.197833,-3.181412
2,96,0.000000,0.197316,-3.697702
3,96,0.000000,0.197316,-3.697702
4,96,0.000000,0.167367,-3.973649
5,96,0.000000,0.292219,-2.785264
6,96,0.000000,0.292219,-2.297076
7,96,0.000000,0.289923,-2.677720
8,96,0.000000,0.244612,-2.994000
9,96,0.000000,0.248763,-3.058908
10,96,0.000000,0.243651,-3.058908
1,97,0.000000,0.007319,1.064764
2,97,0.000000,0.007319,1.064764
3,97,0.000000,0.004735,1.064764
4,97,0.000000,0.004735,1.378215
5,97,0.000000,0.004735,1.135830
6,97,0.000000,0.004735,1.192663
7,97,0.000000,-0.015193,1.239705
8,97,0.000000,-0.015193,1.239705
9,97,0.000000,-0.024569,1.139440
10,97,0.000000,-0.045825,0.843241
1,98,0.000000,0.406858,-7.113163
2,98,0.000000,0.406312,-7.113163
3,98,0.000000,0.406312,-7.113163
4,98,0.000000,0.406312,-7.113163
5,98,0.000000,0.408762,-7.107487
6,98,0.000000,0.455484,-6.851789
7,98,0.000000,0.452650,-6.800002
8,98,0.000000,0.452650,-6.800002
9,98,0.000000,0.450615,-6.800002
10,98,0.000000,0.445271,-6.800002
1,99,0.000000,-0.105280,6.417895
2,99,0.000000,-0.198468,6.661669
3,99,0.000000,-0.137696,6.043461
4,99,0.000000,-0.168499,6.027093
5,99,0.000000,0.000366,6.250405
6,99,0.000000,0.020970,6.101799
7,99,0.000000,-0.137224,5.610822
8,99,0.000000,-0.066834,6.033298
9,99,0.000000,-0.108848,6.307178
10,99,0.000000,-0.172765,5.957336
1,100,0.000000,0.340945,-2.075361
2,100,0.000000,0.340945,-2.189240
3,100,0.000000,0.333838,-2.102755
4,100,0.000000,0.333838,-2.102755
5,100,0.000000,0.396237,-1.937428
6,100,0.000000,0.396237,-1.937428
7,100,0.000000,0.348416,-1.854342
8,100,0.000000,0.387780,-1.814195
9,100,0.000000,0.387780,-1.814195
10,100,0.000000,0.398096,-1.814195
1,101,0.000000,0.632633,-2.482496
2,101,0.000000,0.647416,-2.389505
3,101,0.000000,0.649855,-2.376025
4,101,0.000000,0.649855,-2.376025
5,101,0.000000,0.622643,-2.396819
6,101,0.000000,0.622643,-2.390980
7,101,0.000000,0.642615,-2.299789
8,101,0.000000,0.655114,-2.214473
9,101,0.000000,0.655114,-2.214473
10,101,0.000000,0.652237,-2.257749
1,102,0.000000,0.074282,5.912786
2,102,0.000000,-0.038392,5.245839
3,102,0.000000,0.027217,5.245839
4,102,0.000000,0.018456,4.565954
5,102,0.000000,0.069384,4.747644
6,102,0.000000,-0.026606,5.318328
7,102,0.000000,0.014596,5.339536
8,102,0.000000,-0.015619,5.995270
9,102,0.000000,-0.159311,6.551336
10,102,0.000000,-0.189084,6.431197
1,103,0.000000,0.093166,10.843699
2,103,0.000000,0.039574,10.907165
3,103,0.000000,0.068435,11.373008
4,103,0.000000,0.046839,11.067179
5,103,0.000000,0.154352,10.987711
6,103,0.000000,0.209639,10.193332
7,103,0.000000,0.307343,10.057539
8,103,0.000000,0.359498,10.057539
9,103,0.000000,0.359498,10.057539
10,103,0.000000,0.350470,10.234222
1,104,0.000000,0.462333,-3.701948
2,104,0.000000,0.424957,-3.701948
3,104,0.000000,0.424957,-3.701948
4,104,0.000000,0.421191,-3.656068
5,104,0.000000,0.409644,-3.902698
6,104,0.000000,0.437193,-3.902698
7,104,0.000000,0.437193,-3.759183
8,104,0.000000,0.437193,-3.759183
9,104,0.000000,0.437193,-3.759183
10,104,0.000000,0.437252,-3.759183
1,105,0.000000,0.017577,10.836256
2,105,0.000000,0.024137,10.799345
3,105,0.000000,0.196566,10.799345
4,105,0.000000,0.058997,10.720182
5,105,0.000000,-0.040841,10.770686
6,105,0.000000,-0.045671,11.168766
7,105,0.000000,-0.060751,11.168766
8,105,0.000000,-0.060751,11.223160
9,105,0.000000,0.113308,10.579040
10,105,0.000000,0.076336,10.948940
1,106,0.000000,1.233132,4.014602
2,106,0.000000,1.160530,4.014602
3,106,0.000000,1.160530,4.014602
4,106,0.000000,1.127919,4.019299
5,106,0.000000,1.127919,4.019299
6,106,0.000000,1.198178,4.019299
7,106,0.000000,1.165861,4.019299
8,106,0.000000,1.194227,4.019299
9,106,0.000000,1.203357,4.126264
10,106,0.000000,1.283424,4.126264
1,107,0.000000,-0.677192,-14.556554
2,107,0.000000,-0.650130,-14.214944
3,107,0.000000,-0.650130,-14.042173
4,107,0.000000,-0.685739,-14.507238
5,107,0.000000,-0.714682,-14.905461
6,107,0.000000,-0.685499,-14.418064
7,107,0.000000,-0.685499,-14.579778
8,107,0.000000,-0.718109,-14.729775
9,107,0.000000,-0.716837,-15.321858
10,107,0.000000,-0.716837,-15.321858
1,108,0.000000,0.658553,-1.251504
2,108,0.000000,0.548202,-1.097037
3,108,0.000000,0.746114,-1.097037
4,108,0.000000,0.726970,-1.555889
5,108,0.000000,0.530748,-0.870004
6,108,0.000000,0.761246,-1.205754
7,108,0.000000,0.770797,-1.205754
8,108,0.000000,0.765273,-1.205754
9,108,0.000000,0.778100,-1.205754
10,108,0.000000,0.789155,-1.205754
1,109,0.000000,0.410129,-2.684250
2,109,0.000000,0.400482,-2.929711
3,109,0.000000,0.400482,-2.929711
4,109,0.000000,0.465096,-2.872168
5,109,0.000000,0.454979,-2.871864
6,109,0.000000,0.410453,-2.811666
7,109,0.000000,0.385321,-2.811666
8,109,0.000000,0.419468,-2.727240
9,109,0.000000,0.417318,-2.727240
10,109,0.000000,0.417318,-2.845690
1,110,0.000000,-0.716013,-9.622426
2,110,0.000000,-0.727355,-9.713635
3,110,0.000000,-0.730681,-9.729487
4,110,0.000000,-0.730681,-10.004866
5,110,0.000000,-0.730681,-10.004866
6,110,0.000000,-0.707508,-10.005631
7,110,0.000000,-0.705401,-9.980795
8,110,0.000000,-0.692577,-9.733120
9,110,0.000000,-0.701768,-9.484420
10,110,0.000000,-0.707260,-9.484420
1,111,0.000000,0.240969,-13.825670
2,111,0.000000,0.249162,-13.657773
3,111,0.000000,0.249162,-13.599232
4,111,0.000000,0.249162,-13.649347
5,111,0.000000,0.163068,-13.423623
6,111,0.000000,0.315605,-13.423623
7,111,0.000000,0.320423,-13.204036
8,111,0.000000,0.314963,-13.088121
9,111,0.000000,0.314963,-13.088121
10,111,0.000000,0.318969,-13.410624
1,112,0.000000,-0.470247,-3.575311
2,112,0.000000,-0.455139,-3.740414
3,112,0.000000,-0.488328,-3.783323
4,112,0.000000,-0.488328,-3.751559
5,112,0.000000,-0.488328,-3.806538
6,112,0.000000,-0.493267,-3.806538
7,112,0.000000,-0.493267,-4.129984
8,112,0.000000,-0.484825,-3.585928
9,112,0.000000,-0.511614,-3.725261
10,112,0.000000,-0.437483,-3.336613
1,113,0.000000,0.326052,-1.113545
2,113,0.000000,0.364953,-0.975960
3,113,0.000000,0.330634,-1.044462
4,113,0.000000,0.330634,-1.044462
5,113,0.000000,0.293812,-1.301850
6,113,0.000000,0.293812,-1.301850
7,113,0.000000,0.293812,-1.301850
8,113,0.000000,0.330958,-1.090826
9,113,0.000000,0.330958,-1.187115
10,113,0.000000,0.310369,-1.254262
1,114,0.000000,-0.834136,-7.824072
2,114,0.000000,-0.834136,-7.550403
3,114,0.000000,-0.834136,-7.536600
4,114,0.000000,-0.820622,-7.335921
5,114,0.000000,-0.778294,-6.788724
6,114,0.000000,-0.778294,-6.788724
7,114,0.000000,-0.778294,-6.788724
8,114,0.000000,-0.778294,-7.229756
9,114,0.000000,-0.838088,-7.340897
10,114,0.000000,-0.807174,-6.844330
1,115,0.000000,-0.120266,-0.802779
2,115,0.000000,-0.122139,-1.005414
3,115,0.000000,-0.136486,-1.230105
4,115,0.000000,-0.178806,-1.304103
5,115,0.000000,-0.147572,-1.315876
6,115,0.000000,-0.171303,-1.226560
7,115,0.000000,-0.171303,-1.226560
8,115,0.000000,-0.123095,-1.060029
9,115,0.000000,-0.190456,-1.060029
10,115,0.000000,-0.190456,-1.453713
1,116,0.000000,0.219141,-7.366719
2,116,0.000000,0.224835,-7.366719
3,116,0.000000,0.224835,-7.450163
4,116,0.000000,0.224835,-7.450163
5,116,0.000000,0.224835,-7.450163
6,116,0.000000,0.224835,-7.450163
7,116,0.000000,0.224835,-7.450163
8,116,0.000000,0.224835,-7.418627
9,116,0.000000,0.224835,-7.428058
10,116,0.000000,0.224835,-7.428058
1,117,0.000000,0.071915,9.035439
2,117,0.000000,0.085074,9.606236
3,117,0.000000,0.109963,9.606236
4,117,0.000000,0.103173,9.718908
5,117,0.000000,0.121526,9.964351
6,117,0.000000,0.205718,9.742125
7,117,0.000000,0.154673,9.626237
8,117,0.000000,0.077989,9.701887
9,117,0.000000,0.092664,9.666972
10,117,0.000000,0.118693,9.666972
1,118,0.000000,-1.124903,13.056173
2,118,0.000000,-1.151955,13.521851
3,118,0.000000,-1.209432,14.772939
4,118,0.000000,-1.181769,13.357725
5,118,0.000000,-1.221065,13.618481
6,118,0.000000,-1.241125,14.160559
7,118,0.000000,-1.282086,13.243205
8,118,0.000000,-1.295566,14.859826
9,118,0.000000,-1.244219,14.593786
10,118,0.000000,-1.245409,14.436210
1,119,0.000000,1.021626,-5.199343
2,119,0.000000,1.021626,-5.199343
3,119,0.000000,1.021626,-5.199343
4,119,0.000000,1.033891,-5.199343
5,119,0.000000,1.052961,-5.045448
6,119,0.000000,1.052961,-5.130755
7,119,0.000000,1.104618,-4.839678
8,119,0.000000,1.104618,-4.885436
9,119,0.000000,1.104618,-4.885436
10,119,0.000000,1.104618,-4.885436
1,120,0.000000,0.689950,13.638222
2,120,0.000000,0.860048,12.828964
3,120,0.000000,0.695559,13.305603
4,120,0.000000,0.761021,13.789173
5,120,0.000000,0.503998,13.345035
6,120,0.000000,0.627406,13.272502
7,120,0.000000,0.794825,13.047762
8,120,0.000000,0.813310,13.102516
9,120,0.000000,0.683185,12.961168
10,120,0.000000,0.576041,12.948720
1,121,0.000000,-0.011484,-3.568801
2,121,0.000000,-0.011484,-3.568801
3,121,0.000000,-0.011484,-3.568801
4,121,0.000000,0.006431,-3.455579
5,121,0.000000,0.064746,-3.292135
6,121,0.000000,0.047151,-3.292135
7,121,0.000000,0.047151,-3.292135
8,121,0.000000,-0.002706,-3.560730
9,121,0.000000,0.005226,-3.259013
10,121,0.000000,0.030914,-3.243774
1,122,0.000000,-0.122081,12.648849
2,122,0.000000,-0.163260,12.685888
3,122,0.000000,-0.212809,12.685888
4,122,0.000000,-0.129958,12.689984
5,122,0.000000,-0.224649,12.655018
6,122,0.000000,-0.196220,12.533121
7,122,0.000000,-0.227924,12.583056
8,122,0.000000,-0.153032,12.464347
9,122,0.000000,-0.089992,12.824973
10,122,0.000000,-0.094186,12.582887
1,123,0.000000,-0.011056,15.537462
2,123,0.000000,-0.009854,15.643452
3,123,0.000000,0.160897,15.575298
4,123,0.000000,0.046878,15.575298
5,123,0.000000,0.031291,15.525060
6,123,0.000000,-0.073657,15.205532
7,123,0.000000,0.030925,15.638314
8,123,0.000000,0.053572,15.218360
9,123,0.000000,0.053670,15.732397
10,123,0.000000,0.160128,15.738237
1,124,0.000000,-0.006128,9.342584
2,124,0.000000,-0.084211,9.019949
3,124,0.000000,-0.110085,9.019949
4,124,0.000000,-0.050044,9.642691
5,124,0.000000,-0.029949,9.135700
6,124,0.000000,-0.029949,9.050790
7,124,0.000000,0.040169,9.384408
8,124,0.000000,0.019837,9.358060
9,124,0.000000,-0.039762,9.070372
10,124,0.000000,-0.075930,9.049995
1,125,0.000000,0.156230,4.248934
2,125,0.000000,0.108306,3.971406
3,125,0.000000,0.108306,3.971406
4,125,0.000000,0.102300,3.851471
5,125,0.000000,0.091283,3.851471
6,125,0.000000,0.091283,3.851471
7,125,0.000000,0.113845,4.253419
8,125,0.000000,0.128550,4.326977
9,125,0.000000,0.128550,3.982200
10,125,0.000000,0.145290,4.177515
1,126,0.000000,-0.739702,-0.803926
2,126,0.000000,-0.717012,-1.123672
3,126,0.000000,-0.716016,-0.897425
4,126,0.000000,-0.716016,-0.897425
5,126,0.000000,-0.682974,-0.568028
6,126,0.000000,-0.663616,-0.293803
7,126,0.000000,-0.650366,-0.486121
8,126,0.000000,-0.717339,-1.378103
9,126,0.000000,-0.717339,-0.511551
10,126,0.000000,-0.717339,-0.748405
1,127,0.000000,-0.475323,7.232057
2,127,0.000000,-0.393845,7.612511
3,127,0.000000,-0.456854,7.201756
4,127,0.000000,-0.497659,7.201756
5,127,0.000000,-0.461151,7.704055
6,127,0.000000,-0.408698,6.890859
7,127,0.000000,-0.306190,7.409025
8,127,0.000000,-0.598411,7.687996
9,127,0.000000,-0.545360,7.991587
10,127,0.000000,-0.587025,7.954854
1,128,0.000000,-1.196577,6.021452
2,128,0.000000,-1.270710,5.776493
3,128,0.000000,-1.272299,5.549563
4,128,0.000000,-1.228659,5.647780
5,128,0.000000,-1.215058,7.010713
6,128,0.000000,-1.179816,6.354196
7,128,0.000000,-1.103907,7.487331
8,128,0.000000,-1.237691,7.486214
9,128,0.000000,-1.191537,7.034507
10,128,0.000000,-1.249677,6.097361
1,129,0.000000,0.403074,13.649977
2,129,0.000000,0.296743,13.448215
3,129,0.000000,0.406018,13.448215
4,129,0.000000,0.426016,13.555292
5,129,0.000000,0.426016,13.555292
6,129,0.000000,0.446931,13.746332
7,129,0.000000,0.316643,13.746332
8,129,0.000000,0.306022,13.427886
9,129,0.000000,0.411398,13.648026
10,129,0.000000,0.416265,13.656697
1,130,0.000000,-0.740231,10.418527
2,130,0.000000,-0.661123,10.418527
3,130,0.000000,-0.670945,10.418527
4,130,0.000000,-0.723767,10.180797
5,130,0.000000,-0.665226,9.718826
6,130,0.000000,-0.638042,10.261242
7,130,0.000000,-0.701573,10.578910
8,130,0.000000,-0.652443,10.356677
9,130,0.000000,-0.668099,10.343027
10,130,0.000000,-0.683693,9.946725
1,131,0.000000,0.372314,-7.957090
2,131,0.000000,0.394457,-7.957090
3,131,0.000000,0.403701,-7.850862
4,131,0.000000,0.403701,-7.898347
5,131,0.000000,0.403701,-7.898347
6,131,0.000000,0.403701,-7.898347
7,131,0.000000,0.403701,-7.898347
8,131,0.000000,0.424454,-7.957713
9,131,0.000000,0.385244,-7.993434
10,131,0.000000,0.427365,-7.812779
1,132,0.000000,-0.539001,-4.083311
2,132,0.000000,-0.578218,-4.434013
3,132,0.000000,-0.494814,-3.251388
4,132,0.000000,-0.494814,-3.251388
5,132,0.000000,-0.508736,-3.313010
6,132,0.000000,-0.531883,-3.313010
7,132,0.000000,-0.560512,-3.698496
8,132,0.000000,-0.527391,-3.864259
9,132,0.000000,-0.495397,-3.647355
10,132,0.000000,-0.509464,-3.522653
1,133,0.000000,0.250040,0.906568
2,133,0.000000,0.250040,0.906568
3,133,0.000000,0.250040,0.906568
4,133,0.000000,0.250040,0.746338
5,133,0.000000,0.250040,0.987834
6,133,0.000000,0.268286,1.036790
7,133,0.000000,0.268286,1.036790
8,133,0.000000,0.256075,0.942494
9,133,0.000000,0.229480,0.706451
10,133,0.000000,0.229480,0.706451
1,134,0.000000,0.411917,5.782102
2,134,0.000000,0.391209,5.789396
3,134,0.000000,0.400571,5.822821
4,134,0.000000,0.295495,6.017340
5,134,0.000000,0.290021,5.739268
6,134,0.000000,0.251969,6.555633
7,134,0.000000,0.251969,6.265482
8,134,0.000000,0.251969,6.265482
9,134,0.000000,0.270131,6.075000
10,134,0.000000,0.370797,6.075000
1,135,0.000000,-0.775647,2.290162
2,135,0.000000,-0.786760,2.134134
3,135,0.000000,-0.852521,2.099303
4,135,0.000000,-0.765911,1.851313
5,135,0.000000,-0.850329,1.816689
6,135,0.000000,-0.906993,1.669311
7,135,0.000000,-0.804428,2.038207
8,135,0.000000,-0.935166,1.851018
9,135,0.000000,-0.813634,2.125301
10,135,0.000000,-0.782841,1.646398
1,136,0.000000,1.264492,0.124743
2,136,0.000000,1.271494,0.124743
3,136,0.000000,1.271494,0.124743
4,136,0.000000,1.282666,0.265187
5,136,0.000000,1.324102,0.265187
6,136,0.000000,1.227199,0.228333
7,136,0.000000,1.227199,0.228333
8,136,0.000000,1.210007,0.132889
9,136,0.000000,1.222455,0.285473
10,136,0.000000,1.196021,0.285473
1,137,0.000000,-0.004671,4.299538
2,137,0.000000,0.044551,4.903839
3,137,0.000000,0.073757,4.314238
4,137,0.000000,0.101659,4.126749
5,137,0.000000,0.100873,4.649719
6,137,0.000000,0.138435,4.055807
7,137,0.000000,0.011984,4.249132
8,137,0.000000,0.011984,4.559504
9,137,0.000000,0.011984,4.228727
10,137,0.000000,0.079941,4.158598
1,138,0.000000,1.371482,-2.768046
2,138,0.000000,1.310488,-2.725272
3,138,0.000000,1.310488,-2.725272
4,138,0.000000,1.367730,-2.725272
5,138,0.000000,1.367730,-2.725272
6,138,0.000000,1.275949,-2.816431
7,138,0.000000,1.275949,-2.816431
8,138,0.000000,1.275949,-2.831357
9,138,0.000000,1.275949,-2.826980
10,138,0.000000,1.275949,-2.826980
1,139,0.000000,-0.345431,-16.101087
2,139,0.000000,-0.345431,-16.101087
3,139,0.000000,-0.345431,-16.101087
4,139,0.000000,-0.348514,-16.171212
5,139,0.000000,-0.359743,-16.132031
6,139,0.000000,-0.359743,-16.227903
7,139,0.000000,-0.379109,-16.464208
8,139,0.000000,-0.390245,-16.793804
9,139,0.000000,-0.390305,-16.793804
10,139,0.000000,-0.402260,-16.793804
1,140,0.000000,-0.922556,6.299802
2,140,0.000000,-0.954678,5.881319
3,140,0.000000,-0.906520,5.404397
4,140,0.000000,-0.803528,5.819189
5,140,0.000000,-0.794297,5.861092
6,140,0.000000,-0.775479,5.645361
7,140,0.000000,-0.806082,5.646415
8,140,0.000000,-0.722709,5.646415
9,140,0.000000,-0.669110,5.337721
10,140,0.000000,-0.914679,6.014123
1,141,0.000000,-0.265365,-0.613256
2,141,0.000000,-0.265365,-0.613256
3,141,0.000000,-0.265365,-0.613256
4,141,0.000000,-0.268391,-0.809054
5,141,0.000000,-0.268391,-0.809054
6,141,0.000000,-0.300258,-0.860525
7,141,0.000000,-0.307134,-0.860525
8,141,0.000000,-0.307134,-1.040088
9,141,0.000000,-0.299075,-1.040088
10,141,0.000000,-0.299045,-0.909429
1,142,0.000000,0.097382,-12.658060
2,142,0.000000,0.120803,-12.479712
3,142,0.000000,0.129626,-12.479712
4,142,0.000000,0.129626,-12.379800
5,142,0.000000,0.129626,-12.328536
6,142,0.000000,0.129626,-12.328536
7,142,0.000000,0.129626,-12.328536
8,142,0.000000,0.129626,-12.230535
9,142,0.000000,0.141429,-12.230535
10,142,0.000000,0.111208,-12.408739
1,143,0.000000,0.166532,4.623520
2,143,0.000000,0.211046,4.845049
3,143,0.000000,0.275760,4.845049
4,143,0.000000,0.214308,4.483888
5,143,0.000000,0.088420,4.659802
6,143,0.000000,0.152178,4.659802
7,143,0.000000,0.237336,4.659802
8,143,0.000000,0.226351,4.765462
9,143,0.000000,0.170574,4.939726
10,143,0.000000,0.201120,4.620590
1,144,0.000000,-0.425742,-7.348358
2,144,0.000000,-0.386754,-6.626642
3,144,0.000000,-0.397475,-7.007414
4,144,0.000000,-0.377920,-6.732935
5,144,0.000000,-0.360522,-6.315977
6,144,0.000000,-0.357135,-6.228553
7,144,0.000000,-0.357135,-6.228553
8,144,0.000000,-0.357135,-6.228553
9,144,0.000000,-0.373227,-6.349752
10,144,0.000000,-0.373227,-6.349752
1,145,0.000000,0.531875,12.150304
2,145,0.000000,0.693846,11.420772
3,145,0.000000,-0.269647,16.201572
4,145,0.000000,-0.225132,16.338651
5,145,0.000000,-0.166129,15.021677
6,145,0.000000,-0.140348,15.741360
7,145,0.000000,-0.179432,16.101362
8,145,0.000000,-0.162214,17.097537
9,145,0.000000,0.088034,15.791150
10,145,0.000000,0.085715,16.973283
1,146,0.000000,0.137795,-2.978885
2,146,0.000000,0.133579,-3.145363
3,146,0.000000,0.133579,-2.963333
4,146,0.000000,0.138992,-2.799774
5,146,0.000000,0.121055,-3.302450
6,146,0.000000,0.114836,-3.152479
7,146,0.000000,0.114836,-3.152479
8,146,0.000000,0.132746,-2.985436
9,146,0.000000,0.132746,-3.060433
10,146,0.000000,0.132746,-3.060433
1,147,0.000000,0.500924,-11.594459
2,147,0.000000,0.500924,-11.594459
3,147,0.000000,0.500924,-11.594459
4,147,0.000000,0.479260,-11.753410
5,147,0.000000,0.479260,-11.674043
6,147,0.000000,0.479260,-11.674043
7,147,0.000000,0.479260,-11.674043
8,147,0.000000,0.491247,-11.447986
9,147,0.000000,0.548093,-11.360424
10,147,0.000000,0.548093,-11.161137
1,148,0.000000,-0.112745,-2.779601
2,148,0.000000,-0.080769,-2.492565
3,148,0.000000,-0.080769,-2.492565
4,148,0.000000,-0.037967,-1.874223
5,148,0.000000,-0.038814,-1.874223
6,148,0.000000,-0.023055,-1.786077
7,148,0.000000,-0.052798,-2.528990
8,148,0.000000,-0.080546,-2.681303
9,148,0.000000,-0.080546,-2.521579
10,148,0.000000,-0.118631,-2.578178
1,149,0.000000,0.029365,1.664974
2,149,0.000000,0.021495,1.697360
3,149,0.000000,0.005537,1.697360
4,149,0.000000,0.005537,1.697360
5,149,0.000000,-0.000409,1.697360
6,149,0.000000,0.012685,1.821900
7,149,0.000000,0.020345,1.780579
8,149,0.000000,0.020345,1.760215
9,149,0.000000,0.006605,1.760215
10,149,0.000000,0.019982,1.760215
1,150,0.000000,0.043646,1.637490
2,150,0.000000,0.037287,1.637490
3,150,0.000000,-0.063078,2.038429
4,150,0.000000,-0.029893,1.909423
5,150,0.000000,-0.029893,2.026893
6,150,0.000000,0.007477,1.800212
7,150,0.000000,0.087346,1.800212
8,150,0.000000,0.090878,1.800212
9,150,0.000000,-0.074391,1.657454
10,150,0.000000,-0.091196,1.831268
1,151,0.000000,-1.032550,6.191157
2,151,0.000000,-1.144040,7.040802
3,151,0.000000,-1.122843,7.378278
4,151,0.000000,-0.975786,7.126732
5,151,0.000000,-1.021710,6.848017
6,151,0.000000,-0.942731,7.095186
7,151,0.000000,-0.923828,7.095186
8,151,0.000000,-1.141454,6.684460
9,151,0.000000,-1.048876,7.438475
10,151,0.000000,-1.050407,7.289381
1,152,0.000000,-0.309831,-1.018326
2,152,0.000000,-0.309831,-1.115783
3,152,0.000000,-0.325768,-1.115783
4,152,0.000000,-0.325768,-1.415145
5,152,0.000000,-0.332087,-1.456642
6,152,0.000000,-0.332087,-1.456642
7,152,0.000000,-0.330717,-1.456642
8,152,0.000000,-0.317149,-0.923314
9,152,0.000000,-0.320918,-0.923314
10,152,0.000000,-0.320918,-1.048950
1,153,0.000000,-0.073777,4.258241
2,153,0.000000,0.033892,4.226539
3,153,0.000000,-0.041464,4.088325
4,153,0.000000,-0.013519,4.366154
5,153,0.000000,-0.011293,4.308579
6,153,0.000000,-0.011293,4.308579
7,153,0.000000,-0.013778,4.123504
8,153,0.000000,0.013307,4.293702
9,153,0.000000,-0.034143,4.162657
10,153,0.000000,-0.022740,4.121551
1,154,0.000000,0.756190,12.333569
2,154,0.000000,0.668052,12.191064
3,154,0.000000,0.515917,12.337765
4,154,0.000000,0.575308,12.357081
5,154,0.000000,0.698939,12.357081
6,154,0.000000,0.791766,11.534758
7,154,0.000000,0.791315,12.027996
8,154,0.000000,0.706093,12.193372
9,154,0.000000,0.776325,11.946466
10,154,0.000000,0.776325,11.858035
1,155,0.000000,-0.430603,2.567358
2,155,0.000000,-0.456785,2.188632
3,155,0.000000,-0.478106,2.188632
4,155,0.000000,-0.472983,1.935741
5,155,0.000000,-0.501011,2.049295
6,155,0.000000,-0.496843,1.927327
7,155,0.000000,-0.562159,1.927327
8,155,0.000000,-0.527935,2.073943
9,155,0.000000,-0.527935,2.118733
10,155,0.000000,-0.515041,2.180784
1,156,0.000000,0.034550,12.840577
2,156,0.000000,0.013979,12.730077
3,156,0.000000,0.013625,12.832113
4,156,0.000000,0.013625,12.832113
5,156,0.000000,0.034428,13.034818
6,156,0.000000,0.034428,13.034818
7,156,0.000000,-0.015640,13.006141
8,156,0.000000,0.080443,13.006141
9,156,0.000000,0.070158,13.006141
10,156,0.000000,0.070158,13.006141
1,157,0.000000,0.609467,-4.529417
2,157,0.000000,0.612658,-4.529417
3,157,0.000000,0.640673,-4.256677
4,157,0.000000,0.659976,-4.262946
5,157,0.000000,0.656775,-4.224632
6,157,0.000000,0.656775,-4.224632
7,157,0.000000,0.656775,-4.224632
8,157,0.000000,0.656775,-4.224632
9,157,0.000000,0.656775,-4.224632
10,157,0.000000,0.656775,-4.224632
1,158,0.000000,-0.114223,-10.444914
2,158,0.000000,-0.114223,-10.444914
3,158,0.000000,-0.114223,-10.444914
4,158,0.000000,-0.121904,-10.384380
5,158,0.000000,-0.103683,-10.383926
6,158,0.000000,-0.111246,-10.162881
7,158,0.000000,-0.111246,-9.986538
8,158,0.000000,-0.125872,-10.631277
9,158,0.000000,-0.121588,-10.600525
10,158,0.000000,-0.121588,-10.423985
1,159,0.000000,-0.039958,7.843062
2,159,0.000000,-0.045431,7.384987
3,159,0.000000,-0.050466,7.507656
4,159,0.000000,-0.077665,7.519107
5,159,0.000000,-0.077665,7.519107
6,159,0.000000,-0.074753,7.519107
7,159,0.000000,-0.073591,7.568609
8,159,0.000000,-0.072811,7.697267
9,159,0.000000,-0.072811,7.697267
10,159,0.000000,-0.124934,7.260340
1,160,0.000000,-0.199267,2.031079
2,160,0.000000,-0.253113,1.944726
3,160,0.000000,-0.249743,2.378508
4,160,0.000000,-0.170563,2.560582
5,160,0.000000,-0.156674,2.560582
6,160,0.000000,-0.187849,2.537545
7,160,0.000000,-0.187849,2.537545
8,160,0.000000,-0.187849,2.537545
9,160,0.000000,-0.167269,2.819865
10,160,0.000000,-0.167269,2.850673
1,161,0.000000,0.056278,6.083371
2,161,0.000000,0.202294,5.746393
3,161,0.000000,0.151127,5.746393
4,161,0.000000,0.220176,5.971893
5,161,0.000000,0.236730,6.152748
6,161,0.000000,0.306806,6.152748
7,161,0.000000,0.171267,6.079383
8,161,0.000000,0.183007,5.912034
9,161,0.000000,0.257146,6.007980
10,161,0.000000,0.190226,6.007980
1,162,0.000000,-0.183147,16.615614
2,162,0.000000,-0.143509,16.957382
3,162,0.000000,-0.197448,16.309684
4,162,0.000000,-0.349876,16.367080
5,162,0.000000,-0.206931,16.400222
6,162,0.000000,-0.238223,16.084561
7,162,0.000000,-0.256318,16.169392
8,162,0.000000,-0.282266,16.169392
9,162,0.000000,-0.328745,16.230271
10,162,0.000000,-0.327133,16.087110
1,163,0.000000,-0.585774,4.858473
2,163,0.000000,-0.586483,4.473928
3,163,0.000000,-0.599234,4.729152
4,163,0.000000,-0.548259,5.080974
5,163,0.000000,-0.548259,5.079913
6,163,0.000000,-0.535603,5.260820
7,163,0.000000,-0.535603,5.275229
8,163,0.000000,-0.521186,5.001528
9,163,0.000000,-0.576447,4.944651
10,163,0.000000,-0.576447,4.944651
1,164,0.000000,-0.982352,3.687271
2,164,0.000000,-1.012674,3.615801
3,164,0.000000,-1.049098,3.097720
4,164,0.000000,-1.015839,3.872207
5,164,0.000000,-1.020587,3.027135
6,164,0.000000,-0.966754,3.077534
7,164,0.000000,-0.954095,3.119709
8,164,0.000000,-0.993544,4.198000
9,164,0.000000,-1.005508,3.822103
10,164,0.000000,-1.041950,3.463719
1,165,0.000000,0.321628,-1.789684
2,165,0.000000,0.369934,-1.572442
3,165,0.000000,0.369934,-1.625281
4,165,0.000000,0.351535,-1.658247
5,165,0.000000,0.338633,-1.658247
6,165,0.000000,0.380209,-1.458536
7,165,0.000000,0.399225,-1.571367
8,165,0.000000,0.320902,-1.600413
9,165,0.000000,0.340468,-1.872591
10,165,0.000000,0.376101,-1.694814
1,166,0.000000,-0.358535,3.611519
2,166,0.000000,-0.391876,3.611519
3,166,0.000000,-0.383880,3.688640
4,166,0.000000,-0.383880,3.132342
5,166,0.000000,-0.299799,3.551340
6,166,0.000000,-0.299799,3.883290
7,166,0.000000,-0.288207,3.979762
8,166,0.000000,-0.297520,3.700904
9,166,0.000000,-0.298468,3.918141
10,166,0.000000,-0.333294,3.403589
1,167,0.000000,-1.401849,4.237360
2,167,0.000000,-1.401497,3.735813
3,167,0.000000,-1.475984,4.320253
4,167,0.000000,-1.327935,4.223672
5,167,0.000000,-1.327935,3.869801
6,167,0.000000,-1.346352,4.139820
7,167,0.000000,-1.374196,3.904738
8,167,0.000000,-1.480571,3.945630
9,167,0.000000,-1.521712,4.302177
10,167,0.000000,-1.541499,4.329353
1,168,0.000000,1.444889,17.616925
2,168,0.000000,1.380629,17.453279
3,168,0.000000,1.319349,18.042134
4,168,0.000000,1.273213,17.288517
5,168,0.000000,1.513982,15.783042
6,168,0.000000,1.667030,16.580098
7,168,0.000000,1.594070,16.901473
8,168,0.000000,1.442965,17.493178
9,168,0.000000,1.323831,16.422587
10,168,0.000000,1.214806,16.767181
1,169,0.000000,0.649511,-5.257182
2,169,0.000000,0.649511,-5.257182
3,169,0.000000,0.649511,-5.257182
4,169,0.000000,0.649511,-5.171908
5,169,0.000000,0.641861,-5.445984
6,169,0.000000,0.641861,-5.445984
7,169,0.000000,0.647330,-5.445984
8,169,0.000000,0.647330,-5.344789
9,169,0.000000,0.687664,-5.344789
10,169,0.000000,0.671814,-5.143138
1,170,0.000000,0.098837,1.113469
2,170,0.000000,0.123640,1.113469
3,170,0.000000,0.065022,0.677200
4,170,0.000000,0.065022,0.677200
5,170,0.000000,0.066024,0.677200
6,170,0.000000,0.066024,0.839636
7,170,0.000000,0.080549,0.921790
8,170,0.000000,0.056413,0.792840
9,170,0.000000,0.043098,0.689401
10,170,0.000000,0.047945,0.689401
1,171,0.000000,-1.004268,-4.298526
2,171,0.000000,-1.043975,-4.584023
3,171,0.000000,-1.043975,-4.729093
4,171,0.000000,-1.068035,-4.998097
5,171,0.000000,-1.077311,-5.320435
6,171,0.000000,-1.077311,-4.908220
7,171,0.000000,-1.067334,-4.768736
8,171,0.000000,-0.991982,-4.694284
9,171,0.000000,-1.008871,-4.694284
10,171,0.000000,-0.946594,-3.948871
1,172,0.000000,-0.185313,-1.074014
2,172,0.000000,-0.172713,-0.715904
3,172,0.000000,-0.179276,-0.749518
4,172,0.000000,-0.162477,-0.749518
5,172,0.000000,-0.104659,-0.749518
6,172,0.000000,-0.184178,-0.623120
7,172,0.000000,-0.184178,-0.634398
8,172,0.000000,-0.164204,-0.832654
9,172,0.000000,-0.164204,-0.859650
10,172,0.000000,-0.188628,-0.663893
1,173,0.000000,0.592553,-3.685223
2,173,0.000000,0.589592,-3.685223
3,173,0.000000,0.624221,-3.685223
4,173,0.000000,0.624221,-3.685223
5,173,0.000000,0.624292,-3.540305
6,173,0.000000,0.638390,-3.472346
7,173,0.000000,0.638390,-3.536379
8,173,0.000000,0.606286,-3.587273
9,173,0.000000,0.598594,-3.587273
10,173,0.000000,0.583801,-3.806570
1,174,0.000000,-0.961768,-3.678947
2,174,0.000000,-0.920819,-3.448554
3,174,0.000000,-0.968511,-3.715815
4,174,0.000000,-0.968511,-3.356456
5,174,0.000000,-0.953877,-3.388649
6,174,0.000000,-0.905283,-3.335923
7,174,0.000000,-0.964325,-3.417749
8,174,0.000000,-0.936801,-3.676641
9,174,0.000000,-0.887957,-2.578363
10,174,0.000000,-0.924582,-2.969345
1,175,0.000000,-0.488204,-2.969799
2,175,0.000000,-0.494927,-3.217384
3,175,0.000000,-0.500673,-3.128231
4,175,0.000000,-0.513416,-3.049629
5,175,0.000000,-0.513416,-3.265538
6,175,0.000000,-0.508990,-3.302450
7,175,0.000000,-0.519900,-3.219343
8,175,0.000000,-0.487452,-2.689061
9,175,0.000000,-0.515573,-3.311952
10,175,0.000000,-0.499232,-3.141094
1,176,0.000000,0.017818,-5.926767
2,176,0.000000,0.010764,-5.981667
3,176,0.000000,0.010764,-5.808474
4,176,0.000000,0.032112,-6.060587
5,176,0.000000,-0.004532,-6.167362
6,176,0.000000,0.024950,-5.929764
7,176,0.000000,0.024950,-5.929764
8,176,0.000000,0.025721,-5.929764
9,176,0.000000,-0.014185,-6.298365
10,176,0.000000,-0.016691,-6.210555
1,177,0.000000,0.358852,15.222618
2,177,0.000000,0.133557,16.366573
3,177,0.000000,0.179270,15.091456
4,177,0.000000,0.355780,14.537288
5,177,0.000000,0.334846,14.493355
6,177,0.000000,0.415430,13.603965
7,177,0.000000,0.311590,13.660327
8,177,0.000000,0.239756,13.729312
9,177,0.000000,0.173647,13.952924
10,177,0.000000,0.301259,13.643779
1,178,0.000000,0.024712,10.320394
2,178,0.000000,0.117752,10.751757
3,178,0.000000,0.124373,10.850101
4,178,0.000000,0.105456,10.897914
5,178,0.000000,0.105456,10.888147
6,178,0.000000,0.105456,10.614936
7,178,0.000000,0.073955,10.566855
8,178,0.000000,0.074362,10.487256
9,178,0.000000,0.097772,10.673816
10,178,0.000000,0.076201,10.618184
1,179,0.000000,0.229513,-2.951746
2,179,0.000000,0.263355,-3.462028
3,179,0.000000,0.263355,-3.462028
4,179,0.000000,0.263355,-3.462028
5,179,0.000000,0.263355,-3.462028
6,179,0.000000,0.263355,-3.090721
7,179,0.000000,0.263355,-3.090721
8,179,0.000000,0.240587,-3.240149
9,179,0.000000,0.240587,-3.421597
10,179,0.000000,0.240587,-3.421597
1,180,0.000000,-0.079118,-8.877976
2,180,0.000000,0.029736,-8.716943
3,180,0.000000,0.029736,-8.716943
4,180,0.000000,-0.023525,-8.618252
5,180,0.000000,-0.027828,-8.709596
6,180,0.000000,-0.047710,-8.912716
7,180,0.000000,-0.050161,-8.912716
8,180,0.000000,-0.050161,-8.912716
9,180,0.000000,-0.064729,-9.062044
10,180,0.000000,-0.035397,-9.062044
1,181,0.000000,0.795121,2.408691
2,181,0.000000,0.795121,2.469428
3,181,0.000000,0.763785,2.469428
4,181,0.000000,0.763785,2.502979
5,181,0.000000,0.782076,2.385806
6,181,0.000000,0.773189,2.456123
7,181,0.000000,0.812191,2.456123
8,181,0.000000,0.846817,2.679210
9,181,0.000000,0.846817,2.679210
10,181,0.000000,0.846817,2.679210
1,182,0.000000,-0.962457,-8.660983
2,182,0.000000,-0.990758,-8.800778
3,182,0.000000,-1.026354,-9.577030
4,182,0.000000,-0.986767,-9.070420
5,182,0.000000,-1.014166,-9.197171
6,182,0.000000,-0.990082,-9.088390
7,182,0.000000,-0.979014,-8.667302
8,182,0.000000,-0.945171,-9.111486
9,182,0.000000,-1.035717,-8.907712
10,182,0.000000,-0.976419,-8.907712
1,183,0.000000,-0.345058,-0.568383
2,183,0.000000,-0.345058,-0.568383
3,183,0.000000,-0.331795,-0.750947
4,183,0.000000,-0.331904,-0.429040
5,183,0.000000,-0.305650,-0.584539
6,183,0.000000,-0.273771,-0.313865
7,183,0.000000,-0.323286,-0.454085
8,183,0.000000,-0.332926,-0.504807
9,183,0.000000,-0.332926,-0.504807
10,183,0.000000,-0.341129,-0.516466
1,184,0.000000,-0.008536,-1.285124
2,184,0.000000,-0.008536,-1.046205
3,184,0.000000,-0.014920,-1.195808
4,184,0.000000,-0.014920,-1.195808
5,184,0.000000,-0.014920,-1.237899
6,184,0.000000,-0.014920,-1.237899
7,184,0.000000,-0.014920,-1.213575
8,184,0.000000,-0.014920,-1.213575
9,184,0.000000,-0.009412,-1.213575
10,184,0.000000,-0.013496,-1.213275
1,185,0.000000,0.636052,4.403679
2,185,0.000000,0.610228,4.401649
3,185,0.000000,0.651157,4.444854
4,185,0.000000,0.610943,4.444854
5,185,0.000000,0.609317,4.414950
6,185,0.000000,0.609613,4.307302
7,185,0.000000,0.621509,4.307302
8,185,0.000000,0.621509,4.307302
9,185,0.000000,0.618584,4.307302
10,185,0.000000,0.612722,4.344483
1,186,0.000000,0.059876,-0.585191
2,186,0.000000,0.051732,-0.585191
3,186,0.000000,0.039948,-0.767397
4,186,0.000000,0.102306,-0.714579
5,186,0.000000,0.156200,-0.257693
6,186,0.000000,0.156200,-0.243041
7,186,0.000000,0.118835,-0.243041
8,186,0.000000,0.118835,-0.243041
9,186,0.000000,0.144667,-0.207449
10,186,0.000000,0.122651,-0.419645
1,187,0.000000,1.113143,-6.290868
2,187,0.000000,1.113143,-6.329822
3,187,0.000000,1.088321,-6.548097
4,187,0.000000,1.086519,-6.492417
5,187,0.000000,1.086519,-6.492417
6,187,0.000000,1.137735,-6.209053
7,187,0.000000,1.074184,-6.468818
8,187,0.000000,1.074184,-6.468818
9,187,0.000000,1.074184,-6.644724
10,187,0.000000,1.074184,-6.527403
1,188,0.000000,0.124941,4.715097
2,188,0.000000,0.124941,4.699642
3,188,0.000000,0.124941,4.699642
4,188,0.000000,0.118595,4.962338
5,188,0.000000,0.140996,5.106503
6,188,0.000000,0.109704,4.778045
7,188,0.000000,0.134168,4.860197
8,188,0.000000,0.155898,4.868544
9,188,0.000000,0.148343,4.837677
10,188,0.000000,0.148343,4.837677
1,189,0.000000,-0.728416,-2.147344
2,189,0.000000,-0.759345,-2.771758
3,189,0.000000,-0.808246,-2.472734
4,189,0.000000,-0.804815,-2.472734
5,189,0.000000,-0.830823,-2.804802
6,189,0.000000,-0.846736,-2.667548
7,189,0.000000,-0.798129,-2.246059
8,189,0.000000,-0.794988,-1.965509
9,189,0.000000,-0.617911,-1.965509
10,189,0.000000,-0.701555,-2.054562
1,190,0.000000,0.853000,2.312090
2,190,0.000000,0.853000,2.312090
3,190,0.000000,0.853000,2.312090
4,190,0.000000,0.853000,2.312090
5,190,0.000000,0.853000,2.312090
6,190,0.000000,0.865972,2.312090
7,190,0.000000,0.865972,2.312090
8,190,0.000000,0.865972,2.312090
9,190,0.000000,0.865972,2.312090
10,190,0.000000,0.887572,2.374421
1,191,0.000000,-0.122859,0.027412
2,191,0.000000,-0.160816,-0.532139
3,191,0.000000,-0.166895,-0.152508
4,191,0.000000,-0.148082,-0.425553
5,191,0.000000,-0.108813,-0.054418
6,191,0.000000,-0.120765,0.093574
7,191,0.000000,-0.130167,0.093574
8,191,0.000000,-0.130167,0.150105
9,191,0.000000,-0.188319,-0.366711
10,191,0.000000,-0.183771,-0.366711
1,192,0.000000,0.297842,-11.421823
2,192,0.000000,0.297842,-11.421823
3,192,0.000000,0.261593,-11.451379
4,192,0.000000,0.236066,-11.696084
5,192,0.000000,0.208710,-11.763164
6,192,0.000000,0.208710,-11.959371
7,192,0.000000,0.208710,-11.959371
8,192,0.000000,0.194717,-11.959371
9,192,0.000000,0.250117,-11.478524
10,192,0.000000,0.258106,-11.478524
1,193,0.000000,-0.618782,13.805865
2,193,0.000000,-0.668858,13.257281
3,193,0.000000,-0.549578,13.257281
4,193,0.000000,-0.549160,13.391178
5,193,0.000000,-0.617311,13.548065
6,193,0.000000,-0.699126,13.553584
7,193,0.000000,-0.663951,13.975805
8,193,0.000000,-0.725182,13.574448
9,193,0.000000,-0.754038,13.538746
10,193,0.000000,-0.739443,13.409203
1,194,0.000000,0.297146,-2.187444
2,194,0.000000,0.297146,-2.187444
3,194,0.000000,0.297146,-2.187444
4,194,0.000000,0.297146,-2.187444
5,194,0.000000,0.297146,-2.221844
6,194,0.000000,0.289890,-2.221844
7,194,0.000000,0.289890,-2.221844
8,194,0.000000,0.289890,-2.221844
9,194,0.000000,0.289890,-2.221844
10,194,0.000000,0.289890,-2.221844
1,195,0.000000,-0.046025,-4.184085
2,195,0.000000,-0.046025,-4.184085
3,195,0.000000,0.019776,-3.672949
4,195,0.000000,0.019776,-3.692712
5,195,0.000000,0.019776,-3.497706
6,195,0.000000,0.019776,-3.767595
7,195,0.000000,0.023942,-3.809655
8,195,0.000000,0.023942,-3.809655
9,195,0.000000,-0.009584,-3.994810
10,195,0.000000,-0.009584,-3.994810
1,196,0.000000,0.255559,-5.078563
2,196,0.000000,0.255559,-5.052692
3,196,0.000000,0.255559,-5.052692
4,196,0.000000,0.262075,-5.046787
5,196,0.000000,0.262075,-5.046787
6,196,0.000000,0.262075,-4.933851
7,196,0.000000,0.262075,-5.124761
8,196,0.000000,0.262075,-5.124761
9,196,0.000000,0.262075,-5.124761
10,196,0.000000,0.262075,-4.960255
1,197,0.000000,0.390947,2.078716
2,197,0.000000,0.384404,2.221378
3,197,0.000000,0.431735,2.065254
4,197,0.000000,0.414898,2.004389
5,197,0.000000,0.379311,2.116248
6,197,0.000000,0.477327,2.192518
7,197,0.000000,0.509647,2.186455
8,197,0.000000,0.413939,1.981745
9,197,0.000000,0.410862,2.090356
10,197,0.000000,0.408478,2.091589
1,198,0.000000,1.303294,4.056640
2,198,0.000000,1.369311,3.850878
3,198,0.000000,1.453748,4.138831
4,198,0.000000,1.463358,4.247447
5,198,0.000000,1.477851,4.966945
6,198,0.000000,1.456929,4.635435
7,198,0.000000,1.448868,3.847614
8,198,0.000000,1.445906,3.660100
9,198,0.000000,1.276459,4.045398
10,198,0.000000,1.274770,3.712432
1,199,0.000000,0.308651,-5.213750
2,199,0.000000,0.308651,-5.052372
3,199,0.000000,0.304086,-5.205797
4,199,0.000000,0.304086,-5.205797
5,199,0.000000,0.315799,-5.193846
6,199,0.000000,0.315799,-5.193846
7,199,0.000000,0.315799,-5.193846
8,199,0.000000,0.315799,-5.193846
9,199,0.000000,0.270612,-5.352957
10,199,0.000000,0.289540,-5.352957
1,200,0.000000,-0.446591,-6.025491
2,200,0.000000,-0.433459,-5.700409
3,200,0.000000,-0.440379,-5.700409
4,200,0.000000,-0.403778,-5.482088
5,200,0.000000,-0.418805,-5.482088
6,200,0.000000,-0.462384,-6.230628
7,200,0.000000,-0.477898,-6.230628
8,200,0.000000,-0.475059,-6.230628
9,200,0.000000,-0.473308,-6.557177
10,200,0.000000,-0.454443,-6.020621
1,201,0.000000,-0.594426,7.908687
2,201,0.000000,-0.622455,8.111396
3,201,0.000000,-0.622455,7.380212
4,201,0.000000,-0.557005,7.708205
5,201,0.000000,-0.678443,8.070894
6,201,0.000000,-0.630573,8.003395
7,201,0.000000,-0.606732,8.665435
8,201,0.000000,-0.571977,7.549228
9,201,0.000000,-0.608978,8.313399
10,201,0.000000,-0.543830,8.073243
1,202,0.000000,-0.934328,-3.355906
2,202,0.000000,-0.934328,-3.355906
3,202,0.000000,-0.918101,-2.519462
4,202,0.000000,-0.944959,-2.520069
5,202,0.000000,-0.930960,-3.010036
6,202,0.000000,-0.958163,-3.071741
7,202,0.000000,-0.955681,-3.397495
8,202,0.000000,-0.955681,-3.397495
9,202,0.000000,-0.955681,-3.397495
10,202,0.000000,-0.989712,-3.679711
1,203,0.000000,-0.465831,-6.493833
2,203,0.000000,-0.450329,-6.442684
3,203,0.000000,-0.413750,-6.442684
4,203,0.000000,-0.456561,-6.413832
5,203,0.000000,-0.440645,-6.608578
6,203,0.000000,-0.464436,-6.733569
7,203,0.000000,-0.489458,-6.931362
8,203,0.000000,-0.489458,-6.931362
9,203,0.000000,-0.458439,-6.616329
10,203,0.000000,-0.433153,-6.759242
1,204,0.000000,-0.409007,-6.944874
2,204,0.000000,-0.385268,-7.269795
3,204,0.000000,-0.439596,-7.468493
4,204,0.000000,-0.427538,-7.163754
5,204,0.000000,-0.417562,-7.184197
6,204,0.000000,-0.400849,-7.184197
7,204,0.000000,-0.400849,-7.184197
8,204,0.000000,-0.411229,-7.172574
9,204,0.000000,-0.411229,-7.172574
10,204,0.000000,-0.378909,-6.822079
1,205,0.000000,0.972163,0.988312
2,205,0.000000,0.939476,1.071184
3,205,0.000000,1.012424,1.191637
4,205,0.000000,1.012424,1.191637
5,205,0.000000,0.973550,1.055593
6,205,0.000000,0.997260,1.215021
7,205,0.000000,0.997260,1.215021
8,205,0.000000,1.029242,1.215021
9,205,0.000000,1.029242,1.215021
10,205,0.000000,0.987954,1.215021
1,206,0.000000,0.355978,8.469034
2,206,0.000000,0.355978,8.315070
3,206,0.000000,0.331447,8.288291
4,206,0.000000,0.380278,8.446389
5,206,0.000000,0.374752,8.429634
6,206,0.000000,0.374752,8.429634
7,206,0.000000,0.374752,8.429634
8,206,0.000000,0.390915,8.429634
9,206,0.000000,0.347475,8.139763
10,206,0.000000,0.343498,8.139763
1,207,0.000000,-0.285791,4.000385
2,207,0.000000,-0.254045,4.000385
3,207,0.000000,-0.249901,4.267502
4,207,0.000000,-0.245708,3.725445
5,207,0.000000,-0.316414,3.924858
6,207,0.000000,-0.316414,3.924858
7,207,0.000000,-0.326656,4.037091
8,207,0.000000,-0.326656,4.037091
9,207,0.000000,-0.330761,3.557343
10,207,0.000000,-0.303533,4.002608
1,208,0.000000,-0.004465,10.629685
2,208,0.000000,0.010378,11.214036
3,208,0.000000,-0.059931,11.275908
4,208,0.000000,-0.040340,11.418538
5,208,0.000000,0.056757,10.953541
6,208,0.000000,0.080034,10.364118
7,208,0.000000,0.066168,10.364118
8,208,0.000000,0.066804,10.364118
9,208,0.000000,0.147868,9.998943
10,208,0.000000,0.165458,9.480407
1,209,0.000000,0.325359,5.447470
2,209,0.000000,0.316546,5.261779
3,209,0.000000,0.263651,5.125935
4,209,0.000000,0.263651,4.948533
5,209,0.000000,0.264589,4.719609
6,209,0.000000,0.279476,4.826605
7,209,0.000000,0.279476,4.826605
8,209,0.000000,0.294826,5.116670
9,209,0.000000,0.301282,5.265517
10,209,0.000000,0.296144,5.265517
1,210,0.000000,-0.703266,-7.910298
2,210,0.000000,-0.683397,-8.057182
3,210,0.000000,-0.682818,-8.057182
4,210,0.000000,-0.757025,-8.809169
5,210,0.000000,-0.739322,-8.336807
6,210,0.000000,-0.740253,-8.673830
7,210,0.000000,-0.794246,-9.177450
8,210,0.000000,-0.794246,-9.177450
9,210,0.000000,-0.794246,-9.177450
10,210,0.000000,-0.748003,-9.231452
1,211,0.000000,-0.585277,-1.914637
2,211,0.000000,-0.585277,-1.914637
3,211,0.000000,-0.585277,-1.914637
4,211,0.000000,-0.606145,-2.271437
5,211,0.000000,-0.606145,-2.533362
6,211,0.000000,-0.606145,-2.533362
7,211,0.000000,-0.606145,-2.385406
8,211,0.000000,-0.606145,-2.341477
9,211,0.000000,-0.606145,-2.487693
10,211,0.000000,-0.606145,-2.487693
1,212,0.000000,0.357369,-7.320126
2,212,0.000000,0.386145,-6.918689
3,212,0.000000,0.432400,-6.789217
4,212,0.000000,0.432400,-6.789217
5,212,0.000000,0.418866,-6.789217
6,212,0.000000,0.396130,-7.180158
7,212,0.000000,0.420689,-6.935087
8,212,0.000000,0.413429,-6.849839
9,212,0.000000,0.430007,-6.929764
10,212,0.000000,0.413621,-6.956046
1,213,0.000000,-0.110808,6.956750
2,213,0.000000,-0.110808,6.956750
3,213,0.000000,-0.110808,7.071414
4,213,0.000000,-0.058092,6.959751
5,213,0.000000,-0.127986,7.075703
6,213,0.000000,-0.097816,7.063161
7,213,0.000000,-0.105064,7.049217
8,213,0.000000,-0.105064,7.049217
9,213,0.000000,-0.118264,7.049217
10,213,0.000000,-0.121324,6.869887
1,214,0.000000,0.589238,8.871970
2,214,0.000000,0.551908,8.539685
3,214,0.000000,0.551908,8.539685
4,214,0.000000,0.517613,8.470536
5,214,0.000000,0.505520,8.470536
6,214,0.000000,0.543963,8.745234
7,214,0.000000,0.566346,8.745234
8,214,0.000000,0.566346,8.745234
9,214,0.000000,0.559068,8.708837
10,214,0.000000,0.573557,8.696462
1,215,0.000000,0.704024,-6.925138
2,215,0.000000,0.674095,-6.913896
3,215,0.000000,0.674095,-6.913896
4,215,0.000000,0.703086,-6.913896
5,215,0.000000,0.703086,-6.810069
6,215,0.000000,0.724804,-6.819775
7,215,0.000000,0.724804,-6.819775
8,215,0.000000,0.724804,-6.819775
9,215,0.000000,0.706125,-6.819775
10,215,0.000000,0.710038,-6.819775
1,216,0.000000,0.280175,2.300656
2,216,0.000000,0.325474,2.558861
3,216,0.000000,0.385984,2.605516
4,216,0.000000,0.385984,2.605516
5,216,0.000000,0.378041,2.601597
6,216,0.000000,0.295769,2.579526
7,216,0.000000,0.344607,2.332793
8,216,0.000000,0.306722,2.332793
9,216,0.000000,0.306722,2.354600
10,216,0.000000,0.353923,2.486519
1,217,0.000000,0.668713,-2.169248
2,217,0.000000,0.658361,-2.582652
3,217,0.000000,0.658361,-2.589303
4,217,0.000000,0.658361,-2.300856
5,217,0.000000,0.658361,-2.300856
6,217,0.000000,0.596947,-2.989346
7,217,0.000000,0.596947,-2.737878
8,217,0.000000,0.596396,-3.027647
9,217,0.000000,0.582409,-3.027931
10,217,0.000000,0.564465,-3.680281
1,218,0.000000,0.049833,1.175420
2,218,0.000000,0.037226,1.444627
3,218,0.000000,0.078183,1.268994
4,218,0.000000,0.041632,1.268994
5,218,0.000000,0.041632,1.268994
6,218,0.000000,0.018167,1.268994
7,218,0.000000,0.041083,1.218666
8,218,0.000000,0.041083,1.218666
9,218,0.000000,0.047957,1.265820
10,218,0.000000,0.045144,1.280715
1,219,0.000000,-0.547369,7.267572
2,219,0.000000,-0.428373,6.998803
3,219,0.000000,-0.428373,6.998803
4,219,0.000000,-0.485742,6.327212
5,219,0.000000,-0.510866,6.026180
6,219,0.000000,-0.426698,6.539423
7,219,0.000000,-0.369652,6.683061
8,219,0.000000,-0.365816,6.959231
9,219,0.000000,-0.378160,6.459807
10,219,0.000000,-0.351782,6.177819
1,220,0.000000,0.239911,3.764826
2,220,0.000000,0.257897,3.764826
3,220,0.000000,0.295111,3.903594
4,220,0.000000,0.292757,3.903594
5,220,0.000000,0.318385,4.014872
6,220,0.000000,0.318385,4.014872
7,220,0.000000,0.318385,4.014872
8,220,0.000000,0.280108,3.785406
9,220,0.000000,0.256813,3.785406
10,220,0.000000,0.305622,3.986786
1,221,0.000000,-0.585163,-3.564248
2,221,0.000000,-0.585163,-3.651739
3,221,0.000000,-0.585163,-3.785710
4,221,0.000000,-0.585163,-3.656444
5,221,0.000000,-0.585163,-3.556743
6,221,0.000000,-0.593556,-3.810081
7,221,0.000000,-0.598821,-3.780819
8,221,0.000000,-0.598821,-3.780819
9,221,0.000000,-0.586951,-3.780819
10,221,0.000000,-0.586951,-3.780819
1,222,0.000000,0.591554,9.371828
2,222,0.000000,0.599946,9.410252
3,222,0.000000,0.694593,9.410252
4,222,0.000000,0.550936,9.020056
5,222,0.000000,0.673200,9.359900
6,222,0.000000,0.756914,8.964195
7,222,0.000000,0.632376,9.962975
8,222,0.000000,0.664427,8.841255
9,222,0.000000,0.592391,8.841255
10,222,0.000000,0.663305,8.618151
1,223,0.000000,-0.630122,-2.130042
2,223,0.000000,-0.680091,-2.271818
3,223,0.000000,-0.662649,-2.271818
4,223,0.000000,-0.674279,-2.077907
5,223,0.000000,-0.674279,-2.077907
6,223,0.000000,-0.678650,-2.434207
7,223,0.000000,-0.710944,-2.576435
8,223,0.000000,-0.748520,-3.129931
9,223,0.000000,-0.706866,-2.946756
10,223,0.000000,-0.706866,-2.290653
1,224,0.000000,-1.176908,6.454048
2,224,0.000000,-1.093824,6.677697
3,224,0.000000,-1.117156,6.217063
4,224,0.000000,-0.968555,5.120490
5,224,0.000000,-0.862626,4.064576
6,224,0.000000,-0.977250,3.978741
7,224,0.000000,-0.963260,4.106008
8,224,0.000000,-1.092464,5.440275
9,224,0.000000,-1.088316,5.560110
10,224,0.000000,-1.161797,6.585485
1,225,0.000000,-1.155339,-2.867495
2,225,0.000000,-1.176174,-3.132406
3,225,0.000000,-1.200445,-3.456752
4,225,0.000000,-1.216476,-3.310721
5,225,0.000000,-1.208523,-2.548206
6,225,0.000000,-1.203009,-2.606356
7,225,0.000000,-1.203009,-4.266933
8,225,0.000000,-1.282523,-3.869099
9,225,0.000000,-1.267674,-3.734688
10,225,0.000000,-1.276300,-3.734688
1,226,0.000000,0.334311,-5.253496
2,226,0.000000,0.351653,-5.238825
3,226,0.000000,0.351653,-5.238825
4,226,0.000000,0.351653,-5.238825
5,226,0.000000,0.351653,-5.238825
6,226,0.000000,0.351653,-5.143063
7,226,0.000000,0.351653,-5.302393
8,226,0.000000,0.351653,-5.302393
9,226,0.000000,0.338335,-5.371136
10,226,0.000000,0.338335,-5.371136
1,227,0.000000,-0.719804,-1.507503
2,227,0.000000,-0.675787,-1.367324
3,227,0.000000,-0.691576,-1.614662
4,227,0.000000,-0.691576,-1.031503
5,227,0.000000,-0.594811,-1.348775
6,227,0.000000,-0.594811,-1.348775
7,227,0.000000,-0.677329,-1.051787
8,227,0.000000,-0.641255,-1.164220
9,227,0.000000,-0.641255,-1.875912
10,227,0.000000,-0.702468,-1.507923
1,228,0.000000,-0.585207,-1.138080
2,228,0.000000,-0.570142,-1.126778
3,228,0.000000,-0.616924,-1.121905
4,228,0.000000,-0.649582,-1.375774
5,228,0.000000,-0.617304,-1.375774
6,228,0.000000,-0.710009,-1.757441
7,228,0.000000,-0.695126,-1.757441
8,228,0.000000,-0.621542,-1.205333
9,228,0.000000,-0.621542,-1.063818
10,228,0.000000,-0.599741,-1.054447
1,229,0.000000,-0.534158,-6.627248
2,229,0.000000,-0.534158,-6.627248
3,229,0.000000,-0.534158,-6.627248
4,229,0.000000,-0.549202,-6.726350
5,229,0.000000,-0.531998,-6.726350
6,229,0.000000,-0.564192,-7.215771
7,229,0.000000,-0.564192,-7.215771
8,229,0.000000,-0.508574,-6.181987
9,229,0.000000,-0.508574,-6.181987
10,229,0.000000,-0.494929,-6.239005
1,230,0.000000,0.089737,12.411150
2,230,0.000000,0.153955,12.331835
3,230,0.000000,0.186758,12.174477
4,230,0.000000,0.180496,12.174477
5,230,0.000000,0.112021,12.233263
6,230,0.000000,0.034033,12.430795
7,230,0.000000,0.251253,12.430795
8,230,0.000000,0.230503,12.430795
9,230,0.000000,0.132114,12.586352
10,230,0.000000,0.179299,12.099806
1,231,0.000000,0.062511,-0.315559
2,231,0.000000,0.062511,-0.315559
3,231,0.000000,0.072202,-0.165476
4,231,0.000000,0.120283,-0.354934
5,231,0.000000,0.011896,-0.615122
6,231,0.000000,-0.036524,-0.552293
7,231,0.000000,0.070575,-0.501532
8,231,0.000000,0.082075,-0.188890
9,231,0.000000,0.049800,-0.208510
10,231,0.000000,0.178986,-0.112700
1,232,0.000000,0.473392,1.312401
2,232,0.000000,0.548713,1.650104
3,232,0.000000,0.516890,1.650104
4,232,0.000000,0.515782,1.519298
5,232,0.000000,0.515782,1.519298
6,232,0.000000,0.496909,1.426279
7,232,0.000000,0.473515,1.426279
8,232,0.000000,0.502196,1.480156
9,232,0.000000,0.485830,1.320471
10,232,0.000000,0.468302,1.382845
1,233,0.000000,0.294694,-5.441156
2,233,0.000000,0.280439,-5.385862
3,233,0.000000,0.280439,-5.385862
4,233,0.000000,0.280439,-5.385862
5,233,0.000000,0.281068,-5.331699
6,233,0.000000,0.281068,-5.331699
7,233,0.000000,0.283411,-5.405253
8,233,0.000000,0.293385,-5.383166
9,233,0.000000,0.293385,-5.383166
10,233,0.000000,0.293385,-5.383166
1,234,0.000000,-0.113574,-7.722814
2,234,0.000000,-0.113574,-7.722814
3,234,0.000000,-0.113574,-7.722814
4,234,0.000000,-0.078165,-7.318273
5,234,0.000000,-0.074911,-7.358356
6,234,0.000000,-0.074911,-7.358356
7,234,0.000000,-0.049917,-7.009354
8,234,0.000000,-0.049917,-7.009354
9,234,0.000000,-0.045990,-7.120786
10,234,0.000000,-0.074737,-7.049571
1,235,0.000000,-0.478801,-8.310621
2,235,0.000000,-0.504115,-8.892645
3,235,0.000000,-0.504115,-8.892645
4,235,0.000000,-0.504688,-8.802924
5,235,0.000000,-0.504688,-9.079971
6,235,0.000000,-0.502537,-8.538012
7,235,0.000000,-0.502537,-8.711945
8,235,0.000000,-0.502537,-8.719624
9,235,0.000000,-0.502537,-8.884717
10,235,0.000000,-0.500802,-9.109095
1,236,0.000000,-0.015711,1.629969
2,236,0.000000,-0.001462,1.554211
3,236,0.000000,0.023428,2.072540
4,236,0.000000,0.042364,2.072540
5,236,0.000000,0.022647,2.072540
6,236,0.000000,0.052501,2.072540
7,236,0.000000,0.008925,1.947484
8,236,0.000000,0.008925,1.834649
9,236,0.000000,0.008925,1.834649
10,236,0.000000,0.008993,1.761875
1,237,0.000000,0.358842,-8.908028
2,237,0.000000,0.332935,-8.976190
3,237,0.000000,0.332935,-8.976190
4,237,0.000000,0.332935,-8.976190
5,237,0.000000,0.350697,-8.825091
6,237,0.000000,0.346820,-8.983978
7,237,0.000000,0.362534,-8.983978
8,237,0.000000,0.354782,-8.936029
9,237,0.000000,0.340720,-8.881962
10,237,0.000000,0.340720,-9.050262
1,238,0.000000,0.018399,5.338216
2,238,0.000000,0.119765,5.411198
3,238,0.000000,0.119765,5.411198
4,238,0.000000,0.221078,6.048552
5,238,0.000000,0.221078,5.761634
6,238,0.000000,0.176472,5.761634
7,238,0.000000,0.043740,5.761634
8,238,0.000000,0.130127,5.887988
9,238,0.000000,0.069730,6.077649
10,238,0.000000,0.056642,5.721177
1,239,0.000000,-0.122754,3.168844
2,239,0.000000,-0.173768,2.831997
3,239,0.000000,-0.156212,2.831997
4,239,0.000000,-0.171847,3.007506
5,239,0.000000,-0.174582,2.735660
6,239,0.000000,-0.128984,3.370415
7,239,0.000000,-0.128984,3.370415
8,239,0.000000,-0.127678,3.370415
9,239,0.000000,-0.127678,3.370415
10,239,0.000000,-0.185833,2.872682
1,240,0.000000,-0.664969,-3.573244
2,240,0.000000,-0.664969,-3.573244
3,240,0.000000,-0.664969,-3.573244
4,240,0.000000,-0.664338,-3.573244
5,240,0.000000,-0.659321,-3.560771
6,240,0.000000,-0.659321,-3.559143
7,240,0.000000,-0.659321,-3.420665
8,240,0.000000,-0.628269,-3.216997
9,240,0.000000,-0.612315,-3.019230
10,240,0.000000,-0.649546,-3.676942
1,241,0.000000,-0.258091,-10.848192
2,241,0.000000,-0.258091,-10.848192
3,241,0.000000,-0.258091,-10.961279
4,241,0.000000,-0.291699,-11.111955
5,241,0.000000,-0.291699,-11.111955
6,241,0.000000,-0.291699,-11.111955
7,241,0.000000,-0.270476,-11.091548
8,241,0.000000,-0.270476,-11.091548
9,241,0.000000,-0.353420,-12.017439
10,241,0.000000,-0.354011,-11.871968
1,242,0.000000,-0.153344,1.075336
2,242,0.000000,-0.153344,1.198409
3,242,0.000000,-0.153344,1.198409
4,242,0.000000,-0.153344,1.198409
5,242,0.000000,-0.153344,1.198409
6,242,0.000000,-0.153344,1.198409
7,242,0.000000,-0.168492,1.198409
8,242,0.000000,-0.187009,0.843190
9,242,0.000000,-0.187009,0.893714
10,242,0.000000,-0.187009,0.893714
1,243,0.000000,-0.372551,7.508774
2,243,0.000000,-0.505248,7.608505
3,243,0.000000,-0.512177,7.493671
4,243,0.000000,-0.510710,7.738850
5,243,0.000000,-0.540940,7.825945
6,243,0.000000,-0.384280,7.794930
7,243,0.000000,-0.525421,7.309401
8,243,0.000000,-0.518396,7.310014
9,243,0.000000,-0.387632,7.839379
10,243,0.000000,-0.472846,7.627593
1,244,0.000000,-0.630544,-1.011466
2,244,0.000000,-0.624141,-1.168030
3,244,0.000000,-0.584748,-1.168030
4,244,0.000000,-0.569966,-0.826722
5,244,0.000000,-0.569966,-0.826722
6,244,0.000000,-0.519640,-0.635625
7,244,0.000000,-0.549875,-0.745033
8,244,0.000000,-0.596972,-1.343554
9,244,0.000000,-0.596972,-1.468088
10,244,0.000000,-0.668881,-1.771648
1,245,0.000000,-0.662455,-11.331272
2,245,0.000000,-0.682924,-10.948610
3,245,0.000000,-0.677994,-10.948610
4,245,0.000000,-0.704754,-11.516134
5,245,0.000000,-0.704754,-11.516134
6,245,0.000000,-0.692314,-11.140776
7,245,0.000000,-0.666889,-11.322020
8,245,0.000000,-0.673179,-11.322020
9,245,0.000000,-0.697979,-11.322020
10,245,0.000000,-0.697979,-11.322020
1,246,0.000000,0.365711,-0.542795
2,246,0.000000,0.365711,-0.413437
3,246,0.000000,0.365711,-0.413437
4,246,0.000000,0.365711,-0.426225
5,246,0.000000,0.365711,-0.426225
6,246,0.000000,0.350680,-0.584467
7,246,0.000000,0.344291,-0.584467
8,246,0.000000,0.344291,-0.584467
9,246,0.000000,0.357127,-0.573490
10,246,0.000000,0.357127,-0.573490
1,247,0.000000,-0.829285,-2.404929
2,247,0.000000,-0.829285,-2.404929
3,247,0.000000,-0.858675,-2.258964
4,247,0.000000,-0.874775,-2.549849
5,247,0.000000,-0.863294,-1.906658
6,247,0.000000,-0.860142,-2.085539
7,247,0.000000,-0.860142,-2.085539
8,247,0.000000,-0.891794,-2.532562
9,247,0.000000,-0.902062,-2.846658
10,247,0.000000,-0.865946,-2.363597
1,248,0.000000,-0.141379,-1.155846
2,248,0.000000,-0.111802,-0.939015
3,248,0.000000,-0.111802,-0.939015
4,248,0.000000,-0.092020,-0.788464
5,248,0.000000,-0.092020,-0.662553
6,248,0.000000,-0.142219,-1.295472
7,248,0.000000,-0.142219,-1.295472
8,248,0.000000,-0.142219,-1.295472
9,248,0.000000,-0.142219,-1.110453
10,248,0.000000,-0.142219,-1.110453
1,249,0.000000,0.191829,-9.100088
2,249,0.000000,0.199746,-9.100088
3,249,0.000000,0.209048,-9.097230
4,249,0.000000,0.196777,-9.097230
5,249,0.000000,0.196777,-9.097230
6,249,0.000000,0.185601,-9.136650
7,249,0.000000,0.185601,-9.136650
8,249,0.000000,0.185601,-9.115662
9,249,0.000000,0.196338,-8.818913
10,249,0.000000,0.196338,-9.097300
1,250,0.000000,0.229006,-8.179615
2,250,0.000000,0.229006,-8.179615
3,250,0.000000,0.229006,-8.179615
4,250,0.000000,0.216371,-8.332027
5,250,0.000000,0.216371,-8.332027
6,250,0.000000,0.215228,-8.342234
7,250,0.000000,0.262444,-7.825066
8,250,0.000000,0.262444,-7.833736
9,250,0.000000,0.257968,-8.009174
10,250,0.000000,0.257968,-8.009174