rep,id,p0,alpha,tau
1,1,0.204063,0.025745,68.653757
2,1,0.204063,0.023215,68.237316
3,1,0.204063,0.022750,68.044798
4,1,0.204063,0.022750,68.044798
5,1,0.204063,0.022236,68.361313
6,1,0.204063,0.022717,68.143856
7,1,0.204063,0.022717,68.143856
8,1,0.204063,0.021974,68.143856
9,1,0.204063,0.023002,68.098341
10,1,0.204063,0.022809,67.986111
1,2,0.204063,0.035526,71.294851
2,2,0.204063,0.036399,71.736114
3,2,0.204063,0.037238,71.736114
4,2,0.204063,0.037238,71.567208
5,2,0.204063,0.037238,71.567208
6,2,0.204063,0.037115,71.688506
7,2,0.204063,0.035343,71.492086
8,2,0.204063,0.035343,71.479389
9,2,0.204063,0.035676,71.400356
10,2,0.204063,0.035676,71.536759
1,3,0.204063,0.017249,69.440606
2,3,0.204063,0.017036,69.338654
3,3,0.204063,0.017036,69.422960
4,3,0.204063,0.017595,69.441700
5,3,0.204063,0.017531,69.626825
6,3,0.204063,0.017531,69.561917
7,3,0.204063,0.017187,69.452944
8,3,0.204063,0.017763,69.447457
9,3,0.204063,0.016556,69.473122
10,3,0.204063,0.016556,69.484776
1,4,0.204063,0.037953,60.607447
2,4,0.204063,0.037953,60.607447
3,4,0.204063,0.037508,60.610260
4,4,0.204063,0.036816,60.346256
5,4,0.204063,0.036816,60.552001
6,4,0.204063,0.036816,60.541127
7,4,0.204063,0.036816,60.440258
8,4,0.204063,0.036167,60.405247
9,4,0.204063,0.036805,60.385377
10,4,0.204063,0.035685,60.385377
1,5,0.203957,0.023366,73.018684
2,5,0.203957,0.023167,72.760171
3,5,0.203957,0.023033,72.915876
4,5,0.203957,0.024018,72.992490
5,5,0.203957,0.022677,72.998457
6,5,0.203957,0.023612,72.998457
7,5,0.203957,0.023612,72.998457
8,5,0.203957,0.023656,72.755809
9,5,0.203957,0.023656,72.892969
10,5,0.203957,0.024285,73.125305
1,6,0.204429,0.053973,58.288753
2,6,0.204429,0.053973,58.288753
3,6,0.204429,0.053137,58.189626
4,6,0.204429,0.054050,58.009743
5,6,0.204429,0.052517,57.931463
6,6,0.204429,0.052517,57.931463
7,6,0.204429,0.052517,57.931463
8,6,0.204429,0.052517,58.054667
9,6,0.204429,0.052517,58.054667
10,6,0.204429,0.052278,58.067833
1,7,0.203661,0.032470,60.312139
2,7,0.203661,0.030316,60.014749
3,7,0.203661,0.032121,60.317811
4,7,0.203661,0.032121,60.317811
5,7,0.203661,0.031354,60.349799
6,7,0.203661,0.031765,60.349799
7,7,0.203661,0.032321,60.458571
8,7,0.203661,0.031693,60.385547
9,7,0.203661,0.031693,60.414126
10,7,0.203661,0.031693,60.414126
1,8,0.204063,0.032025,56.094426
2,8,0.204063,0.032025,55.775529
3,8,0.204063,0.031396,55.712201
4,8,0.204063,0.031396,56.007453
5,8,0.204063,0.032770,56.017138
6,8,0.204063,0.032770,56.017138
7,8,0.204063,0.031938,55.806230
8,8,0.204063,0.031733,55.991686
9,8,0.204063,0.031500,55.991686
10,8,0.204063,0.032463,55.991686
1,9,0.204062,0.035059,61.412297
2,9,0.204062,0.035059,61.412297
3,9,0.204062,0.035059,61.412297
4,9,0.204062,0.034497,61.437840
5,9,0.204062,0.034497,61.437840
6,9,0.204062,0.034015,61.392384
7,9,0.204062,0.034015,61.123187
8,9,0.204062,0.034015,61.226356
9,9,0.204062,0.034015,61.226356
10,9,0.204062,0.034015,61.226356
1,10,0.204638,0.015247,72.515347
2,10,0.204638,0.015804,72.800641
3,10,0.204638,0.015502,72.676832
4,10,0.204638,0.015562,72.681608
5,10,0.204638,0.015127,72.368272
6,10,0.204638,0.015024,72.450770
7,10,0.204638,0.015428,72.124605
8,10,0.204638,0.014154,71.997548
9,10,0.204638,0.014287,71.997548
10,10,0.204638,0.016661,72.327858
1,11,0.204063,0.062263,63.583634
2,11,0.204063,0.066853,63.798751
3,11,0.204063,0.062197,63.661676
4,11,0.204063,0.061873,63.744457
5,11,0.204063,0.062132,63.744457
6,11,0.204063,0.059483,63.737029
7,11,0.204063,0.061441,63.737029
8,11,0.204063,0.061752,63.817674
9,11,0.204063,0.065546,63.793360
10,11,0.204063,0.063551,63.674842
1,12,0.204063,0.029196,72.777131
2,12,0.204063,0.029171,73.017548
3,12,0.204063,0.028889,72.613806
4,12,0.204063,0.028907,72.935714
5,12,0.204063,0.029554,72.787725
6,12,0.204063,0.029826,72.877455
7,12,0.204063,0.029391,72.827432
8,12,0.204063,0.029391,72.747082
9,12,0.204063,0.030017,72.674963
10,12,0.204063,0.027690,72.596253
1,13,0.204230,0.045660,68.559289
2,13,0.204230,0.045660,68.559289
3,13,0.204230,0.045660,68.559289
4,13,0.204230,0.046383,68.559289
5,13,0.204230,0.046383,68.626113
6,13,0.204230,0.046383,68.626113
7,13,0.204230,0.046383,68.564977
8,13,0.204230,0.044902,68.564977
9,13,0.204230,0.044902,68.564977
10,13,0.204230,0.045358,68.652529
1,14,0.204063,0.061225,66.601721
2,14,0.204063,0.061225,66.601721
3,14,0.204063,0.062273,66.516350
4,14,0.204063,0.062936,66.516350
5,14,0.204063,0.063279,66.495173
6,14,0.204063,0.063279,66.495173
7,14,0.204063,0.066650,66.796297
8,14,0.204063,0.062645,66.765726
9,14,0.204063,0.060437,66.533219
10,14,0.204063,0.060437,66.499548
1,15,0.204063,0.041084,79.392933
2,15,0.204063,0.041807,79.314258
3,15,0.204063,0.039500,79.314258
4,15,0.204063,0.038165,79.475723
5,15,0.204063,0.038165,79.175009
6,15,0.204063,0.037979,79.138027
7,15,0.204063,0.037979,79.138027
8,15,0.204063,0.037979,79.138027
9,15,0.204063,0.040463,79.135782
10,15,0.204063,0.038957,79.203738
1,16,0.203915,0.027037,55.850860
2,16,0.203915,0.027037,55.569249
3,16,0.203915,0.027392,55.800947
4,16,0.203915,0.027392,55.800947
5,16,0.203915,0.027392,55.800947
6,16,0.203915,0.027596,55.807773
7,16,0.203915,0.027596,55.807773
8,16,0.203915,0.027987,56.098258
9,16,0.203915,0.027459,55.842238
10,16,0.203915,0.027459,55.842238
1,17,0.204063,0.038487,69.441515
2,17,0.204063,0.039004,69.508870
3,17,0.204063,0.039030,69.508870
4,17,0.204063,0.038685,69.617343
5,17,0.204063,0.037565,69.490333
6,17,0.204063,0.037671,69.483164
7,17,0.204063,0.037671,69.249757
8,17,0.204063,0.038594,69.428836
9,17,0.204063,0.037502,69.428836
10,17,0.204063,0.037502,69.256125
1,18,0.204015,0.028440,54.779039
2,18,0.204015,0.028440,54.779039
3,18,0.204015,0.028364,55.046139
4,18,0.204015,0.028364,55.046139
5,18,0.204015,0.029111,55.113055
6,18,0.204015,0.029687,54.959769
7,18,0.204015,0.028731,54.970969
8,18,0.204015,0.028652,54.984169
9,18,0.204015,0.028652,55.163224
10,18,0.204015,0.029960,55.134684
1,19,0.203890,0.032062,73.713690
2,19,0.203890,0.032573,73.896436
3,19,0.203890,0.031410,73.702811
4,19,0.203890,0.031410,73.702811
5,19,0.203890,0.031410,73.592373
6,19,0.203890,0.031431,73.592373
7,19,0.203890,0.031431,73.630611
8,19,0.203890,0.031414,73.630611
9,19,0.203890,0.031414,73.747262
10,19,0.203890,0.031955,73.747262
1,20,0.204063,0.028839,61.731504
2,20,0.204063,0.029382,61.731504
3,20,0.204063,0.029382,61.731504
4,20,0.204063,0.029230,61.731504
5,20,0.204063,0.029230,61.731504
6,20,0.204063,0.029230,61.731504
7,20,0.204063,0.029230,61.731504
8,20,0.204063,0.029230,61.731504
9,20,0.204063,0.029230,61.731504
10,20,0.204063,0.029230,61.731504
1,21,0.204063,0.031678,63.859245
2,21,0.204063,0.031928,63.971095
3,21,0.204063,0.031928,64.088760
4,21,0.204063,0.032147,64.088760
5,21,0.204063,0.030914,64.043256
6,21,0.204063,0.031928,64.154647
7,21,0.204063,0.032876,64.289166
8,21,0.204063,0.032876,64.259511
9,21,0.204063,0.032484,64.111338
10,21,0.204063,0.034610,64.159674
1,22,0.204063,0.011664,73.113793
2,22,0.204063,0.010069,73.231233
3,22,0.204063,0.010985,72.276513
4,22,0.204063,0.012072,72.548524
5,22,0.204063,0.011519,72.178355
6,22,0.204063,0.011997,72.330883
7,22,0.204063,0.013243,72.450555
8,22,0.204063,0.012331,72.556403
9,22,0.204063,0.010905,73.377190
10,22,0.204063,0.012331,73.184543
1,23,0.205107,0.021676,65.327178
2,23,0.205107,0.021789,65.327178
3,23,0.205107,0.021789,65.327178
4,23,0.205107,0.021789,65.327178
5,23,0.205107,0.022344,65.327178
6,23,0.205107,0.022204,65.327178
7,23,0.205107,0.022204,65.322918
8,23,0.205107,0.022532,65.746388
9,23,0.205107,0.021631,65.214405
10,23,0.205107,0.022031,65.324098
1,24,0.204063,0.007731,70.513759
2,24,0.204063,0.008624,71.110768
3,24,0.204063,0.008744,70.503206
4,24,0.204063,0.008889,71.000077
5,24,0.204063,0.008381,71.076668
6,24,0.204063,0.008844,71.107457
7,24,0.204063,0.008610,71.020286
8,24,0.204063,0.008608,71.138939
9,24,0.204063,0.008608,70.633977
10,24,0.204063,0.008216,71.200695
1,25,0.204063,0.022718,71.657408
2,25,0.204063,0.022694,71.681981
3,25,0.204063,0.023136,71.594155
4,25,0.204063,0.022299,71.335344
5,25,0.204063,0.023722,71.397010
6,25,0.204063,0.021446,70.995292
7,25,0.204063,0.022034,71.471469
8,25,0.204063,0.021371,71.318068
9,25,0.204063,0.024455,71.650951
10,25,0.204063,0.024372,71.932782
1,26,0.204063,0.063393,73.414447
2,26,0.204063,0.061065,73.490799
3,26,0.204063,0.062919,73.515410
4,26,0.204063,0.061592,73.496562
5,26,0.204063,0.059918,73.403282
6,26,0.204063,0.055495,73.403282
7,26,0.204063,0.055284,73.403282
8,26,0.204063,0.057771,73.428711
9,26,0.204063,0.052705,73.428711
10,26,0.204063,0.062408,73.302089
1,27,0.204063,0.022282,64.984261
2,27,0.204063,0.020761,64.984261
3,27,0.204063,0.020524,64.337925
4,27,0.204063,0.020719,64.895669
5,27,0.204063,0.021637,64.934925
6,27,0.204063,0.021408,64.934925
7,27,0.204063,0.021504,65.127717
8,27,0.204063,0.021504,64.977538
9,27,0.204063,0.021765,65.221641
10,27,0.204063,0.021765,65.226540
1,28,0.204063,0.038440,69.912377
2,28,0.204063,0.038440,69.912377
3,28,0.204063,0.038440,69.897891
4,28,0.204063,0.038440,69.897891
5,28,0.204063,0.038440,69.897891
6,28,0.204063,0.038440,70.023369
7,28,0.204063,0.038440,70.023369
8,28,0.204063,0.038440,69.878421
9,28,0.204063,0.038440,69.878421
10,28,0.204063,0.038440,70.008277
1,29,0.204918,0.053499,76.771506
2,29,0.204918,0.052899,76.726303
3,29,0.204918,0.053280,76.726303
4,29,0.204918,0.053280,76.726303
5,29,0.204918,0.053280,76.726303
6,29,0.204918,0.053280,76.726303
7,29,0.204918,0.053280,76.709138
8,29,0.204918,0.053280,76.709138
9,29,0.204918,0.053726,76.709138
10,29,0.204918,0.052998,76.802228
1,30,0.204063,0.019724,64.426245
2,30,0.204063,0.018549,63.703377
3,30,0.204063,0.018549,63.586642
4,30,0.204063,0.018631,63.489099
5,30,0.204063,0.018468,63.544677
6,30,0.204063,0.019234,63.902844
7,30,0.204063,0.019234,64.200294
8,30,0.204063,0.019234,64.213644
9,30,0.204063,0.019241,63.692395
10,30,0.204063,0.019750,64.495307
1,31,0.203455,0.047070,62.403081
2,31,0.203455,0.046495,62.403081
3,31,0.203455,0.045660,62.380812
4,31,0.203455,0.045912,62.380812
5,31,0.203455,0.046759,62.359023
6,31,0.203455,0.046759,62.359023
7,31,0.203455,0.046759,62.359023
8,31,0.203455,0.046816,62.359023
9,31,0.203455,0.045966,62.359023
10,31,0.203455,0.045966,62.359023
1,32,0.204063,0.041931,70.363599
2,32,0.204063,0.041931,70.389153
3,32,0.204063,0.041916,70.389153
4,32,0.204063,0.041916,70.360314
5,32,0.204063,0.039743,70.491821
6,32,0.204063,0.039902,69.989472
7,32,0.204063,0.041682,70.137003
8,32,0.204063,0.040427,70.657845
9,32,0.204063,0.045335,70.850621
10,32,0.204063,0.045335,70.798819
1,33,0.204063,0.021952,70.291966
2,33,0.204063,0.023091,69.518819
3,33,0.204063,0.022588,69.554889
4,33,0.204063,0.019442,70.167210
5,33,0.204063,0.019442,69.147152
6,33,0.204063,0.019102,70.011539
7,33,0.204063,0.024306,70.158507
8,33,0.204063,0.024678,70.007226
9,33,0.204063,0.021553,70.227934
10,33,0.204063,0.024992,69.758717
1,34,0.204063,0.033351,64.278321
2,34,0.204063,0.033351,64.278321
3,34,0.204063,0.033351,64.278321
4,34,0.204063,0.033351,64.278321
5,34,0.204063,0.033351,64.284259
6,34,0.204063,0.033351,64.284259
7,34,0.204063,0.033249,64.370687
8,34,0.204063,0.034486,64.193807
9,34,0.204063,0.031825,64.193807
10,34,0.204063,0.031825,64.193807
1,35,0.204063,0.033903,71.307928
2,35,0.204063,0.035428,71.169568
3,35,0.204063,0.035428,71.169568
4,35,0.204063,0.033338,71.169568
5,35,0.204063,0.034082,71.227653
6,35,0.204063,0.032056,71.163456
7,35,0.204063,0.031900,70.954339
8,35,0.204063,0.033717,70.872000
9,35,0.204063,0.031908,71.177991
10,35,0.204063,0.033885,71.125838
1,36,0.204063,0.029660,65.288090
2,36,0.204063,0.029660,65.830916
3,36,0.204063,0.028601,65.946058
4,36,0.204063,0.028095,65.442557
5,36,0.204063,0.028095,65.442557
6,36,0.204063,0.028095,65.417621
7,36,0.204063,0.028095,65.562299
8,36,0.204063,0.027467,65.065552
9,36,0.204063,0.027467,65.065552
10,36,0.204063,0.027102,65.301050
1,37,0.204063,0.020870,60.214686
2,37,0.204063,0.020870,60.175708
3,37,0.204063,0.020710,60.194598
4,37,0.204063,0.021010,60.551507
5,37,0.204063,0.020220,60.169680
6,37,0.204063,0.020456,60.169680
7,37,0.204063,0.020456,60.169680
8,37,0.204063,0.020456,60.203082
9,37,0.204063,0.020456,60.203082
10,37,0.204063,0.020456,60.036955
1,38,0.204063,0.053421,65.243169
2,38,0.204063,0.053065,65.396737
3,38,0.204063,0.053149,65.581594
4,38,0.204063,0.054773,66.273966
5,38,0.204063,0.057053,66.086954
6,38,0.204063,0.057035,65.909260
7,38,0.204063,0.055692,65.598540
8,38,0.204063,0.051052,65.448652
9,38,0.204063,0.053027,65.404747
10,38,0.204063,0.054451,65.578848
1,39,0.204063,0.026048,69.049622
2,39,0.204063,0.026321,69.293683
3,39,0.204063,0.026701,69.845384
4,39,0.204063,0.026905,69.418170
5,39,0.204063,0.026905,70.017786
6,39,0.204063,0.026905,69.630715
7,39,0.204063,0.027025,69.630715
8,39,0.204063,0.027025,69.592349
9,39,0.204063,0.026724,69.374038
10,39,0.204063,0.026043,69.134598
1,40,0.204063,0.051211,63.435325
2,40,0.204063,0.051211,63.435325
3,40,0.204063,0.052344,63.373830
4,40,0.204063,0.052344,63.373830
5,40,0.204063,0.051851,63.373830
6,40,0.204063,0.050417,63.373830
7,40,0.204063,0.050613,63.423979
8,40,0.204063,0.053189,63.399883
9,40,0.204063,0.052752,63.399883
10,40,0.204063,0.052752,63.399883
1,41,0.204063,0.019803,65.983341
2,41,0.204063,0.020943,66.054024
3,41,0.204063,0.020605,66.054024
4,41,0.204063,0.020971,66.253330
5,41,0.204063,0.020464,66.072512
6,41,0.204063,0.021051,65.954524
7,41,0.204063,0.021397,66.169826
8,41,0.204063,0.020830,66.407349
9,41,0.204063,0.021470,66.126769
10,41,0.204063,0.021585,66.106480
1,42,0.204173,0.072797,68.284692
2,42,0.204173,0.073710,68.296914
3,42,0.204173,0.072945,68.296914
4,42,0.204173,0.072945,68.296914
5,42,0.204173,0.072071,68.320284
6,42,0.204173,0.072071,68.320284
7,42,0.204173,0.073310,68.362204
8,42,0.204173,0.073310,68.362204
9,42,0.204173,0.073310,68.362204
10,42,0.204173,0.073310,68.362204
1,43,0.203508,0.042597,69.431876
2,43,0.203508,0.045050,69.551720
3,43,0.203508,0.046200,69.731496
4,43,0.203508,0.047480,70.033751
5,43,0.203508,0.047644,70.033751
6,43,0.203508,0.047644,70.033751
7,43,0.203508,0.047644,70.033751
8,43,0.203508,0.047644,70.033751
9,43,0.203508,0.045603,69.700880
10,43,0.203508,0.045249,69.755796
1,44,0.204063,0.031123,57.278383
2,44,0.204063,0.031123,57.155944
3,44,0.204063,0.031123,57.359852
4,44,0.204063,0.031123,57.359852
5,44,0.204063,0.031123,57.336599
6,44,0.204063,0.030372,56.994989
7,44,0.204063,0.030002,57.128748
8,44,0.204063,0.030002,57.144143
9,44,0.204063,0.030002,57.144143
10,44,0.204063,0.030439,57.144143
1,45,0.204063,0.046969,69.356164
2,45,0.204063,0.046177,69.356164
3,45,0.204063,0.046177,69.356164
4,45,0.204063,0.045801,69.448171
5,45,0.204063,0.045702,69.193416
6,45,0.204063,0.045702,69.207312
7,45,0.204063,0.046901,69.560345
8,45,0.204063,0.046901,69.623033
9,45,0.204063,0.048930,69.680442
10,45,0.204063,0.048930,69.680442
1,46,0.204063,0.033676,65.078853
2,46,0.204063,0.033676,65.078853
3,46,0.204063,0.033597,65.078853
4,46,0.204063,0.033597,65.078853
5,46,0.204063,0.033597,65.078853
6,46,0.204063,0.033597,65.078853
7,46,0.204063,0.034293,65.078853
8,46,0.204063,0.034293,65.078853
9,46,0.204063,0.034293,65.318463
10,46,0.204063,0.035273,65.447311
1,47,0.204690,0.044415,69.196228
2,47,0.204690,0.044415,69.196228
3,47,0.204690,0.043570,69.196228
4,47,0.204690,0.043570,69.253049
5,47,0.204690,0.043834,69.253049
6,47,0.204690,0.043834,69.253049
7,47,0.204690,0.043834,69.269806
8,47,0.204690,0.044321,69.269806
9,47,0.204690,0.044321,69.269806
10,47,0.204690,0.044730,69.353201
1,48,0.204063,0.021329,71.840804
2,48,0.204063,0.020317,71.407419
3,48,0.204063,0.020317,71.218865
4,48,0.204063,0.020317,71.218865
5,48,0.204063,0.020246,71.469910
6,48,0.204063,0.020111,71.469910
7,48,0.204063,0.019650,71.261371
8,48,0.204063,0.021215,71.261371
9,48,0.204063,0.021215,71.261371
10,48,0.204063,0.021215,71.262026
1,49,0.204063,0.039266,73.109489
2,49,0.204063,0.041646,73.109489
3,49,0.204063,0.041646,73.109489
4,49,0.204063,0.040563,73.215791
5,49,0.204063,0.041728,72.992633
6,49,0.204063,0.041728,73.287210
7,49,0.204063,0.042788,73.292665
8,49,0.204063,0.038163,73.131318
9,49,0.204063,0.043695,73.327679
10,49,0.204063,0.047096,73.327679
1,50,0.204654,0.052082,69.838014
2,50,0.204654,0.052082,69.838014
3,50,0.204654,0.051318,69.876103
4,50,0.204654,0.051318,69.805775
5,50,0.204654,0.049858,69.805775
6,50,0.204654,0.049866,69.846381
7,50,0.204654,0.051308,70.098180
8,50,0.204654,0.049784,69.930091
9,50,0.204654,0.050926,69.930091
10,50,0.204654,0.050553,69.858261
1,51,0.204063,0.032554,66.036736
2,51,0.204063,0.032618,66.101895
3,51,0.204063,0.032883,66.101895
4,51,0.204063,0.032883,66.101895
5,51,0.204063,0.032455,66.068332
6,51,0.204063,0.032455,66.068332
7,51,0.204063,0.032455,66.068332
8,51,0.204063,0.032455,66.068332
9,51,0.204063,0.031875,65.980483
10,51,0.204063,0.031875,65.980483
1,52,0.204063,0.044635,65.001113
2,52,0.204063,0.044635,65.001113
3,52,0.204063,0.044232,65.001113
4,52,0.204063,0.044791,65.033326
5,52,0.204063,0.044327,64.795707
6,52,0.204063,0.044327,64.795707
7,52,0.204063,0.044327,64.795707
8,52,0.204063,0.044327,64.795707
9,52,0.204063,0.044327,64.795707
10,52,0.204063,0.043376,64.649009
1,53,0.204063,0.041236,64.612851
2,53,0.204063,0.041236,64.612851
3,53,0.204063,0.043125,64.781377
4,53,0.204063,0.043588,64.724769
5,53,0.204063,0.043588,64.883231
6,53,0.204063,0.042979,64.644072
7,53,0.204063,0.041588,64.477214
8,53,0.204063,0.041588,64.623288
9,53,0.204063,0.040390,64.412560
10,53,0.204063,0.044125,64.819727
1,54,0.204063,0.028527,71.079966
2,54,0.204063,0.028773,71.173711
3,54,0.204063,0.028160,71.315462
4,54,0.204063,0.028437,71.343559
5,54,0.204063,0.028186,71.213585
6,54,0.204063,0.027339,70.920126
7,54,0.204063,0.027667,70.718094
8,54,0.204063,0.025935,70.718094
9,54,0.204063,0.025935,70.718094
10,54,0.204063,0.026134,70.547501
1,55,0.204063,0.057770,62.400179
2,55,0.204063,0.057770,62.400179
3,55,0.204063,0.057770,62.428340
4,55,0.204063,0.054993,62.129594
5,55,0.204063,0.055795,62.287268
6,55,0.204063,0.055795,62.287268
7,55,0.204063,0.055457,62.199756
8,55,0.204063,0.055457,62.199756
9,55,0.204063,0.055505,62.199756
10,55,0.204063,0.055505,62.199756
1,56,0.204063,0.047989,69.953500
2,56,0.204063,0.049878,69.910642
3,56,0.204063,0.050312,69.853728
4,56,0.204063,0.049335,70.261988
5,56,0.204063,0.048378,69.980146
6,56,0.204063,0.049063,70.501507
7,56,0.204063,0.049616,70.581720
8,56,0.204063,0.049616,70.632478
9,56,0.204063,0.049616,70.397393
10,56,0.204063,0.049470,70.149796
1,57,0.204063,0.030027,68.339772
2,57,0.204063,0.031467,68.462095
3,57,0.204063,0.031494,68.406370
4,57,0.204063,0.031494,68.406370
5,57,0.204063,0.031494,68.673116
6,57,0.204063,0.031494,68.673116
7,57,0.204063,0.032658,68.657808
8,57,0.204063,0.032401,68.815547
9,57,0.204063,0.032401,68.815547
10,57,0.204063,0.032401,68.703622
1,58,0.204063,0.017017,57.731679
2,58,0.204063,0.017297,57.731679
3,58,0.204063,0.017415,57.428759
4,58,0.204063,0.017361,57.422800
5,58,0.204063,0.017735,57.812799
6,58,0.204063,0.018233,58.278931
7,58,0.204063,0.018252,58.144203
8,58,0.204063,0.018278,58.279412
9,58,0.204063,0.017501,57.475109
10,58,0.204063,0.016812,57.589340
1,59,0.204063,0.033663,75.439804
2,59,0.204063,0.033663,75.439804
3,59,0.204063,0.033663,75.439804
4,59,0.204063,0.033663,75.439804
5,59,0.204063,0.034002,75.470156
6,59,0.204063,0.033425,75.107064
7,59,0.204063,0.033425,75.107064
8,59,0.204063,0.031336,75.193796
9,59,0.204063,0.031336,75.193796
10,59,0.204063,0.031336,75.193796
1,60,0.204063,0.056879,70.849698
2,60,0.204063,0.057811,70.849698
3,60,0.204063,0.055062,70.934917
4,60,0.204063,0.054796,70.658400
5,60,0.204063,0.057970,70.932839
6,60,0.204063,0.060408,71.071033
7,60,0.204063,0.053956,70.702535
8,60,0.204063,0.055452,70.722568
9,60,0.204063,0.054775,70.837927
10,60,0.204063,0.055117,70.891130
1,61,0.204344,0.052772,62.611722
2,61,0.204344,0.052772,62.611722
3,61,0.204344,0.052235,62.434269
4,61,0.204344,0.050821,62.461616
5,61,0.204344,0.050821,62.469610
6,61,0.204344,0.051965,62.469610
7,61,0.204344,0.050214,62.469610
8,61,0.204344,0.050573,62.469610
9,61,0.204344,0.050573,62.469610
10,61,0.204344,0.050573,62.469610
1,62,0.203294,0.065116,80.667559
2,62,0.203294,0.065116,80.667559
3,62,0.203294,0.064764,80.667559
4,62,0.203294,0.064764,80.619783
5,62,0.203294,0.065127,80.619783
6,62,0.203294,0.065127,80.619783
7,62,0.203294,0.064532,80.512077
8,62,0.203294,0.064532,80.512077
9,62,0.203294,0.060917,80.512077
10,62,0.203294,0.061290,80.520482
1,63,0.204063,0.015646,60.948160
2,63,0.204063,0.015803,60.948498
3,63,0.204063,0.015509,60.635201
4,63,0.204063,0.015509,60.635201
5,63,0.204063,0.015509,60.411003
6,63,0.204063,0.015689,61.245340
7,63,0.204063,0.015689,60.344967
8,63,0.204063,0.015605,60.808324
9,63,0.204063,0.015924,61.010326
10,63,0.204063,0.015620,60.841862
1,64,0.204063,0.030437,69.800021
2,64,0.204063,0.030437,69.873130
3,64,0.204063,0.029529,69.985475
4,64,0.204063,0.029529,69.985475
5,64,0.204063,0.029788,69.871447
6,64,0.204063,0.031080,69.933823
7,64,0.204063,0.030234,69.933823
8,64,0.204063,0.030234,69.933823
9,64,0.204063,0.030234,69.933823
10,64,0.204063,0.029803,69.729665
1,65,0.204063,0.028753,76.847605
2,65,0.204063,0.031121,76.956409
3,65,0.204063,0.030775,76.958559
4,65,0.204063,0.030775,76.958559
5,65,0.204063,0.029495,76.762426
6,65,0.204063,0.030888,76.762426
7,65,0.204063,0.029426,76.997511
8,65,0.204063,0.030157,77.205645
9,65,0.204063,0.030157,77.145419
10,65,0.204063,0.031796,77.145419
1,66,0.204392,0.053252,69.980218
2,66,0.204392,0.053252,69.980218
3,66,0.204392,0.053252,69.980218
4,66,0.204392,0.053252,70.067371
5,66,0.204392,0.053252,70.056586
6,66,0.204392,0.053252,70.056586
7,66,0.204392,0.053252,70.056586
8,66,0.204392,0.053252,69.925386
9,66,0.204392,0.051127,69.758866
10,66,0.204392,0.051781,70.009925
1,67,0.204063,0.026183,84.561257
2,67,0.204063,0.023559,85.497562
3,67,0.204063,0.023900,85.715373
4,67,0.204063,0.025223,85.091436
5,67,0.204063,0.026684,85.173129
6,67,0.204063,0.025139,84.757385
7,67,0.204063,0.023788,85.069781
8,67,0.204063,0.025454,85.638900
9,67,0.204063,0.023138,84.701938
10,67,0.204063,0.041215,81.104886
1,68,0.204063,0.016576,70.691858
2,68,0.204063,0.016576,70.691858
3,68,0.204063,0.017374,70.632138
4,68,0.204063,0.017869,70.940430
5,68,0.204063,0.017297,70.940430
6,68,0.204063,0.017636,71.250852
7,68,0.204063,0.017636,71.262058
8,68,0.204063,0.016849,71.120668
9,68,0.204063,0.017591,71.237985
10,68,0.204063,0.017591,71.197656
1,69,0.204063,0.022469,73.350932
2,69,0.204063,0.023998,73.351520
3,69,0.204063,0.022435,73.351520
4,69,0.204063,0.021884,72.914007
5,69,0.204063,0.022811,72.964720
6,69,0.204063,0.022811,73.117765
7,69,0.204063,0.022811,73.117765
8,69,0.204063,0.022668,73.266521
9,69,0.204063,0.022668,73.266521
10,69,0.204063,0.022064,73.032746
1,70,0.204063,0.016720,71.780993
2,70,0.204063,0.016899,71.664507
3,70,0.204063,0.016230,71.610450
4,70,0.204063,0.016059,71.651694
5,70,0.204063,0.016260,71.651694
6,70,0.204063,0.017566,71.651694
7,70,0.204063,0.016497,71.852902
8,70,0.204063,0.017053,71.961039
9,70,0.204063,0.017053,71.868395
10,70,0.204063,0.017394,71.694467
1,71,0.204063,0.011910,71.298863
2,71,0.204063,0.011973,71.173301
3,71,0.204063,0.011973,71.542697
4,71,0.204063,0.013428,71.542697
5,71,0.204063,0.013267,71.381838
6,71,0.204063,0.013112,71.705383
7,71,0.204063,0.013112,72.018699
8,71,0.204063,0.013112,72.018699
9,71,0.204063,0.012575,71.907452
10,71,0.204063,0.012113,71.323614
1,72,0.204063,0.013717,63.342099
2,72,0.204063,0.014129,63.417510
3,72,0.204063,0.013442,63.417510
4,72,0.204063,0.013442,63.177682
5,72,0.204063,0.014093,63.444805
6,72,0.204063,0.014093,63.444805
7,72,0.204063,0.014003,63.443717
8,72,0.204063,0.013396,63.198800
9,72,0.204063,0.013332,62.671451
10,72,0.204063,0.013520,63.026596
1,73,0.204063,0.032915,67.819516
2,73,0.204063,0.031863,67.819516
3,73,0.204063,0.031166,67.610155
4,73,0.204063,0.030960,67.567923
5,73,0.204063,0.030960,67.535345
6,73,0.204063,0.031323,67.646781
7,73,0.204063,0.031323,67.646781
8,73,0.204063,0.031323,67.631069
9,73,0.204063,0.031635,67.479246
10,73,0.204063,0.032090,67.820497
1,74,0.204063,0.035076,74.016961
2,74,0.204063,0.035076,73.816948
3,74,0.204063,0.035076,73.816948
4,74,0.204063,0.037773,73.945539
5,74,0.204063,0.034669,73.945539
6,74,0.204063,0.036389,73.945539
7,74,0.204063,0.036899,73.945539
8,74,0.204063,0.036321,74.121432
9,74,0.204063,0.035056,74.121432
10,74,0.204063,0.034785,73.800123
1,75,0.204063,0.015518,67.022799
2,75,0.204063,0.014455,66.595987
3,75,0.204063,0.014685,66.466990
4,75,0.204063,0.014656,66.325592
5,75,0.204063,0.014510,66.658672
6,75,0.204063,0.014524,66.562508
7,75,0.204063,0.014923,66.562508
8,75,0.204063,0.013891,66.309768
9,75,0.204063,0.014534,66.614063
10,75,0.204063,0.014659,66.614063
1,76,0.204063,0.033092,71.133409
2,76,0.204063,0.031736,71.796074
3,76,0.204063,0.031382,71.566408
4,76,0.204063,0.033195,71.486882
5,76,0.204063,0.034526,71.450889
6,76,0.204063,0.031681,71.793906
7,76,0.204063,0.033549,71.712454
8,76,0.204063,0.028739,72.121020
9,76,0.204063,0.030364,72.066280
10,76,0.204063,0.029178,71.746651
1,77,0.203782,0.038260,60.945745
2,77,0.203782,0.038260,60.945745
3,77,0.203782,0.038260,60.908380
4,77,0.203782,0.037951,60.944829
5,77,0.203782,0.036730,60.635251
6,77,0.203782,0.037663,60.635251
7,77,0.203782,0.039518,60.746003
8,77,0.203782,0.039518,60.797849
9,77,0.203782,0.037760,60.829729
10,77,0.203782,0.037275,60.829729
1,78,0.204063,0.051568,74.379277
2,78,0.204063,0.056737,74.587824
3,78,0.204063,0.056806,74.681855
4,78,0.204063,0.056806,74.681855
5,78,0.204063,0.056806,74.563121
6,78,0.204063,0.054439,74.488735
7,78,0.204063,0.054439,74.488735
8,78,0.204063,0.054536,74.459345
9,78,0.204063,0.054536,74.459345
10,78,0.204063,0.054536,74.465047
1,79,0.204063,0.018944,64.331789
2,79,0.204063,0.018944,64.331789
3,79,0.204063,0.019167,64.295476
4,79,0.204063,0.019167,64.295476
5,79,0.204063,0.018571,64.329370
6,79,0.204063,0.018675,64.329370
7,79,0.204063,0.019020,64.340678
8,79,0.204063,0.019020,64.340678
9,79,0.204063,0.018716,64.164378
10,79,0.204063,0.018716,64.164378
1,80,0.204063,0.037391,86.893477
2,80,0.204063,0.027807,86.763545
3,80,0.204063,0.030521,88.467724
4,80,0.204063,0.028614,86.419805
5,80,0.204063,0.037407,85.281053
6,80,0.204063,0.042858,86.383513
7,80,0.204063,0.049969,84.671540
8,80,0.204063,0.043902,83.189720
9,80,0.204063,0.048495,83.559802
10,80,0.204063,0.048629,83.451869
1,81,0.204063,0.022661,61.682335
2,81,0.204063,0.022661,61.682335
3,81,0.204063,0.021435,61.327944
4,81,0.204063,0.021435,61.259387
5,81,0.204063,0.021118,60.896211
6,81,0.204063,0.021118,60.896211
7,81,0.204063,0.021118,60.896211
8,81,0.204063,0.020410,60.753508
9,81,0.204063,0.020410,60.425411
10,81,0.204063,0.020733,60.691380
1,82,0.204063,0.022649,68.538776
2,82,0.204063,0.022355,68.168462
3,82,0.204063,0.022355,68.168462
4,82,0.204063,0.021720,67.953198
5,82,0.204063,0.023027,68.721027
6,82,0.204063,0.023027,68.721027
7,82,0.204063,0.022879,68.721027
8,82,0.204063,0.023402,68.816381
9,82,0.204063,0.023366,68.816381
10,82,0.204063,0.024340,68.634597
1,83,0.204063,0.025385,67.818289
2,83,0.204063,0.024216,67.531105
3,83,0.204063,0.026290,67.410877
4,83,0.204063,0.023524,67.761789
5,83,0.204063,0.023409,67.520131
6,83,0.204063,0.025847,67.520131
7,83,0.204063,0.023963,67.676658
8,83,0.204063,0.024735,67.611106
9,83,0.204063,0.024309,67.516670
10,83,0.204063,0.025598,67.492732
1,84,0.204063,0.021552,61.607382
2,84,0.204063,0.021552,61.607382
3,84,0.204063,0.020204,60.740018
4,84,0.204063,0.020204,61.244873
5,84,0.204063,0.020557,61.339887
6,84,0.204063,0.020437,61.370702
7,84,0.204063,0.020437,61.370702
8,84,0.204063,0.020841,61.370702
9,84,0.204063,0.020283,61.370702
10,84,0.204063,0.021271,61.448948
1,85,0.204063,0.010971,65.125657
2,85,0.204063,0.010877,65.208480
3,85,0.204063,0.010851,64.320505
4,85,0.204063,0.010999,65.185486
5,85,0.204063,0.011112,65.199608
6,85,0.204063,0.011630,65.285585
7,85,0.204063,0.012440,65.641251
8,85,0.204063,0.012381,65.101504
9,85,0.204063,0.014170,66.246103
10,85,0.204063,0.012761,65.866083
1,86,0.203886,0.039250,72.767532
2,86,0.203886,0.039260,73.050089
3,86,0.203886,0.039187,73.050089
4,86,0.203886,0.039187,72.710415
5,86,0.203886,0.039187,72.710415
6,86,0.203886,0.038184,72.710776
7,86,0.203886,0.038184,72.710776
8,86,0.203886,0.038184,72.709456
9,86,0.203886,0.039024,72.709456
10,86,0.203886,0.039024,72.709456
1,87,0.203527,0.056082,61.997251
2,87,0.203527,0.057149,61.997251
3,87,0.203527,0.053130,61.997251
4,87,0.203527,0.055376,61.888675
5,87,0.203527,0.052968,61.888675
6,87,0.203527,0.053390,61.888675
7,87,0.203527,0.054587,61.992001
8,87,0.203527,0.054587,61.997292
9,87,0.203527,0.054587,61.997292
10,87,0.203527,0.054587,61.997292
1,88,0.204063,0.026646,66.948257
2,88,0.204063,0.026646,67.026045
3,88,0.204063,0.027967,67.520235
4,88,0.204063,0.027967,67.520235
5,88,0.204063,0.026754,66.974991
6,88,0.204063,0.026703,67.223752
7,88,0.204063,0.027154,67.540374
8,88,0.204063,0.027407,67.271418
9,88,0.204063,0.026955,67.271418
10,88,0.204063,0.026949,67.271418
1,89,0.203304,0.027144,55.392135
2,89,0.203304,0.027137,55.470358
3,89,0.203304,0.027137,55.515140
4,89,0.203304,0.027091,55.513396
5,89,0.203304,0.027478,55.511710
6,89,0.203304,0.027494,55.615105
7,89,0.203304,0.028060,55.615105
8,89,0.203304,0.027896,55.668072
9,89,0.203304,0.027896,55.668072
10,89,0.203304,0.027896,55.668072
1,90,0.204063,0.044157,76.469759
2,90,0.204063,0.043250,76.469759
3,90,0.204063,0.043127,76.382278
4,90,0.204063,0.044636,76.577513
5,90,0.204063,0.043518,76.635832
6,90,0.204063,0.039502,76.467057
7,90,0.204063,0.039502,76.467057
8,90,0.204063,0.044467,76.467057
9,90,0.204063,0.044467,76.467057
10,90,0.204063,0.040805,76.467057
1,91,0.204063,0.030500,76.032010
2,91,0.204063,0.031805,75.503056
3,91,0.204063,0.028847,75.440554
4,91,0.204063,0.028240,76.120015
5,91,0.204063,0.026947,76.774234
6,91,0.204063,0.023439,77.722832
7,91,0.204063,0.022027,77.385508
8,91,0.204063,0.022068,77.367142
9,91,0.204063,0.023440,77.298091
10,91,0.204063,0.023509,77.296881
1,92,0.204063,0.018934,59.451466
2,92,0.204063,0.019402,59.451466
3,92,0.204063,0.019098,59.215808
4,92,0.204063,0.018664,59.322529
5,92,0.204063,0.018671,59.101798
6,92,0.204063,0.018875,59.400370
7,92,0.204063,0.018849,59.400370
8,92,0.204063,0.019674,59.616162
9,92,0.204063,0.020158,59.798739
10,92,0.204063,0.020046,59.903830
1,93,0.204063,0.025288,58.383099
2,93,0.204063,0.026479,58.750225
3,93,0.204063,0.025643,58.360805
4,93,0.204063,0.025630,58.360805
5,93,0.204063,0.026581,58.781981
6,93,0.204063,0.026579,59.157287
7,93,0.204063,0.026525,59.186779
8,93,0.204063,0.026316,58.786806
9,93,0.204063,0.026556,59.118014
10,93,0.204063,0.025229,58.233515
1,94,0.204063,0.030532,77.037111
2,94,0.204063,0.029436,76.863358
3,94,0.204063,0.029356,76.721958
4,94,0.204063,0.030046,76.939806
5,94,0.204063,0.029945,76.947100
6,94,0.204063,0.029945,76.947100
7,94,0.204063,0.030791,76.947100
8,94,0.204063,0.031759,77.264521
9,94,0.204063,0.030086,77.113342
10,94,0.204063,0.031352,77.287089
1,95,0.204226,0.027280,62.041599
2,95,0.204226,0.026446,61.858787
3,95,0.204226,0.026446,61.858787
4,95,0.204226,0.026537,61.858787
5,95,0.204226,0.026890,62.040361
6,95,0.204226,0.025587,61.669990
7,95,0.204226,0.026230,61.533920
8,95,0.204226,0.026230,61.554127
9,95,0.204226,0.026230,61.654731
10,95,0.204226,0.026230,61.654731
1,96,0.204063,0.035442,65.064658
2,96,0.204063,0.035424,64.548367
3,96,0.204063,0.035424,64.548367
4,96,0.204063,0.034378,64.272420
5,96,0.204063,0.038950,65.460805
6,96,0.204063,0.038950,65.948993
7,96,0.204063,0.038861,65.568349
8,96,0.204063,0.037139,65.252069
9,96,0.204063,0.037294,65.187162
10,96,0.204063,0.037104,65.187162
1,97,0.204063,0.029294,69.310833
2,97,0.204063,0.029294,69.310833
3,97,0.204063,0.029218,69.310833
4,97,0.204063,0.029218,69.624285
5,97,0.204063,0.029218,69.381899
6,97,0.204063,0.029218,69.438732
7,97,0.204063,0.028642,69.485774
8,97,0.204063,0.028642,69.485774
9,97,0.204063,0.028375,69.385510
10,97,0.204063,0.027778,69.089310
1,98,0.204600,0.043681,61.132906
2,98,0.204600,0.043657,61.132906
3,98,0.204600,0.043657,61.132906
4,98,0.204600,0.043657,61.132906
5,98,0.204600,0.043765,61.138582
6,98,0.204600,0.045858,61.394281
7,98,0.204600,0.045728,61.446068
8,98,0.204600,0.045728,61.446068
9,98,0.204600,0.045635,61.446068
10,98,0.204600,0.045392,61.446068
1,99,0.204063,0.026174,74.663964
2,99,0.204063,0.023845,74.907738
3,99,0.204063,0.025340,74.289531
4,99,0.204063,0.024571,74.273162
5,99,0.204063,0.029091,74.496474
6,99,0.204063,0.029697,74.347869
7,99,0.204063,0.025351,73.856892
8,99,0.204063,0.027200,74.279368
9,99,0.204063,0.026081,74.553247
10,99,0.204063,0.024466,74.203405
1,100,0.204063,0.040895,66.170708
2,100,0.204063,0.040895,66.056829
3,100,0.204063,0.040605,66.143314
4,100,0.204063,0.040605,66.143314
5,100,0.204063,0.043220,66.308641
6,100,0.204063,0.043220,66.308641
7,100,0.204063,0.041202,66.391728
8,100,0.204063,0.042856,66.431874
9,100,0.204063,0.042856,66.431874
10,100,0.204063,0.043300,66.431874
1,101,0.204063,0.054745,65.763573
2,101,0.204063,0.055561,65.856564
3,101,0.204063,0.055696,65.870045
4,101,0.204063,0.055696,65.870045
5,101,0.204063,0.054201,65.849250
6,101,0.204063,0.054201,65.855089
7,101,0.204063,0.055295,65.946281
8,101,0.204063,0.055990,66.031596
9,101,0.204063,0.055990,66.031596
10,101,0.204063,0.055829,65.988320
1,102,0.204063,0.031323,74.158855
2,102,0.204063,0.027985,73.491908
3,102,0.204063,0.029883,73.491908
4,102,0.204063,0.029622,72.812024
5,102,0.204063,0.031170,72.993714
6,102,0.204063,0.028317,73.564397
7,102,0.204063,0.029508,73.585605
8,102,0.204063,0.028630,74.241339
9,102,0.204063,0.024798,74.797405
10,102,0.204063,0.024070,74.677266
1,103,0.204063,0.031920,79.089768
2,103,0.204063,0.030254,79.153235
3,103,0.204063,0.031140,79.619077
4,103,0.204063,0.030475,79.313248
5,103,0.204063,0.033934,79.233780
6,103,0.204063,0.035863,78.439401
7,103,0.204063,0.039544,78.303608
8,103,0.204063,0.041661,78.303608
9,103,0.204063,0.041661,78.303608
10,103,0.204063,0.041286,78.480292
1,104,0.203827,0.046173,64.544122
2,104,0.203827,0.044479,64.544122
3,104,0.203827,0.044479,64.544122
4,104,0.203827,0.044312,64.590001
5,104,0.203827,0.043803,64.343371
6,104,0.203827,0.045027,64.343371
7,104,0.203827,0.045027,64.486886
8,104,0.203827,0.045027,64.486886
9,104,0.203827,0.045027,64.486886
10,104,0.203827,0.045029,64.486886
1,105,0.204063,0.029596,79.082326
2,105,0.204063,0.029791,79.045414
3,105,0.204063,0.035397,79.045414
4,105,0.204063,0.030848,78.966251
5,105,0.204063,0.027917,79.016755
6,105,0.204063,0.027782,79.414835
7,105,0.204063,0.027366,79.414835
8,105,0.204063,0.027366,79.469229
9,105,0.204063,0.032569,78.825110
10,105,0.204063,0.031387,79.195010
1,106,0.204277,0.099803,72.260672
2,106,0.204277,0.092813,72.260672
3,106,0.204277,0.092813,72.260672
4,106,0.204277,0.089836,72.265369
5,106,0.204277,0.089836,72.265369
6,106,0.204277,0.096374,72.265369
7,106,0.204277,0.093310,72.265369
8,106,0.204277,0.095994,72.265369
9,106,0.204277,0.096875,72.372333
10,106,0.204277,0.104950,72.372333
1,107,0.204063,0.014774,53.689515
2,107,0.204063,0.015179,54.031125
3,107,0.204063,0.015179,54.203896
4,107,0.204063,0.014648,53.738831
5,107,0.204063,0.014230,53.340608
6,107,0.204063,0.014652,53.828005
7,107,0.204063,0.014652,53.666291
8,107,0.204063,0.014182,53.516294
9,107,0.204063,0.014200,52.924211
10,107,0.204063,0.014200,52.924211
1,108,0.204063,0.056183,66.994565
2,108,0.204063,0.050313,67.149033
3,108,0.204063,0.061324,67.149033
4,108,0.204063,0.060161,66.690180
5,108,0.204063,0.049442,67.376065
6,108,0.204063,0.062259,67.040316
7,108,0.204063,0.062857,67.040316
8,108,0.204063,0.062510,67.040316
9,108,0.204063,0.063317,67.040316
10,108,0.204063,0.064021,67.040316
1,109,0.204063,0.043824,65.561819
2,109,0.204063,0.043404,65.316359
3,109,0.204063,0.043404,65.316359
4,109,0.204063,0.046301,65.373901
5,109,0.204063,0.045835,65.374205
6,109,0.204063,0.043839,65.434404
7,109,0.204063,0.042751,65.434404
8,109,0.204063,0.044236,65.518829
9,109,0.204063,0.044141,65.518829
10,109,0.204063,0.044141,65.400379
1,110,0.204063,0.014211,58.623643
2,110,0.204063,0.014051,58.532434
3,110,0.204063,0.014005,58.516582
4,110,0.204063,0.014005,58.241204
5,110,0.204063,0.014005,58.241204
6,110,0.204063,0.014333,58.240438
7,110,0.204063,0.014363,58.265274
8,110,0.204063,0.014548,58.512949
9,110,0.204063,0.014415,58.761650
10,110,0.204063,0.014336,58.761650
1,111,0.204063,0.037004,54.420399
2,111,0.204063,0.037309,54.588296
3,111,0.204063,0.037309,54.646837
4,111,0.204063,0.037309,54.596722
5,111,0.204063,0.034231,54.822446
6,111,0.204063,0.039872,54.822446
7,111,0.204063,0.040064,55.042034
8,111,0.204063,0.039846,55.157948
9,111,0.204063,0.039846,55.157948
10,111,0.204063,0.040006,54.835445
1,112,0.204063,0.018171,64.670758
2,112,0.204063,0.018447,64.505655
3,112,0.204063,0.017845,64.462747
4,112,0.204063,0.017845,64.494510
5,112,0.204063,0.017845,64.439531
6,112,0.204063,0.017757,64.439531
7,112,0.204063,0.017757,64.116085
8,112,0.204063,0.017908,64.660141
9,112,0.204063,0.017434,64.520808
10,112,0.204063,0.018776,64.909457
1,113,0.204063,0.040290,67.132524
2,113,0.204063,0.041889,67.270110
3,113,0.204063,0.040475,67.201608
4,113,0.204063,0.040475,67.201608
5,113,0.204063,0.039012,66.944220
6,113,0.204063,0.039012,66.944220
7,113,0.204063,0.039012,66.944220
8,113,0.204063,0.040489,67.155243
9,113,0.204063,0.040489,67.058954
10,113,0.204063,0.039663,66.991807
1,114,0.203313,0.012628,60.421997
2,114,0.203313,0.012628,60.695666
3,114,0.203313,0.012628,60.709469
4,114,0.203313,0.012800,60.910149
5,114,0.203313,0.013353,61.457345
6,114,0.203313,0.013353,61.457345
7,114,0.203313,0.013353,61.457345
8,114,0.203313,0.013353,61.016313
9,114,0.203313,0.012578,60.905172
10,114,0.203313,0.012973,61.401740
1,115,0.204063,0.025785,67.443290
2,115,0.204063,0.025737,67.240655
3,115,0.204063,0.025370,67.015964
4,115,0.204063,0.024319,66.941967
5,115,0.204063,0.025090,66.930194
6,115,0.204063,0.024502,67.019509
7,115,0.204063,0.024502,67.019509
8,115,0.204063,0.025712,67.186040
9,115,0.204063,0.024037,67.186040
10,115,0.204063,0.024037,66.792356
1,116,0.203592,0.036205,60.879350
2,116,0.203592,0.036412,60.879350
3,116,0.203592,0.036412,60.795906
4,116,0.203592,0.036412,60.795906
5,116,0.203592,0.036412,60.795906
6,116,0.203592,0.036412,60.795906
7,116,0.203592,0.036412,60.795906
8,116,0.203592,0.036412,60.827442
9,116,0.203592,0.036412,60.818011
10,116,0.203592,0.036412,60.818011
1,117,0.204063,0.031249,77.281509
2,117,0.204063,0.031663,77.852305
3,117,0.204063,0.032461,77.852305
4,117,0.204063,0.032241,77.964977
5,117,0.204063,0.032838,78.210420
6,117,0.204063,0.035722,77.988194
7,117,0.204063,0.033945,77.872306
8,117,0.204063,0.031439,77.947956
9,117,0.204063,0.031904,77.913041
10,117,0.204063,0.032745,77.913041
1,118,0.204063,0.009442,81.302242
2,118,0.204063,0.009190,81.767920
3,118,0.204063,0.008677,83.019008
4,118,0.204063,0.008920,81.603795
5,118,0.204063,0.008576,81.864550
6,118,0.204063,0.008406,82.406629
7,118,0.204063,0.008069,81.489275
8,118,0.204063,0.007961,83.105895
9,118,0.204063,0.008380,82.839856
10,118,0.204063,0.008370,82.682279
1,119,0.204880,0.080777,63.046726
2,119,0.204880,0.080777,63.046726
3,119,0.204880,0.080777,63.046726
4,119,0.204880,0.081773,63.046726
5,119,0.204880,0.083348,63.200621
6,119,0.204880,0.083348,63.115314
7,119,0.204880,0.087766,63.406391
8,119,0.204880,0.087766,63.360633
9,119,0.204880,0.087766,63.360633
10,119,0.204880,0.087766,63.360633
1,120,0.204063,0.057975,81.884291
2,120,0.204063,0.068725,81.075034
3,120,0.204063,0.058301,81.551672
4,120,0.204063,0.062245,82.035242
5,120,0.204063,0.048137,81.591105
6,120,0.204063,0.054460,81.518571
7,120,0.204063,0.064385,81.293831
8,120,0.204063,0.065587,81.348585
9,120,0.204063,0.057584,81.207237
10,120,0.204063,0.051733,81.194789
1,121,0.204063,0.028748,64.677268
2,121,0.204063,0.028748,64.677268
3,121,0.204063,0.028748,64.677268
4,121,0.204063,0.029268,64.790490
5,121,0.204063,0.031025,64.953934
6,121,0.204063,0.030484,64.953934
7,121,0.204063,0.030484,64.953934
8,121,0.204063,0.029002,64.685340
9,121,0.204063,0.029233,64.987056
10,121,0.204063,0.029993,65.002296
1,122,0.204227,0.025738,80.894918
2,122,0.204227,0.024700,80.931957
3,122,0.204227,0.023506,80.931957
4,122,0.204227,0.025536,80.936054
5,122,0.204227,0.023229,80.901088
6,122,0.204227,0.023899,80.779191
7,122,0.204227,0.023153,80.829125
8,122,0.204227,0.024954,80.710416
9,122,0.204227,0.026578,81.071042
10,122,0.204227,0.026466,80.828956
1,123,0.203632,0.028761,83.783531
2,123,0.203632,0.028795,83.889521
3,123,0.203632,0.034157,83.821367
4,123,0.203632,0.030476,83.821367
5,123,0.203632,0.030005,83.771129
6,123,0.203632,0.027015,83.451601
7,123,0.203632,0.029994,83.884383
8,123,0.203632,0.030681,83.464429
9,123,0.203632,0.030684,83.978466
10,123,0.203632,0.034130,83.984306
1,124,0.204063,0.028903,77.588653
2,124,0.204063,0.026732,77.266018
3,124,0.204063,0.026049,77.266018
4,124,0.204063,0.027661,77.888760
5,124,0.204063,0.028222,77.381769
6,124,0.204063,0.028222,77.296859
7,124,0.204063,0.030272,77.630477
8,124,0.204063,0.029663,77.604129
9,124,0.204063,0.027947,77.316441
10,124,0.204063,0.026954,77.296064
1,125,0.204063,0.033998,72.495003
2,125,0.204063,0.032407,72.217475
3,125,0.204063,0.032407,72.217475
4,125,0.204063,0.032213,72.097540
5,125,0.204063,0.031860,72.097540
6,125,0.204063,0.031860,72.097540
7,125,0.204063,0.032587,72.499488
8,125,0.204063,0.033070,72.573046
9,125,0.204063,0.033070,72.228269
10,125,0.204063,0.033628,72.423584
1,126,0.204063,0.013879,67.442143
2,126,0.204063,0.014197,67.122397
3,126,0.204063,0.014211,67.348645
4,126,0.204063,0.014211,67.348645
5,126,0.204063,0.014689,67.678041
6,126,0.204063,0.014976,67.952267
7,126,0.204063,0.015176,67.759948
8,126,0.204063,0.014193,66.867966
9,126,0.204063,0.014193,67.734518
10,126,0.204063,0.014193,67.497665
1,127,0.204063,0.018079,75.478126
2,127,0.204063,0.019613,75.858580
3,127,0.204063,0.018416,75.447825
4,127,0.204063,0.017679,75.447825
5,127,0.204063,0.018337,75.950125
6,127,0.204063,0.019324,75.136928
7,127,0.204063,0.021410,75.655094
8,127,0.204063,0.015985,75.934065
9,127,0.204063,0.016856,76.237656
10,127,0.204063,0.016168,76.200924
1,128,0.204228,0.008789,74.267521
2,128,0.204228,0.008161,74.022562
3,128,0.204228,0.008148,73.795632
4,128,0.204228,0.008511,73.893849
5,128,0.204228,0.008628,75.256782
6,128,0.204228,0.008937,74.600265
7,128,0.204228,0.009642,75.733400
8,128,0.204228,0.008435,75.732283
9,128,0.204228,0.008833,75.280576
10,128,0.204228,0.008334,74.343430
1,129,0.204063,0.043516,81.896047
2,129,0.204063,0.039127,81.694284
3,129,0.204063,0.043645,81.694284
4,129,0.204063,0.044526,81.801361
5,129,0.204063,0.044526,81.801361
6,129,0.204063,0.045467,81.992401
7,129,0.204063,0.039913,81.992401
8,129,0.204063,0.039491,81.673955
9,129,0.204063,0.043880,81.894095
10,129,0.204063,0.044094,81.902766
1,130,0.203275,0.013871,78.664597
2,130,0.203275,0.015013,78.664597
3,130,0.203275,0.014867,78.664597
4,130,0.203275,0.014102,78.426866
5,130,0.203275,0.014952,77.964895
6,130,0.203275,0.015364,78.507312
7,130,0.203275,0.014418,78.824979
8,130,0.203275,0.015144,78.602746
9,130,0.203275,0.014909,78.589096
10,130,0.203275,0.014678,78.192794
1,131,0.203936,0.042198,60.288979
2,131,0.203936,0.043143,60.288979
3,131,0.203936,0.043544,60.395207
4,131,0.203936,0.043544,60.347722
5,131,0.203936,0.043544,60.347722
6,131,0.203936,0.043544,60.347722
7,131,0.203936,0.043544,60.347722
8,131,0.203936,0.044457,60.288356
9,131,0.203936,0.042747,60.252635
10,131,0.203936,0.044586,60.433291
1,132,0.204063,0.016963,64.162758
2,132,0.204063,0.016311,63.812056
3,132,0.204063,0.017730,64.994681
4,132,0.204063,0.017730,64.994681
5,132,0.204063,0.017485,64.933059
6,132,0.204063,0.017085,64.933059
7,132,0.204063,0.016602,64.547573
8,132,0.204063,0.017162,64.381810
9,132,0.204063,0.017719,64.598714
10,132,0.204063,0.017472,64.723417
1,133,0.204063,0.037341,69.152637
2,133,0.204063,0.037341,69.152637
3,133,0.204063,0.037341,69.152637
4,133,0.204063,0.037341,68.992407
5,133,0.204063,0.037341,69.233903
6,133,0.204063,0.038029,69.282859
7,133,0.204063,0.038029,69.282859
8,133,0.204063,0.037567,69.188563
9,133,0.204063,0.036581,68.952520
10,133,0.204063,0.036581,68.952520
1,134,0.204063,0.043903,74.028171
2,134,0.204063,0.043003,74.035465
3,134,0.204063,0.043408,74.068890
4,134,0.204063,0.039078,74.263409
5,134,0.204063,0.038865,73.985337
6,134,0.204063,0.037413,74.801703
7,134,0.204063,0.037413,74.511551
8,134,0.204063,0.037413,74.511551
9,134,0.204063,0.038099,74.321069
10,134,0.204063,0.042134,74.321069
1,135,0.204063,0.013389,70.536231
2,135,0.204063,0.013241,70.380203
3,135,0.204063,0.012398,70.345372
4,135,0.204063,0.013520,70.097382
5,135,0.204063,0.012425,70.062759
6,135,0.204063,0.011741,69.915380
7,135,0.204063,0.013009,70.284277
8,135,0.204063,0.011415,70.097087
9,135,0.204063,0.012890,70.371370
10,135,0.204063,0.013293,69.892467
1,136,0.203564,0.102982,68.370812
2,136,0.203564,0.103706,68.370812
3,136,0.203564,0.103706,68.370812
4,136,0.203564,0.104871,68.511256
5,136,0.203564,0.109307,68.511256
6,136,0.203564,0.099212,68.474403
7,136,0.203564,0.099212,68.474403
8,136,0.203564,0.097521,68.378959
9,136,0.203564,0.098743,68.531542
10,136,0.203564,0.096167,68.531542
1,137,0.204063,0.028945,72.545607
2,137,0.204063,0.030405,73.149908
3,137,0.204063,0.031306,72.560308
4,137,0.204063,0.032192,72.372819
5,137,0.204063,0.032167,72.895789
6,137,0.204063,0.033398,72.301876
7,137,0.204063,0.029431,72.495201
8,137,0.204063,0.029431,72.805573
9,137,0.204063,0.029431,72.474796
10,137,0.204063,0.031500,72.404667
1,138,0.203726,0.114611,65.478023
2,138,0.203726,0.107829,65.520797
3,138,0.203726,0.107829,65.520797
4,138,0.203726,0.114182,65.520797
5,138,0.203726,0.114182,65.520797
6,138,0.203726,0.104169,65.429639
7,138,0.203726,0.104169,65.429639
8,138,0.203726,0.104169,65.414712
9,138,0.203726,0.104169,65.419089
10,138,0.203726,0.104169,65.419089
1,139,0.204545,0.020586,52.144982
2,139,0.204545,0.020586,52.144982
3,139,0.204545,0.020586,52.144982
4,139,0.204545,0.020523,52.074858
5,139,0.204545,0.020294,52.114038
6,139,0.204545,0.020294,52.018166
7,139,0.204545,0.019905,51.781862
8,139,0.204545,0.019684,51.452265
9,139,0.204545,0.019683,51.452265
10,139,0.204545,0.019449,51.452265
1,140,0.204063,0.011559,74.545871
2,140,0.204063,0.011194,74.127388
3,140,0.204063,0.011746,73.650466
4,140,0.204063,0.013021,74.065258
5,140,0.204063,0.013141,74.107161
6,140,0.204063,0.013391,73.891430
7,140,0.204063,0.012987,73.892484
8,140,0.204063,0.014117,73.892484
9,140,0.204063,0.014894,73.583790
10,140,0.204063,0.011651,74.260192
1,141,0.204063,0.022302,67.632813
2,141,0.204063,0.022302,67.632813
3,141,0.204063,0.022302,67.632813
4,141,0.204063,0.022235,67.437015
5,141,0.204063,0.022235,67.437015
6,141,0.204063,0.021538,67.385544
7,141,0.204063,0.021390,67.385544
8,141,0.204063,0.021390,67.205981
9,141,0.204063,0.021563,67.205981
10,141,0.204063,0.021564,67.336640
1,142,0.204995,0.032055,55.588009
2,142,0.204995,0.032814,55.766357
3,142,0.204995,0.033105,55.766357
4,142,0.204995,0.033105,55.866269
5,142,0.204995,0.033105,55.917533
6,142,0.204995,0.033105,55.917533
7,142,0.204995,0.033105,55.917533
8,142,0.204995,0.033105,56.015534
9,142,0.204995,0.033498,56.015534
10,142,0.204995,0.032501,55.837330
1,143,0.204063,0.034350,72.869589
2,143,0.204063,0.035913,73.091119
3,143,0.204063,0.038314,73.091119
4,143,0.204063,0.036031,72.729958
5,143,0.204063,0.031769,72.905872
6,143,0.204063,0.033860,72.905872
7,143,0.204063,0.036870,72.905872
8,143,0.204063,0.036467,73.011531
9,143,0.204063,0.034489,73.185795
10,143,0.204063,0.035559,72.866659
1,144,0.204063,0.018998,60.897711
2,144,0.204063,0.019753,61.619427
3,144,0.204063,0.019542,61.238655
4,144,0.204063,0.019928,61.513135
5,144,0.204063,0.020278,61.930092
6,144,0.204063,0.020347,62.017516
7,144,0.204063,0.020347,62.017516
8,144,0.204063,0.020347,62.017516
9,144,0.204063,0.020022,61.896317
10,144,0.204063,0.020022,61.896317
1,145,0.204063,0.049498,80.396373
2,145,0.204063,0.058201,79.666841
3,145,0.204063,0.022207,84.447641
4,145,0.204063,0.023218,84.584720
5,145,0.204063,0.024629,83.267746
6,145,0.204063,0.025272,83.987429
7,145,0.204063,0.024304,84.347432
8,145,0.204063,0.024726,85.343606
9,145,0.204063,0.031756,84.037219
10,145,0.204063,0.031683,85.219352
1,146,0.204063,0.033377,65.267184
2,146,0.204063,0.033236,65.100706
3,146,0.204063,0.033236,65.282736
4,146,0.204063,0.033417,65.446295
5,146,0.204063,0.032823,64.943619
6,146,0.204063,0.032619,65.093590
7,146,0.204063,0.032619,65.093590
8,146,0.204063,0.033209,65.260633
9,146,0.204063,0.033209,65.185636
10,146,0.204063,0.033209,65.185636
1,147,0.204703,0.047990,56.651610
2,147,0.204703,0.047990,56.651610
3,147,0.204703,0.047990,56.651610
4,147,0.204703,0.046961,56.492659
5,147,0.204703,0.046961,56.572027
6,147,0.204703,0.046961,56.572027
7,147,0.204703,0.046961,56.572027
8,147,0.204703,0.047527,56.798083
9,147,0.204703,0.050308,56.885646
10,147,0.204703,0.050308,57.084933
1,148,0.204138,0.025980,65.466468
2,148,0.204138,0.026824,65.753504
3,148,0.204138,0.026824,65.753504
4,148,0.204138,0.027997,66.371846
5,148,0.204138,0.027973,66.371846
6,148,0.204138,0.028418,66.459992
7,148,0.204138,0.027585,65.717079
8,148,0.204063,0.026830,65.564766
9,148,0.204063,0.026830,65.724490
10,148,0.204063,0.025827,65.667891
1,149,0.203905,0.029947,69.911043
2,149,0.203905,0.029712,69.943429
3,149,0.203905,0.029242,69.943429
4,149,0.203905,0.029242,69.943429
5,149,0.203905,0.029068,69.943429
6,149,0.203905,0.029452,70.067969
7,149,0.203905,0.029678,70.026648
8,149,0.203905,0.029678,70.006284
9,149,0.203905,0.029273,70.006284
10,149,0.203905,0.029667,70.006284
1,150,0.204063,0.030378,69.883559
2,150,0.204063,0.030185,69.883559
3,150,0.204063,0.027303,70.284498
4,150,0.204063,0.028224,70.155492
5,150,0.204063,0.028224,70.272962
6,150,0.204063,0.029299,70.046281
7,150,0.204063,0.031735,70.046281
8,150,0.204063,0.031847,70.046281
9,150,0.204063,0.026996,69.903524
10,150,0.204063,0.026546,70.077337
1,151,0.204063,0.010355,74.437227
2,151,0.204063,0.009263,75.286872
3,151,0.204063,0.009461,75.624347
4,151,0.204063,0.010960,75.372801
5,151,0.204063,0.010468,75.094086
6,151,0.204063,0.011329,75.341255
7,151,0.204063,0.011545,75.341255
8,151,0.204063,0.009287,74.930530
9,151,0.204063,0.010188,75.684544
10,151,0.204063,0.010172,75.535450
1,152,0.204063,0.021332,67.227743
2,152,0.204063,0.021332,67.130287
3,152,0.204063,0.020995,67.130287
4,152,0.204063,0.020995,66.830924
5,152,0.204063,0.020863,66.789427
6,152,0.204063,0.020863,66.789427
7,152,0.204063,0.020892,66.789427
8,152,0.204063,0.021177,67.322755
9,152,0.204063,0.021097,67.322755
10,152,0.204063,0.021097,67.197119
1,153,0.204063,0.027012,72.504311
2,153,0.204063,0.030083,72.472608
3,153,0.204063,0.027899,72.334394
4,153,0.204063,0.028690,72.612223
5,153,0.204063,0.028754,72.554648
6,153,0.204063,0.028754,72.554648
7,153,0.204063,0.028682,72.369574
8,153,0.204063,0.029470,72.539771
9,153,0.204063,0.028104,72.408727
10,153,0.204063,0.028426,72.367620
1,154,0.204063,0.061945,80.579638
2,154,0.204063,0.056719,80.437133
3,154,0.204063,0.048715,80.583835
4,154,0.204063,0.051695,80.603150
5,154,0.204063,0.058498,80.603150
6,154,0.204063,0.064189,79.780827
7,154,0.204063,0.064160,80.274066
8,154,0.204063,0.058918,80.439441
9,154,0.204063,0.063205,80.192535
10,154,0.204063,0.063205,80.104104
1,155,0.204063,0.018906,70.813427
2,155,0.204063,0.018417,70.434701
3,155,0.204063,0.018029,70.434701
4,155,0.204063,0.018121,70.181810
5,155,0.204063,0.017620,70.295364
6,155,0.204063,0.017694,70.173396
7,155,0.204063,0.016575,70.173396
8,155,0.204063,0.017152,70.320012
9,155,0.204063,0.017152,70.364803
10,155,0.204063,0.017375,70.426853
1,156,0.204472,0.030103,81.086646
2,156,0.204472,0.029490,80.976146
3,156,0.204472,0.029479,81.078183
4,156,0.204472,0.029479,81.078183
5,156,0.204472,0.030099,81.280887
6,156,0.204472,0.030099,81.280887
7,156,0.204472,0.028629,81.252210
8,156,0.204472,0.031516,81.252210
9,156,0.204472,0.031194,81.252210
10,156,0.204472,0.031194,81.252210
1,157,0.203725,0.053492,63.716652
2,157,0.203725,0.053663,63.716652
3,157,0.203725,0.055187,63.989392
4,157,0.203725,0.056263,63.983124
5,157,0.203725,0.056083,64.021437
6,157,0.203725,0.056083,64.021437
7,157,0.203725,0.056083,64.021437
8,157,0.203725,0.056083,64.021437
9,157,0.203725,0.056083,64.021437
10,157,0.203725,0.056083,64.021437
1,158,0.204700,0.025941,57.801155
2,158,0.204700,0.025941,57.801155
3,158,0.204700,0.025941,57.801155
4,158,0.204700,0.025743,57.861689
5,158,0.204700,0.026216,57.862144
6,158,0.204700,0.026019,58.083189
7,158,0.204700,0.026019,58.259532
8,158,0.204700,0.025641,57.614792
9,158,0.204700,0.025751,57.645544
10,158,0.204700,0.025751,57.822084
1,159,0.204063,0.027941,76.089131
2,159,0.204063,0.027789,75.631056
3,159,0.204063,0.027649,75.753726
4,159,0.204063,0.026907,75.765176
5,159,0.204063,0.026907,75.765176
6,159,0.204063,0.026986,75.765176
7,159,0.204063,0.027017,75.814679
8,159,0.204063,0.027038,75.943336
9,159,0.204063,0.027038,75.943336
10,159,0.204063,0.025665,75.506409
1,160,0.204063,0.023826,70.277149
2,160,0.204063,0.022577,70.190796
3,160,0.204063,0.022654,70.624577
4,160,0.204063,0.024520,70.806651
5,160,0.204063,0.024863,70.806651
6,160,0.204063,0.024100,70.783614
7,160,0.204063,0.024100,70.783614
8,160,0.204063,0.024100,70.783614
9,160,0.204063,0.024601,71.065934
10,160,0.204063,0.024601,71.096743
1,161,0.204063,0.030764,74.329440
2,161,0.204063,0.035600,73.992462
3,161,0.204063,0.033825,73.992462
4,161,0.204063,0.036243,74.217963
5,161,0.204063,0.036848,74.398817
6,161,0.204063,0.039522,74.398817
7,161,0.204063,0.034513,74.325452
8,161,0.204063,0.034920,74.158104
9,161,0.204063,0.037608,74.254050
10,161,0.204063,0.035173,74.254050
1,162,0.203821,0.024214,84.861684
2,162,0.203821,0.025193,85.203451
3,162,0.203821,0.023870,84.555753
4,162,0.203821,0.020495,84.613149
5,162,0.203821,0.023645,84.646291
6,162,0.203821,0.022916,84.330630
7,162,0.203821,0.022505,84.415461
8,162,0.203821,0.021929,84.415461
9,162,0.203821,0.020933,84.476340
10,162,0.203821,0.020967,84.333179
1,163,0.204063,0.016188,73.104542
2,163,0.204063,0.016177,72.719998
3,163,0.204063,0.015972,72.975222
4,163,0.204063,0.016807,73.327043
5,163,0.204063,0.016807,73.325983
6,163,0.204063,0.017021,73.506889
7,163,0.204063,0.017021,73.521298
8,163,0.204063,0.017268,73.247597
9,163,0.204063,0.016340,73.190720
10,163,0.204063,0.016340,73.190720
1,164,0.204063,0.010889,71.933341
2,164,0.204063,0.010563,71.861870
3,164,0.204063,0.010185,71.343789
4,164,0.204063,0.010530,72.118276
5,164,0.204063,0.010480,71.273204
6,164,0.204063,0.011060,71.323603
7,164,0.204063,0.011201,71.365779
8,164,0.204063,0.010767,72.444069
9,164,0.204063,0.010639,72.068172
10,164,0.204063,0.010259,71.709788
1,165,0.204063,0.040113,66.456385
2,165,0.204063,0.042098,66.673628
3,165,0.204063,0.042098,66.620788
4,165,0.204063,0.041330,66.587822
5,165,0.204063,0.040800,66.587822
6,165,0.204063,0.042533,66.787533
7,165,0.204063,0.043349,66.674702
8,165,0.204063,0.040083,66.645656
9,165,0.204063,0.040875,66.373478
10,165,0.204063,0.042358,66.551255
1,166,0.204063,0.020318,71.857588
2,166,0.204063,0.019652,71.857588
3,166,0.204063,0.019810,71.934709
4,166,0.204063,0.019810,71.378411
5,166,0.204063,0.021548,71.797409
6,166,0.204063,0.021548,72.129359
7,166,0.204063,0.021799,72.225831
8,166,0.204063,0.021597,71.946973
9,166,0.204063,0.021576,72.164210
10,166,0.204063,0.020838,71.649659
1,167,0.204417,0.007158,72.483429
2,167,0.204417,0.007160,71.981882
3,167,0.204417,0.006646,72.566322
4,167,0.204417,0.007707,72.469741
5,167,0.204417,0.007707,72.115870
6,167,0.204417,0.007566,72.385889
7,167,0.204417,0.007359,72.150807
8,167,0.204417,0.006616,72.191699
9,167,0.204417,0.006349,72.548246
10,167,0.204417,0.006225,72.575422
1,168,0.204063,0.123341,85.862994
2,168,0.204063,0.115664,85.699349
3,168,0.204063,0.108789,86.288203
4,168,0.204063,0.103884,85.534586
5,168,0.204063,0.132164,84.029111
6,168,0.204063,0.154021,84.826168
7,168,0.204063,0.143184,85.147542
8,168,0.204063,0.123104,85.739247
9,168,0.204063,0.109278,84.668656
10,168,0.204063,0.097990,85.013250
1,169,0.203614,0.055677,62.988887
2,169,0.203614,0.055677,62.988887
3,169,0.203614,0.055677,62.988887
4,169,0.203614,0.055677,63.074161
5,169,0.203614,0.055253,62.800086
6,169,0.203614,0.055253,62.800086
7,169,0.203614,0.055556,62.800086
8,169,0.203614,0.055556,62.901280
9,169,0.203614,0.057843,62.901280
10,169,0.203614,0.056933,63.102931
1,170,0.204063,0.032101,69.359539
2,170,0.204063,0.032908,69.359539
3,170,0.204063,0.031034,68.923269
4,170,0.204063,0.031034,68.923269
5,170,0.204063,0.031065,68.923269
6,170,0.204063,0.031065,69.085706
7,170,0.204063,0.031520,69.167860
8,170,0.204063,0.030768,69.038909
9,170,0.204063,0.030361,68.935470
10,170,0.204063,0.030509,68.935470
1,171,0.203677,0.010652,63.947543
2,171,0.203677,0.010238,63.662046
3,171,0.203677,0.010238,63.516976
4,171,0.203677,0.009994,63.247973
5,171,0.203677,0.009902,62.925634
6,171,0.203677,0.009902,63.337849
7,171,0.203677,0.010001,63.477333
8,171,0.203677,0.010784,63.551785
9,171,0.203677,0.010604,63.551785
10,171,0.203677,0.011285,64.297198
1,172,0.204063,0.024161,67.172055
2,172,0.204063,0.024468,67.530165
3,172,0.204063,0.024308,67.496551
4,172,0.204063,0.024719,67.496551
5,172,0.204063,0.026191,67.496551
6,172,0.204063,0.024189,67.622949
7,172,0.204063,0.024189,67.611671
8,172,0.204063,0.024677,67.413416
9,172,0.204063,0.024677,67.386419
10,172,0.204063,0.024081,67.582176
1,173,0.203958,0.052595,64.560846
2,173,0.203958,0.052439,64.560846
3,173,0.203958,0.054287,64.560846
4,173,0.203958,0.054287,64.560846
5,173,0.203958,0.054291,64.705764
6,173,0.203958,0.055062,64.773723
7,173,0.203958,0.055062,64.709691
8,173,0.203958,0.053322,64.658796
9,173,0.203958,0.052913,64.658796
10,173,0.203958,0.052136,64.439499
1,174,0.203438,0.011115,64.567122
2,174,0.203438,0.011580,64.797515
3,174,0.203438,0.011040,64.530254
4,174,0.203438,0.011040,64.889613
5,174,0.203438,0.011203,64.857421
6,174,0.203438,0.011761,64.910147
7,174,0.203438,0.011087,64.828320
8,174,0.203438,0.011396,64.569428
9,174,0.203438,0.011966,65.667707
10,174,0.203438,0.011536,65.276724
1,175,0.204578,0.017847,65.276270
2,175,0.204578,0.017728,65.028685
3,175,0.204578,0.017626,65.117838
4,175,0.204578,0.017403,65.196440
5,175,0.204578,0.017403,64.980531
6,175,0.204578,0.017480,64.943619
7,175,0.204578,0.017291,65.026726
8,175,0.204578,0.017861,65.557008
9,175,0.204578,0.017366,64.934117
10,175,0.204578,0.017652,65.104975
1,176,0.205067,0.029603,62.319303
2,176,0.205067,0.029395,62.264403
3,176,0.205067,0.029395,62.437596
4,176,0.205067,0.030029,62.185482
5,176,0.205067,0.028949,62.078707
6,176,0.205067,0.029815,62.316306
7,176,0.205067,0.029815,62.316306
8,176,0.205067,0.029838,62.316306
9,176,0.205067,0.028671,61.947705
10,176,0.205067,0.028599,62.035514
1,177,0.204063,0.041634,83.468687
2,177,0.204063,0.033236,84.612642
3,177,0.204063,0.034790,83.337525
4,177,0.204063,0.041506,82.783357
5,177,0.204063,0.040646,82.739424
6,177,0.204063,0.044057,81.850034
7,177,0.204063,0.039712,81.906396
8,177,0.204063,0.036959,81.975381
9,177,0.204063,0.034595,82.198993
10,177,0.204063,0.039304,81.889848
1,178,0.204063,0.029808,78.566464
2,178,0.204063,0.032714,78.997827
3,178,0.204063,0.032932,79.096171
4,178,0.204063,0.032315,79.143983
5,178,0.204063,0.032315,79.134216
6,178,0.204063,0.032315,78.861005
7,178,0.204063,0.031312,78.812924
8,178,0.204063,0.031325,78.733325
9,178,0.204063,0.032067,78.919885
10,178,0.204063,0.031383,78.864254
1,179,0.204063,0.036583,65.294324
2,179,0.204063,0.037842,64.784041
3,179,0.204063,0.037842,64.784041
4,179,0.204063,0.037842,64.784041
5,179,0.204063,0.037842,64.784041
6,179,0.204063,0.037842,65.155348
7,179,0.204063,0.037842,65.155348
8,179,0.204063,0.036990,65.005920
9,179,0.204063,0.036990,64.824472
10,179,0.204063,0.036990,64.824472
1,180,0.204063,0.026868,59.368093
2,180,0.204063,0.029958,59.529126
3,180,0.204063,0.029958,59.529126
4,180,0.204063,0.028404,59.627817
5,180,0.204063,0.028282,59.536473
6,180,0.204063,0.027725,59.333353
7,180,0.204063,0.027658,59.333353
8,180,0.204063,0.027658,59.333353
9,180,0.204063,0.027258,59.184025
10,180,0.204063,0.028069,59.184025
1,181,0.204085,0.064404,70.654760
2,181,0.204085,0.064404,70.715497
3,181,0.204085,0.062418,70.715497
4,181,0.204085,0.062418,70.749048
5,181,0.204085,0.063570,70.631875
6,181,0.204085,0.063007,70.702192
7,181,0.204085,0.065513,70.702192
8,181,0.204085,0.067821,70.925279
9,181,0.204085,0.067821,70.925279
10,181,0.204085,0.067821,70.925279
1,182,0.204485,0.011107,59.585087
2,182,0.204485,0.010797,59.445291
3,182,0.204485,0.010420,58.669040
4,182,0.204485,0.010841,59.175650
5,182,0.204485,0.010548,59.048898
6,182,0.204485,0.010805,59.157679
7,182,0.204485,0.010925,59.578767
8,182,0.204485,0.011301,59.134584
9,182,0.204485,0.010323,59.338357
10,182,0.204485,0.010953,59.338357
1,183,0.204063,0.020594,67.677687
2,183,0.204063,0.020594,67.677687
3,183,0.204063,0.020869,67.495122
4,183,0.204063,0.020867,67.817029
5,183,0.204063,0.021422,67.661531
6,183,0.204063,0.022116,67.932204
7,183,0.204063,0.021047,67.791984
8,183,0.204063,0.020845,67.741263
9,183,0.204063,0.020845,67.741263
10,183,0.204063,0.020675,67.729604
1,184,0.204063,0.028833,66.960945
2,184,0.204063,0.028833,67.199865
3,184,0.204063,0.028650,67.050261
4,184,0.204063,0.028650,67.050261
5,184,0.204063,0.028650,67.008171
6,184,0.204063,0.028650,67.008171
7,184,0.204063,0.028650,67.032494
8,184,0.204063,0.028650,67.032494
9,184,0.204063,0.028808,67.032494
10,184,0.204063,0.028690,67.032795
1,185,0.204408,0.054933,72.649749
2,185,0.204408,0.053533,72.647718
3,185,0.204408,0.055769,72.690923
4,185,0.204408,0.053571,72.690923
5,185,0.204408,0.053484,72.661019
6,185,0.204408,0.053500,72.553371
7,185,0.204408,0.054140,72.553371
8,185,0.204408,0.054140,72.553371
9,185,0.204408,0.053982,72.553371
10,185,0.204408,0.053666,72.590552
1,186,0.204063,0.030875,67.660878
2,186,0.204063,0.030624,67.660878
3,186,0.204063,0.030266,67.478672
4,186,0.204063,0.032213,67.531490
5,186,0.204063,0.033997,67.988376
6,186,0.204063,0.033997,68.003028
7,186,0.204063,0.032750,68.003028
8,186,0.204063,0.032750,68.003028
9,186,0.204063,0.033607,68.038620
10,186,0.204063,0.032875,67.826424
1,187,0.203807,0.088518,61.955201
2,187,0.203807,0.088518,61.916247
3,187,0.203807,0.086348,61.697972
4,187,0.203807,0.086192,61.753652
5,187,0.203807,0.086192,61.753652
6,187,0.203807,0.090722,62.037017
7,187,0.203807,0.085136,61.777251
8,187,0.203807,0.085136,61.777251
9,187,0.203807,0.085136,61.601345
10,187,0.203807,0.085136,61.718666
1,188,0.204063,0.032950,72.961166
2,188,0.204063,0.032950,72.945712
3,188,0.204063,0.032950,72.945712
4,188,0.204063,0.032742,73.208407
5,188,0.204063,0.033484,73.352573
6,188,0.204063,0.032452,73.024115
7,188,0.204063,0.033256,73.106266
8,188,0.204063,0.033986,73.114614
9,188,0.204063,0.033731,73.083746
10,188,0.204063,0.033731,73.083746
1,189,0.204063,0.014036,66.098725
2,189,0.204063,0.013609,65.474311
3,189,0.204063,0.012959,65.773335
4,189,0.204063,0.013004,65.773335
5,189,0.204063,0.012670,65.441267
6,189,0.204063,0.012470,65.578521
7,189,0.204063,0.013091,66.000010
8,189,0.204063,0.013132,66.280560
9,189,0.204063,0.015676,66.280560
10,189,0.204063,0.014418,66.191507
1,190,0.204640,0.068242,70.558159
2,190,0.204640,0.068242,70.558159
3,190,0.204640,0.068242,70.558159
4,190,0.204640,0.068242,70.558159
5,190,0.204640,0.068242,70.558159
6,190,0.204640,0.069133,70.558159
7,190,0.204640,0.069133,70.558159
8,190,0.204640,0.069133,70.558159
9,190,0.204640,0.069133,70.558159
10,190,0.204640,0.070643,70.620491
1,191,0.204063,0.025718,68.273481
2,191,0.204063,0.024760,67.713931
3,191,0.204063,0.024610,68.093561
4,191,0.204063,0.025078,67.820516
5,191,0.204063,0.026082,68.191652
6,191,0.204063,0.025772,68.339644
7,191,0.204063,0.025531,68.339644
8,191,0.204063,0.025531,68.396174
9,191,0.204063,0.024089,67.879358
10,191,0.204063,0.024198,67.879358
1,192,0.204063,0.039170,56.824246
2,192,0.204063,0.039170,56.824246
3,192,0.204063,0.037775,56.794690
4,192,0.204063,0.036823,56.549985
5,192,0.204063,0.035829,56.482905
6,192,0.204063,0.035829,56.286698
7,192,0.204063,0.035829,56.286698
8,192,0.204063,0.035332,56.286698
9,192,0.204063,0.037344,56.767545
10,192,0.204063,0.037644,56.767545
1,193,0.204063,0.015663,82.051934
2,193,0.204063,0.014898,81.503350
3,193,0.204063,0.016785,81.503350
4,193,0.204063,0.016792,81.637247
5,193,0.204063,0.015686,81.794134
6,193,0.204063,0.014453,81.799654
7,193,0.204063,0.014971,82.221875
8,193,0.204063,0.014082,81.820517
9,193,0.204063,0.013681,81.784815
10,193,0.204063,0.013882,81.655272
1,194,0.204063,0.039142,66.058625
2,194,0.204063,0.039142,66.058625
3,194,0.204063,0.039142,66.058625
4,194,0.204063,0.039142,66.058625
5,194,0.204063,0.039142,66.024225
6,194,0.204063,0.038859,66.024225
7,194,0.204063,0.038859,66.024225
8,194,0.204063,0.038859,66.024225
9,194,0.204063,0.038859,66.024225
10,194,0.204063,0.038859,66.024225
1,195,0.204063,0.027772,64.061984
2,195,0.204063,0.027772,64.061984
3,195,0.204063,0.029661,64.573121
4,195,0.204063,0.029661,64.553358
5,195,0.204063,0.029661,64.748363
6,195,0.204063,0.029661,64.478475
7,195,0.204063,0.029785,64.436414
8,195,0.204063,0.029785,64.436414
9,195,0.204063,0.028803,64.251259
10,195,0.204063,0.028803,64.251259
1,196,0.204063,0.037548,63.167506
2,196,0.204063,0.037548,63.193377
3,196,0.204063,0.037548,63.193377
4,196,0.204063,0.037793,63.199282
5,196,0.204063,0.037793,63.199282
6,196,0.204063,0.037793,63.312218
7,196,0.204063,0.037793,63.121308
8,196,0.204063,0.037793,63.121308
9,196,0.204063,0.037793,63.121308
10,196,0.204063,0.037793,63.285814
1,197,0.204063,0.042992,70.324785
2,197,0.204063,0.042711,70.467448
3,197,0.204063,0.044782,70.311323
4,197,0.204063,0.044034,70.250458
5,197,0.204063,0.042494,70.362317
6,197,0.204063,0.046871,70.438587
7,197,0.204063,0.048410,70.432524
8,197,0.204063,0.043992,70.227815
9,197,0.204063,0.043857,70.336426
10,197,0.204063,0.043752,70.337658
1,198,0.203585,0.107056,72.302709
2,198,0.203585,0.114362,72.096947
3,198,0.203585,0.124438,72.384901
4,198,0.203585,0.125640,72.493516
5,198,0.203585,0.127474,73.213015
6,198,0.203585,0.124835,72.881505
7,198,0.203585,0.123832,72.093683
8,198,0.203585,0.123466,71.906170
9,198,0.203585,0.104222,72.291468
10,198,0.203585,0.104046,71.958501
1,199,0.204063,0.039595,63.032319
2,199,0.204063,0.039595,63.193697
3,199,0.204063,0.039415,63.040273
4,199,0.204063,0.039415,63.040273
5,199,0.204063,0.039879,63.052223
6,199,0.204063,0.039879,63.052223
7,199,0.204063,0.039879,63.052223
8,199,0.204063,0.039879,63.052223
9,199,0.204063,0.038118,62.893112
10,199,0.204063,0.038846,62.893112
1,200,0.204063,0.018606,62.220578
2,200,0.204063,0.018852,62.545661
3,200,0.204063,0.018722,62.545661
4,200,0.204063,0.019420,62.763981
5,200,0.204063,0.019130,62.763981
6,200,0.204063,0.018314,62.015441
7,200,0.204063,0.018032,62.015441
8,200,0.204063,0.018084,62.015441
9,200,0.204063,0.018115,61.688893
10,200,0.204063,0.018460,62.225448
1,201,0.204063,0.016049,76.154756
2,201,0.204063,0.015605,76.357465
3,201,0.204063,0.015605,75.626281
4,201,0.204063,0.016661,75.954274
5,201,0.204063,0.014756,76.316964
6,201,0.204063,0.015479,76.249464
7,201,0.204063,0.015853,76.911504
8,201,0.204063,0.016413,75.795298
9,201,0.204063,0.015817,76.559468
10,201,0.204063,0.016882,76.319312
1,202,0.203385,0.011424,64.890163
2,202,0.203385,0.011424,64.890163
3,202,0.203385,0.011611,65.726607
4,202,0.203385,0.011303,65.726000
5,202,0.203385,0.011463,65.236033
6,202,0.203385,0.011155,65.174329
7,202,0.203385,0.011183,64.848574
8,202,0.203385,0.011183,64.848574
9,202,0.203385,0.011183,64.848574
10,202,0.203385,0.010809,64.566359
1,203,0.204063,0.018251,61.752237
2,203,0.204063,0.018536,61.803385
3,203,0.204063,0.019227,61.803385
4,203,0.204063,0.018421,61.832237
5,203,0.204063,0.018717,61.637491
6,203,0.204063,0.018277,61.512500
7,203,0.204063,0.017825,61.314707
8,203,0.204063,0.017825,61.314707
9,203,0.204063,0.018387,61.629740
10,203,0.204063,0.018857,61.486827
1,204,0.204063,0.019318,61.301195
2,204,0.204063,0.019782,60.976275
3,204,0.204063,0.018736,60.777576
4,204,0.204063,0.018964,61.082315
5,204,0.204063,0.019154,61.061873
6,204,0.204063,0.019477,61.061873
7,204,0.204063,0.019477,61.061873
8,204,0.204063,0.019275,61.073495
9,204,0.204063,0.019275,61.073495
10,204,0.204063,0.019909,61.423990
1,205,0.204437,0.076878,69.234382
2,205,0.204437,0.074406,69.317254
3,205,0.204437,0.080037,69.437707
4,205,0.204437,0.080037,69.437707
5,205,0.204437,0.076985,69.301662
6,205,0.204437,0.078832,69.461090
7,205,0.204437,0.078832,69.461090
8,205,0.204437,0.081394,69.461090
9,205,0.204437,0.081394,69.461090
10,205,0.204437,0.078102,69.461090
1,206,0.204526,0.041514,76.715103
2,206,0.204526,0.041514,76.561139
3,206,0.204526,0.040508,76.534360
4,206,0.204526,0.042536,76.692459
5,206,0.204526,0.042301,76.675703
6,206,0.204526,0.042301,76.675703
7,206,0.204526,0.042301,76.675703
8,206,0.204526,0.042990,76.675703
9,206,0.204526,0.041163,76.385833
10,206,0.204526,0.040999,76.385833
1,207,0.204063,0.021852,72.246454
2,207,0.204063,0.022556,72.246454
3,207,0.204063,0.022650,72.513571
4,207,0.204063,0.022745,71.971515
5,207,0.204063,0.021193,72.170928
6,207,0.204063,0.021193,72.170928
7,207,0.204063,0.020977,72.283160
8,207,0.204063,0.020977,72.283160
9,207,0.204063,0.020891,71.803412
10,207,0.204063,0.021467,72.248678
1,208,0.204063,0.028951,78.875754
2,208,0.204063,0.029384,79.460105
3,208,0.204063,0.027389,79.521977
4,208,0.204063,0.027931,79.664607
5,208,0.204063,0.030779,79.199610
6,208,0.204063,0.031503,78.610187
7,208,0.204063,0.031070,78.610187
8,208,0.204063,0.031089,78.610187
9,208,0.204063,0.033715,78.245012
10,208,0.204063,0.034313,77.726476
1,209,0.204063,0.040262,73.693539
2,209,0.204063,0.039909,73.507849
3,209,0.204063,0.037853,73.372004
4,209,0.204063,0.037853,73.194602
5,209,0.204063,0.037889,72.965678
6,209,0.204063,0.038457,73.072674
7,209,0.204063,0.038457,73.072674
8,209,0.204063,0.039052,73.362739
9,209,0.204063,0.039305,73.511586
10,209,0.204063,0.039103,73.511586
1,210,0.204063,0.014394,60.335771
2,210,0.204063,0.014683,60.188887
3,210,0.204063,0.014691,60.188887
4,210,0.204063,0.013640,59.436901
5,210,0.204063,0.013884,59.909262
6,210,0.204063,0.013871,59.572239
7,210,0.204063,0.013142,59.068619
8,210,0.204063,0.013142,59.068619
9,210,0.204063,0.013142,59.068619
10,210,0.204063,0.013764,59.014617
1,211,0.204063,0.016196,66.331433
2,211,0.204063,0.016196,66.331433
3,211,0.204063,0.016196,66.331433
4,211,0.204063,0.015862,65.974632
5,211,0.204063,0.015862,65.712707
6,211,0.204063,0.015862,65.712707
7,211,0.204063,0.015862,65.860663
8,211,0.204063,0.015862,65.904593
9,211,0.204063,0.015862,65.758376
10,211,0.204063,0.015862,65.758376
1,212,0.203185,0.041572,60.925944
2,212,0.203185,0.042786,61.327380
3,212,0.203185,0.044811,61.456852
4,212,0.203185,0.044811,61.456852
5,212,0.203185,0.044209,61.456852
6,212,0.203185,0.043215,61.065912
7,212,0.203185,0.044290,61.310983
8,212,0.203185,0.043969,61.396230
9,212,0.203185,0.044704,61.316305
10,212,0.203185,0.043978,61.290023
1,213,0.204063,0.026030,75.202820
2,213,0.204063,0.026030,75.202820
3,213,0.204063,0.026030,75.317483
4,213,0.204063,0.027439,75.205821
5,213,0.204063,0.025587,75.321772
6,213,0.204063,0.026370,75.309230
7,213,0.204063,0.026180,75.295286
8,213,0.204063,0.026180,75.295286
9,213,0.204063,0.025837,75.295286
10,213,0.204063,0.025758,75.115956
1,214,0.204831,0.052421,77.118040
2,214,0.204831,0.050500,76.785754
3,214,0.204831,0.050500,76.785754
4,214,0.204831,0.048797,76.716605
5,214,0.204831,0.048211,76.716605
6,214,0.204831,0.050100,76.991303
7,214,0.204831,0.051234,76.991303
8,214,0.204831,0.051234,76.991303
9,214,0.204831,0.050863,76.954906
10,214,0.204831,0.051605,76.942531
1,215,0.204690,0.058797,61.320931
2,215,0.204690,0.057063,61.332174
3,215,0.204690,0.057063,61.332174
4,215,0.204690,0.058742,61.332174
5,215,0.204690,0.058742,61.436000
6,215,0.204690,0.060031,61.426294
7,215,0.204690,0.060031,61.426294
8,215,0.204690,0.060031,61.426294
9,215,0.204690,0.058920,61.426294
10,215,0.204690,0.059151,61.426294
1,216,0.204063,0.038484,70.546725
2,216,0.204063,0.040267,70.804930
3,216,0.204063,0.042779,70.851585
4,216,0.204063,0.042779,70.851585
5,216,0.204063,0.042440,70.847666
6,216,0.204063,0.039089,70.825595
7,216,0.204063,0.041045,70.578862
8,216,0.204063,0.039519,70.578862
9,216,0.204063,0.039519,70.600669
10,216,0.204063,0.041429,70.732589
1,217,0.204063,0.056757,66.076821
2,217,0.204063,0.056172,65.663417
3,217,0.204063,0.056172,65.656766
4,217,0.204063,0.056172,65.945213
5,217,0.204063,0.056172,65.945213
6,217,0.204063,0.052826,65.256724
7,217,0.204063,0.052826,65.508191
8,217,0.204063,0.052797,65.218422
9,217,0.204063,0.052064,65.218138
10,217,0.204063,0.051138,64.565788
1,218,0.204183,0.030566,69.421489
2,218,0.204183,0.030183,69.690696
3,218,0.204183,0.031445,69.515063
4,218,0.204183,0.030317,69.515063
5,218,0.204183,0.030317,69.515063
6,218,0.204183,0.029613,69.515063
7,218,0.204183,0.030300,69.464735
8,218,0.204183,0.030300,69.464735
9,218,0.204183,0.030509,69.511889
10,218,0.204183,0.030423,69.526784
1,219,0.204063,0.016822,75.513641
2,219,0.204063,0.018948,75.244872
3,219,0.204063,0.018948,75.244872
4,219,0.204063,0.017891,74.573281
5,219,0.204063,0.017447,74.272249
6,219,0.204063,0.018980,74.785492
7,219,0.204063,0.020094,74.929131
8,219,0.204063,0.020171,75.205301
9,219,0.204063,0.019924,74.705876
10,219,0.204063,0.020456,74.423889
1,220,0.204063,0.036965,72.010895
2,220,0.204063,0.037636,72.010895
3,220,0.204063,0.039063,72.149663
4,220,0.204063,0.038971,72.149663
5,220,0.204063,0.039983,72.260941
6,220,0.204063,0.039983,72.260941
7,220,0.204063,0.039983,72.260941
8,220,0.204063,0.038481,72.031475
9,220,0.204063,0.037595,72.031475
10,220,0.204063,0.039476,72.232855
1,221,0.204063,0.016198,64.681821
2,221,0.204063,0.016198,64.594330
3,221,0.204063,0.016198,64.460359
4,221,0.204063,0.016198,64.589625
5,221,0.204063,0.016198,64.689326
6,221,0.204063,0.016063,64.435989
7,221,0.204063,0.015978,64.465250
8,221,0.204063,0.015978,64.465250
9,221,0.204063,0.016169,64.465250
10,221,0.204063,0.016169,64.465250
1,222,0.204063,0.052542,77.617897
2,222,0.204063,0.052985,77.656321
3,222,0.204063,0.058245,77.656321
4,222,0.204063,0.050451,77.266125
5,222,0.204063,0.057012,77.605970
6,222,0.204063,0.061990,77.210265
7,222,0.204063,0.054731,78.209044
8,222,0.204063,0.056514,77.087324
9,222,0.204063,0.052586,77.087324
10,222,0.204063,0.056451,76.864220
1,223,0.204063,0.015486,66.116028
2,223,0.204063,0.014731,65.974251
3,223,0.204063,0.014990,65.974251
4,223,0.204063,0.014817,66.168162
5,223,0.204063,0.014817,66.168162
6,223,0.204063,0.014752,65.811862
7,223,0.204063,0.014284,65.669634
8,223,0.204063,0.013757,65.116138
9,223,0.204063,0.014342,65.299313
10,223,0.204063,0.014342,65.955416
1,224,0.204063,0.008963,74.700117
2,224,0.204063,0.009740,74.923767
3,224,0.204063,0.009515,74.463132
4,224,0.204063,0.011040,73.366559
5,224,0.204063,0.012273,72.310645
6,224,0.204063,0.010944,72.224810
7,224,0.204063,0.011098,72.352078
8,224,0.204063,0.009753,73.686344
9,224,0.204063,0.009794,73.806180
10,224,0.204063,0.009100,74.831554
1,225,0.204063,0.009159,65.378574
2,225,0.204063,0.008970,65.113664
3,225,0.204063,0.008755,64.789317
4,225,0.204063,0.008616,64.935349
5,225,0.204063,0.008684,65.697863
6,225,0.204063,0.008733,65.639714
7,225,0.204063,0.008733,63.979136
8,225,0.204063,0.008065,64.376970
9,225,0.204063,0.008186,64.511381
10,225,0.204063,0.008115,64.511381
1,226,0.204347,0.040625,62.992574
2,226,0.204347,0.041335,63.007244
3,226,0.204347,0.041335,63.007244
4,226,0.204347,0.041335,63.007244
5,226,0.204347,0.041335,63.007244
6,226,0.204347,0.041335,63.103007
7,226,0.204347,0.041335,62.943676
8,226,0.204347,0.041335,62.943676
9,226,0.204347,0.040788,62.874933
10,226,0.204347,0.040788,62.874933
1,227,0.204063,0.014158,66.738566
2,227,0.204063,0.014795,66.878746
3,227,0.204063,0.014563,66.631407
4,227,0.204063,0.014563,67.214566
5,227,0.204063,0.016043,66.897294
6,227,0.204063,0.016043,66.897294
7,227,0.204063,0.014772,67.194282
8,227,0.204063,0.015315,67.081849
9,227,0.204063,0.015315,66.370157
10,227,0.204063,0.014405,66.738146
1,228,0.204063,0.016197,67.107989
2,228,0.204063,0.016443,67.119291
3,228,0.204063,0.015692,67.124164
4,228,0.204063,0.015188,66.870295
5,228,0.204063,0.015686,66.870295
6,228,0.204063,0.014297,66.488628
7,228,0.204063,0.014511,66.488628
8,228,0.204063,0.015619,67.040736
9,228,0.204063,0.015619,67.182252
10,228,0.204063,0.015964,67.191622
1,229,0.204063,0.017046,61.618821
2,229,0.204063,0.017046,61.618821
3,229,0.204063,0.017046,61.618821
4,229,0.204063,0.016791,61.519719
5,229,0.204063,0.017083,61.519719
6,229,0.204063,0.016541,61.030298
7,229,0.204063,0.016541,61.030298
8,229,0.204063,0.017488,62.064082
9,229,0.204063,0.017488,62.064082
10,229,0.204063,0.017728,62.007064
1,230,0.204063,0.031811,80.657219
2,230,0.204063,0.033920,80.577905
3,230,0.204063,0.035052,80.420546
4,230,0.204063,0.034833,80.420546
5,230,0.204063,0.032527,80.479333
6,230,0.204063,0.030087,80.676864
7,230,0.204063,0.037387,80.676864
8,230,0.204063,0.036619,80.676864
9,230,0.204063,0.033188,80.832421
10,230,0.204063,0.034791,80.345875
1,231,0.204063,0.030956,67.930510
2,231,0.204063,0.030956,67.930510
3,231,0.204063,0.031258,68.080594
4,231,0.204063,0.032797,67.891135
5,231,0.204063,0.029428,67.630947
6,231,0.204063,0.028037,67.693777
7,231,0.204063,0.031207,67.744537
8,231,0.204063,0.031568,68.057180
9,231,0.204063,0.030565,68.037559
10,231,0.204063,0.034780,68.133370
1,232,0.204063,0.046686,69.558470
2,232,0.204063,0.050339,69.896173
3,232,0.204063,0.048762,69.896173
4,232,0.204063,0.048708,69.765367
5,232,0.204063,0.048708,69.765367
6,232,0.204063,0.047797,69.672349
7,232,0.204063,0.046692,69.672349
8,232,0.204063,0.048051,69.726225
9,232,0.204063,0.047271,69.566540
10,232,0.204063,0.046449,69.628914
1,233,0.204063,0.039047,62.804913
2,233,0.204063,0.038494,62.860207
3,233,0.204063,0.038494,62.860207
4,233,0.204063,0.038494,62.860207
5,233,0.204063,0.038518,62.914371
6,233,0.204063,0.038518,62.914371
7,233,0.204063,0.038608,62.840817
8,233,0.204063,0.038996,62.862903
9,233,0.204063,0.038996,62.862903
10,233,0.204063,0.038996,62.862903
1,234,0.204063,0.025958,60.523255
2,234,0.204063,0.025958,60.523255
3,234,0.204063,0.025958,60.523255
4,234,0.204063,0.026894,60.927796
5,234,0.204063,0.026981,60.887713
6,234,0.204063,0.026981,60.887713
7,234,0.204063,0.027664,61.236715
8,234,0.204063,0.027664,61.236715
9,234,0.204063,0.027773,61.125283
10,234,0.204063,0.026986,61.196498
1,235,0.204317,0.018016,59.935448
2,235,0.204317,0.017566,59.353424
3,235,0.204317,0.017566,59.353424
4,235,0.204317,0.017556,59.443145
5,235,0.204317,0.017556,59.166098
6,235,0.204317,0.017593,59.708057
7,235,0.204317,0.017593,59.534124
8,235,0.204317,0.017593,59.526445
9,235,0.204317,0.017593,59.361352
10,235,0.204317,0.017624,59.136974
1,236,0.202310,0.028627,69.876038
2,236,0.202310,0.029038,69.800280
3,236,0.202310,0.029770,70.318609
4,236,0.202310,0.030339,70.318609
5,236,0.202310,0.029746,70.318609
6,236,0.202310,0.030648,70.318609
7,236,0.202310,0.029341,70.193553
8,236,0.202310,0.029341,70.080718
9,236,0.202310,0.029341,70.080718
10,236,0.202310,0.029343,70.007944
1,237,0.204014,0.041633,59.338041
2,237,0.204014,0.040569,59.269879
3,237,0.204014,0.040569,59.269879
4,237,0.204014,0.040569,59.269879
5,237,0.204014,0.041296,59.420979
6,237,0.204014,0.041136,59.262091
7,237,0.204014,0.041787,59.262091
8,237,0.204014,0.041465,59.310041
9,237,0.204014,0.040886,59.364107
10,237,0.204014,0.040886,59.195807
1,238,0.204063,0.029620,73.584285
2,238,0.204063,0.032780,73.657268
3,238,0.204063,0.032780,73.657268
4,238,0.204063,0.036275,74.294621
5,238,0.204063,0.036275,74.007703
6,238,0.204063,0.034693,74.007703
7,238,0.204063,0.030381,74.007703
8,238,0.204063,0.033122,74.134057
9,238,0.204063,0.031180,74.323718
10,238,0.204063,0.030775,73.967246
1,239,0.204063,0.025721,71.414913
2,239,0.204063,0.024442,71.078066
3,239,0.204063,0.024875,71.078066
4,239,0.204063,0.024489,71.253575
5,239,0.204063,0.024422,70.981729
6,239,0.204063,0.025561,71.616484
7,239,0.204063,0.025561,71.616484
8,239,0.204063,0.025595,71.616484
9,239,0.204063,0.025595,71.616484
10,239,0.204063,0.024149,71.118751
1,240,0.204375,0.014956,64.672825
2,240,0.204375,0.014956,64.672825
3,240,0.204375,0.014956,64.672825
4,240,0.204375,0.014965,64.672825
5,240,0.204375,0.015040,64.685298
6,240,0.204375,0.015040,64.686926
7,240,0.204375,0.015040,64.825404
8,240,0.204375,0.015515,65.029072
9,240,0.204375,0.015764,65.226839
10,240,0.204375,0.015188,64.569128
1,241,0.204063,0.022465,57.397877
2,241,0.204063,0.022465,57.397877
3,241,0.204063,0.022465,57.284790
4,241,0.204063,0.021723,57.134115
5,241,0.204063,0.021723,57.134115
6,241,0.204063,0.021723,57.134115
7,241,0.204063,0.022189,57.154522
8,241,0.204063,0.022189,57.154522
9,241,0.204063,0.020423,56.228630
10,241,0.204063,0.020411,56.374102
1,242,0.204901,0.024946,69.321406
2,242,0.204901,0.024946,69.444478
3,242,0.204901,0.024946,69.444478
4,242,0.204901,0.024946,69.444478
5,242,0.204901,0.024946,69.444478
6,242,0.204901,0.024946,69.444478
7,242,0.204901,0.024571,69.444478
8,242,0.204901,0.024120,69.089259
9,242,0.204901,0.024120,69.139784
10,242,0.204901,0.024120,69.139784
1,243,0.204063,0.020036,75.754843
2,243,0.204063,0.017546,75.854574
3,243,0.204063,0.017425,75.739740
4,243,0.204063,0.017450,75.984920
5,243,0.204063,0.016931,76.072014
6,243,0.204063,0.019802,76.041000
7,243,0.204063,0.017195,75.555470
8,243,0.204063,0.017317,75.556083
9,243,0.204063,0.019736,76.085448
10,243,0.204063,0.018124,75.873662
1,244,0.204063,0.015480,67.234603
2,244,0.204063,0.015579,67.078039
3,244,0.204063,0.016205,67.078039
4,244,0.204063,0.016446,67.419348
5,244,0.204063,0.016446,67.419348
6,244,0.204063,0.017295,67.610445
7,244,0.204063,0.016780,67.501036
8,244,0.204063,0.016008,66.902515
9,244,0.204063,0.016008,66.777981
10,244,0.204063,0.014897,66.474422
1,245,0.204983,0.014993,56.914797
2,245,0.204983,0.014690,57.297459
3,245,0.204983,0.014762,57.297459
4,245,0.204983,0.014372,56.729935
5,245,0.204983,0.014372,56.729935
6,245,0.204983,0.014552,57.105293
7,245,0.204983,0.014927,56.924049
8,245,0.204983,0.014833,56.924049
9,245,0.204983,0.014470,56.924049
10,245,0.204983,0.014470,56.924049
1,246,0.204063,0.041920,67.703274
2,246,0.204063,0.041920,67.832632
3,246,0.204063,0.041920,67.832632
4,246,0.204063,0.041920,67.819844
5,246,0.204063,0.041920,67.819844
6,246,0.204063,0.041295,67.661602
7,246,0.204063,0.041032,67.661602
8,246,0.204063,0.041032,67.661602
9,246,0.204063,0.041562,67.672579
10,246,0.204063,0.041562,67.672579
1,247,0.204063,0.012690,65.841140
2,247,0.204063,0.012690,65.841140
3,247,0.204063,0.012322,65.987105
4,247,0.204063,0.012125,65.696221
5,247,0.204063,0.012265,66.339412
6,247,0.204063,0.012304,66.160530
7,247,0.204063,0.012304,66.160530
8,247,0.204063,0.011921,65.713508
9,247,0.204063,0.011799,65.399412
10,247,0.204063,0.012233,65.882472
1,248,0.204063,0.025246,67.090223
2,248,0.204063,0.026004,67.307055
3,248,0.204063,0.026004,67.307055
4,248,0.204063,0.026524,67.457605
5,248,0.204063,0.026524,67.583516
6,248,0.204063,0.025225,66.950597
7,248,0.204063,0.025225,66.950597
8,248,0.204063,0.025225,66.950597
9,248,0.204063,0.025225,67.135616
10,248,0.204063,0.025225,67.135616
1,249,0.203946,0.035230,59.145982
2,249,0.203946,0.035510,59.145982
3,249,0.203946,0.035842,59.148840
4,249,0.203946,0.035404,59.148840
5,249,0.203946,0.035404,59.148840
6,249,0.203946,0.035011,59.109419
7,249,0.203946,0.035011,59.109419
8,249,0.203946,0.035011,59.130407
9,249,0.203946,0.035389,59.427156
10,249,0.203946,0.035389,59.148770
1,250,0.203922,0.036564,60.066455
2,250,0.203922,0.036564,60.066455
3,250,0.203922,0.036564,60.066455
4,250,0.203922,0.036105,59.914042
5,250,0.203922,0.036105,59.914042
6,250,0.204063,0.036064,59.903835
7,250,0.204063,0.037807,60.421003
8,250,0.204063,0.037807,60.412333
9,250,0.204063,0.037639,60.236895
10,250,0.204063,0.037639,60.236895