id,eta_p0_SAEM,eta_alpha_SAEM,eta_tau_SAEM,eta_p0_mean,eta_alpha_mean,eta_tau_mean,eta_p0_sd,eta_alpha_sd,eta_tau_sd
1,0.000000,-0.217832,0.554451,0.000000,-0.217436,0.566910,0.000000,0.045030,0.180568
2,0.000000,0.198097,1.474750,0.000000,0.195104,1.473166,0.000000,0.025032,0.123565
3,0.000000,-0.513249,3.716792,0.000000,-0.520657,3.739469,0.000000,0.040469,0.292418
4,0.000000,0.240839,-9.517425,0.000000,0.229261,-9.543943,0.000000,0.024376,0.091589
5,0.000000,-0.195855,5.115421,0.000000,-0.196289,5.134620,0.000000,0.028490,0.204654
6,0.000000,0.669916,-12.796583,0.000000,0.636837,-12.948453,0.000000,0.034249,0.215075
7,0.000000,0.088064,-8.971993,0.000000,0.087174,-8.955869,0.000000,0.026135,0.101642
8,0.000000,0.100264,-13.444591,0.000000,0.097937,-13.464944,0.000000,0.026795,0.189606
9,0.000000,0.194787,-8.382997,0.000000,0.200299,-8.376558,0.000000,0.029486,0.098272
10,0.000000,-0.637305,7.665175,0.000000,-0.621751,7.587767,0.000000,0.037532,0.283107
11,0.000000,0.804639,-7.964563,0.000000,0.825205,-8.086405,0.000000,0.052597,0.207700
12,0.000000,0.019618,3.756176,0.000000,0.013332,3.767682,0.000000,0.033309,0.183540
13,0.000000,0.435798,-2.253880,0.000000,0.438553,-2.252647,0.000000,0.022338,0.073797
14,0.000000,0.774568,-5.020293,0.000000,0.772676,-5.044514,0.000000,0.022340,0.116349
15,0.000000,0.302676,8.980432,0.000000,0.313812,8.957787,0.000000,0.051211,0.131885
16,0.000000,-0.057340,-12.872465,0.000000,-0.060154,-12.880432,0.000000,0.019971,0.120197
17,0.000000,0.272693,-0.731591,0.000000,0.270832,-0.728748,0.000000,0.022461,0.087543
18,0.000000,-0.013808,-13.970488,0.000000,-0.011240,-13.976829,0.000000,0.024932,0.173353
19,0.000000,0.065099,4.298996,0.000000,0.053580,4.287235,0.000000,0.024029,0.089876
20,0.000000,-0.002986,-7.302672,0.000000,-0.012080,-7.354609,0.000000,0.022009,0.135200
21,0.000000,0.082312,-5.521039,0.000000,0.093021,-5.512614,0.000000,0.030059,0.179965
22,0.000000,-0.925133,11.054147,0.000000,-0.908714,10.833561,0.000000,0.073963,0.934094
23,0.000000,-0.293753,-2.073402,0.000000,-0.290318,-2.052764,0.000000,0.034969,0.169717
24,0.000000,-1.168615,13.122793,0.000000,-1.163622,12.992962,0.000000,0.054462,0.801239
25,0.000000,-0.257872,3.927406,0.000000,-0.217901,3.779281,0.000000,0.062206,0.318669
26,0.000000,0.640348,2.161021,0.000000,0.574448,2.465277,0.000000,0.110776,0.466118
27,0.000000,-0.301595,-2.298777,0.000000,-0.306791,-2.282609,0.000000,0.026358,0.172621
28,0.000000,0.265100,-0.344824,0.000000,0.261359,-0.350456,0.000000,0.020927,0.123257
29,0.000000,0.620702,5.515914,0.000000,0.622822,5.555572,0.000000,0.025098,0.073740
30,0.000000,-0.412391,-2.515014,0.000000,-0.420583,-2.580102,0.000000,0.021351,0.163464
31,0.000000,0.498527,-8.315010,0.000000,0.497734,-8.321166,0.000000,0.030111,0.082241
32,0.000000,0.365326,-0.019344,0.000000,0.358253,-0.033371,0.000000,0.033996,0.151880
33,0.000000,-0.265310,2.321798,0.000000,-0.252636,2.242943,0.000000,0.069328,0.486990
34,0.000000,0.140306,-5.323548,0.000000,0.137768,-5.344054,0.000000,0.016778,0.089863
35,0.000000,0.118706,1.489045,0.000000,0.132354,1.428513,0.000000,0.038339,0.155288
36,0.000000,-0.038164,-3.491253,0.000000,-0.043292,-3.466908,0.000000,0.026443,0.213132
37,0.000000,-0.352515,-6.892114,0.000000,-0.357921,-6.870426,0.000000,0.037178,0.179831
38,0.000000,0.617030,-5.655542,0.000000,0.605668,-5.693193,0.000000,0.031421,0.251679
39,0.000000,-0.073466,1.033669,0.000000,-0.075158,0.974068,0.000000,0.022932,0.203896
40,0.000000,0.608310,-7.735493,0.000000,0.601519,-7.716432,0.000000,0.022896,0.045782
41,0.000000,-0.334997,-0.979471,0.000000,-0.328994,-1.006238,0.000000,0.034735,0.193224
42,0.000000,0.912003,-3.630699,0.000000,0.916720,-3.608942,0.000000,0.018472,0.051335
43,0.000000,0.462079,-0.967854,0.000000,0.451762,-0.952694,0.000000,0.028895,0.106153
44,0.000000,0.095086,-11.903267,0.000000,0.093788,-11.892820,0.000000,0.036527,0.188677
45,0.000000,0.491306,-1.402322,0.000000,0.493442,-1.363513,0.000000,0.033638,0.077602
46,0.000000,0.156482,-4.544009,0.000000,0.157257,-4.532226,0.000000,0.020928,0.100224
47,0.000000,0.430700,-1.353632,0.000000,0.431702,-1.335257,0.000000,0.018517,0.055905
48,0.000000,-0.337830,4.347529,0.000000,-0.339283,4.362309,0.000000,0.022163,0.156033
49,0.000000,0.372171,2.661025,0.000000,0.371718,2.689700,0.000000,0.077602,0.194424
50,0.000000,0.581360,-1.186939,0.000000,0.574572,-1.210682,0.000000,0.018403,0.099388
51,0.000000,0.100119,-3.392505,0.000000,0.096999,-3.388959,0.000000,0.022494,0.083752
52,0.000000,0.410180,-5.848195,0.000000,0.408247,-5.865326,0.000000,0.018719,0.085766
53,0.000000,0.352640,-5.995864,0.000000,0.448480,-5.485004,0.000000,0.109634,0.536063
54,0.000000,-0.062306,2.309741,0.000000,-0.057319,2.278339,0.000000,0.023430,0.140454
55,0.000000,0.635386,-9.100260,0.000000,0.635654,-9.088445,0.000000,0.023127,0.070261
56,0.000000,0.508842,-0.809922,0.000000,0.498614,-0.830440,0.000000,0.029622,0.283949
57,0.000000,0.062651,-0.858980,0.000000,0.054216,-0.873660,0.000000,0.027043,0.145217
58,0.000000,-0.521700,-8.032835,0.000000,-0.529799,-8.060529,0.000000,0.025743,0.208798
59,0.000000,0.134950,5.827141,0.000000,0.129872,5.808139,0.000000,0.026307,0.165129
60,0.000000,0.651135,-0.448924,0.000000,0.655704,-0.446617,0.000000,0.027332,0.147173
61,0.000000,0.572197,-8.657483,0.000000,0.569414,-8.625838,0.000000,0.039030,0.052014
62,0.000000,0.805004,8.944277,0.000000,0.806522,8.974318,0.000000,0.029391,0.074131
63,0.000000,-0.618375,-3.986466,0.000000,-0.623453,-4.055389,0.000000,0.024807,0.217548
64,0.000000,0.052302,0.765799,0.000000,0.055838,0.797429,0.000000,0.024420,0.149758
65,0.000000,0.047358,7.795949,0.000000,0.045360,7.799565,0.000000,0.019549,0.109766
66,0.000000,0.595449,-1.206690,0.000000,0.601827,-1.183138,0.000000,0.029026,0.151367
67,0.000000,-0.162342,17.260979,0.000000,-0.116514,16.519023,0.000000,0.087158,1.182723
68,0.000000,-0.445159,5.551369,0.000000,-0.451501,5.540175,0.000000,0.042087,0.180552
69,0.000000,-0.229399,5.583072,0.000000,-0.221822,5.596696,0.000000,0.034269,0.151191
70,0.000000,-0.537078,6.203388,0.000000,-0.532748,6.194928,0.000000,0.027491,0.226632
71,0.000000,-0.889154,9.541647,0.000000,-0.851159,9.176872,0.000000,0.047886,0.505558
72,0.000000,-0.750015,-0.204378,0.000000,-0.748915,-0.224447,0.000000,0.033746,0.269777
73,0.000000,0.092499,-1.765546,0.000000,0.092425,-1.732200,0.000000,0.032027,0.160721
74,0.000000,0.226655,3.968714,0.000000,0.223306,3.982205,0.000000,0.033024,0.106672
75,0.000000,-0.671586,2.445524,0.000000,-0.661364,2.397986,0.000000,0.031610,0.231390
76,0.000000,0.091486,2.238775,0.000000,0.078660,2.341279,0.000000,0.076970,0.602442
77,0.000000,0.263368,-9.334163,0.000000,0.261903,-9.268976,0.000000,0.021090,0.171579
78,0.000000,0.582160,3.104578,0.000000,0.580083,3.102673,0.000000,0.032829,0.126605
79,0.000000,-0.417529,-2.117384,0.000000,-0.418637,-2.090242,0.000000,0.023297,0.135588
80,0.000000,0.318753,14.850166,0.000000,0.325735,15.590531,0.000000,0.485949,6.928217
81,0.000000,-0.419264,-6.597161,0.000000,-0.388402,-6.432931,0.000000,0.030095,0.175421
82,0.000000,-0.266753,0.831009,0.000000,-0.278235,0.845021,0.000000,0.043093,0.179146
83,0.000000,-0.242934,0.144081,0.000000,-0.283191,0.497477,0.000000,0.135546,1.118589
84,0.000000,-0.363409,-5.687335,0.000000,-0.376587,-5.755311,0.000000,0.060688,0.295300
85,0.000000,-0.995293,4.356936,0.000000,-0.972581,4.181476,0.000000,0.107423,0.747492
86,0.000000,0.294824,2.620124,0.000000,0.285240,2.604757,0.000000,0.023348,0.108984
87,0.000000,0.615941,-9.369403,0.000000,0.618109,-9.321115,0.000000,0.036941,0.096617
88,0.000000,-0.057178,-1.188432,0.000000,-0.058370,-1.198396,0.000000,0.033933,0.221031
89,0.000000,-0.048952,-13.169849,0.000000,-0.060980,-13.220512,0.000000,0.019112,0.142690
90,0.000000,0.378467,6.000745,0.000000,0.364751,6.031563,0.000000,0.052507,0.158036
91,0.000000,-0.145297,8.758724,0.000000,-0.055967,7.652357,0.000000,0.125722,1.575696
92,0.000000,-0.469684,-7.179315,0.000000,-0.459916,-7.174471,0.000000,0.027470,0.149218
93,0.000000,-0.128031,-9.732612,0.000000,-0.131169,-9.762276,0.000000,0.035278,0.249935
94,0.000000,0.057656,7.893927,0.000000,0.061170,7.889427,0.000000,0.050430,0.131648
95,0.000000,-0.107015,-6.707624,0.000000,-0.108334,-6.734978,0.000000,0.021800,0.142314
96,0.000000,0.217545,-4.942512,0.000000,0.203379,-5.047794,0.000000,0.036374,0.252744
97,0.000000,0.019816,0.362630,0.000000,0.016389,0.355406,0.000000,0.037171,0.148833
98,0.000000,0.416607,-9.453461,0.000000,0.432907,-9.374175,0.000000,0.024026,0.091714
99,0.000000,-0.109611,6.127614,0.000000,-0.088015,5.981530,0.000000,0.053978,0.400500
100,0.000000,0.368242,-4.189467,0.000000,0.366427,-4.182901,0.000000,0.030588,0.106210
101,0.000000,0.628430,-5.435331,0.000000,0.622731,-5.430827,0.000000,0.034463,0.093167
102,0.000000,-0.006605,4.615287,0.000000,0.014907,4.539476,0.000000,0.180405,1.941804
103,0.000000,0.037664,10.308841,0.000000,0.052276,10.228893,0.000000,0.095098,0.838661
104,0.000000,0.451164,-6.217059,0.000000,0.443092,-6.229414,0.000000,0.023702,0.073898
105,0.000000,0.073400,9.731484,0.000000,0.020375,10.068184,0.000000,0.072082,0.514758
106,0.000000,1.195951,-0.060103,0.000000,1.191442,-0.032476,0.000000,0.042916,0.063029
107,0.000000,-0.701781,-10.700155,0.000000,-0.712733,-10.778188,0.000000,0.069524,0.511496
108,0.000000,0.683066,-4.439620,0.000000,0.717068,-4.516985,0.000000,0.079471,0.263513
109,0.000000,0.413245,-5.293823,0.000000,0.406133,-5.303735,0.000000,0.038418,0.099685
110,0.000000,-0.712757,-5.456754,0.000000,-0.728533,-5.493984,0.000000,0.059621,0.288481
111,0.000000,0.225261,-15.441832,0.000000,0.229602,-15.428041,0.000000,0.059918,0.122553
112,0.000000,-0.504108,-1.479940,0.000000,-0.494002,-1.458834,0.000000,0.039005,0.148422
113,0.000000,0.304775,-3.339981,0.000000,0.302100,-3.328915,0.000000,0.024158,0.102059
114,0.000000,-0.832132,-1.824182,0.000000,-0.835419,-1.826955,0.000000,0.052830,0.218723
115,0.000000,-0.129265,-0.953511,0.000000,-0.133269,-0.979967,0.000000,0.027960,0.182663
116,0.000000,0.220329,-9.155953,0.000000,0.217490,-9.145256,0.000000,0.017774,0.106764
117,0.000000,0.142936,8.403326,0.000000,0.141086,8.411713,0.000000,0.050112,0.207816
118,0.000000,-0.829445,15.759862,0.000000,-0.766639,14.539971,0.000000,0.115024,2.043164
119,0.000000,1.090182,-8.961235,0.000000,1.097852,-8.928246,0.000000,0.028934,0.073564
120,0.000000,0.491030,11.710575,0.000000,0.430886,11.989128,0.000000,0.106635,0.925015
121,0.000000,0.005503,-4.152335,0.000000,-0.003405,-4.131649,0.000000,0.036164,0.130864
122,0.000000,-0.171451,12.819660,0.000000,-0.187585,13.003236,0.000000,0.071620,0.510219
123,0.000000,0.025452,14.638928,0.000000,0.054439,14.507117,0.000000,0.086816,0.349658
124,0.000000,-0.024171,8.550662,0.000000,-0.015546,8.570382,0.000000,0.043974,0.238214
125,0.000000,0.146642,2.818977,0.000000,0.137141,2.805749,0.000000,0.032312,0.155718
126,0.000000,-0.724635,3.457962,0.000000,-0.729962,3.522782,0.000000,0.029165,0.235577
127,0.000000,-0.431383,9.257659,0.000000,-0.477902,9.818353,0.000000,0.069636,0.858735
128,0.000000,-1.285123,17.860301,0.000000,-1.303750,18.037651,0.000000,0.083584,1.234360
129,0.000000,0.372928,11.353500,0.000000,0.381606,11.314352,0.000000,0.062200,0.203176
130,0.000000,-0.689109,14.533586,0.000000,-0.667323,14.265590,0.000000,0.039505,0.464485
131,0.000000,0.391370,-10.334338,0.000000,0.393687,-10.299298,0.000000,0.032542,0.151767
132,0.000000,-0.524876,-1.046208,0.000000,-0.523876,-1.066196,0.000000,0.029202,0.191273
133,0.000000,0.247775,-0.995215,0.000000,0.255763,-0.922288,0.000000,0.021750,0.127013
134,0.000000,0.378188,3.599981,0.000000,0.450395,3.097289,0.000000,0.078826,0.514587
135,0.000000,-0.828123,7.848465,0.000000,-0.866279,8.339526,0.000000,0.088759,1.179863
136,0.000000,1.318961,-4.093596,0.000000,1.282238,-4.041410,0.000000,0.080237,0.096809
137,0.000000,0.022229,3.651773,0.000000,0.001810,3.773260,0.000000,0.072678,0.494667
138,0.000000,1.340571,-7.107845,0.000000,1.373139,-7.079176,0.000000,0.172679,0.081820
139,0.000000,-0.390577,-15.159614,0.000000,-0.383350,-15.093930,0.000000,0.032216,0.280686
140,0.000000,-0.629093,9.014380,0.000000,-0.851951,12.074203,0.000000,0.114126,1.760859
141,0.000000,-0.321232,-0.218257,0.000000,-0.318822,-0.198120,0.000000,0.023685,0.191958
142,0.000000,0.112978,-13.727675,0.000000,0.119270,-13.679721,0.000000,0.026749,0.137998
143,0.000000,0.211301,3.036926,0.000000,0.173640,3.178342,0.000000,0.058288,0.295796
144,0.000000,-0.389968,-5.113565,0.000000,-0.391677,-5.124142,0.000000,0.030336,0.335812
145,0.000000,0.522383,7.609118,0.000000,0.290479,10.544970,0.000000,0.377891,4.965910
146,0.000000,0.130687,-4.485899,0.000000,0.134836,-4.404609,0.000000,0.022568,0.214059
147,0.000000,0.539175,-14.085868,0.000000,0.535328,-14.105968,0.000000,0.032313,0.127220
148,0.000000,-0.094925,-3.017895,0.000000,-0.103029,-3.077133,0.000000,0.026446,0.225823
149,0.000000,0.037427,0.860091,0.000000,0.029597,0.904370,0.000000,0.031404,0.093488
150,0.000000,-0.039587,1.402549,0.000000,-0.032661,1.370149,0.000000,0.079053,0.402927
151,0.000000,-1.003844,14.881707,0.000000,-1.029264,15.127082,0.000000,0.075837,1.111914
152,0.000000,-0.302208,-0.000882,0.000000,-0.308555,-0.041448,0.000000,0.021103,0.194249
153,0.000000,-0.013580,3.588117,0.000000,-0.017797,3.582242,0.000000,0.038107,0.136769
154,0.000000,0.523880,10.134891,0.000000,0.640306,9.531415,0.000000,0.257891,1.610360
155,0.000000,-0.507770,4.709767,0.000000,-0.513771,4.684759,0.000000,0.059337,0.287905
156,0.000000,0.036807,12.121488,0.000000,0.045507,12.085192,0.000000,0.034261,0.136503
157,0.000000,0.641271,-7.422649,0.000000,0.632944,-7.450085,0.000000,0.022146,0.117475
158,0.000000,-0.121834,-10.497510,0.000000,-0.126257,-10.546915,0.000000,0.017261,0.227968
159,0.000000,-0.128344,6.825445,0.000000,-0.128523,6.862152,0.000000,0.027947,0.177538
160,0.000000,-0.165590,2.764026,0.000000,-0.172045,2.758738,0.000000,0.041137,0.141036
161,0.000000,0.417949,3.269510,0.000000,0.321287,3.767553,0.000000,0.125329,0.710703
162,0.000000,-0.207665,16.707893,0.000000,-0.227004,16.859735,0.000000,0.093870,0.627837
163,0.000000,-0.536121,7.899861,0.000000,-0.540075,7.905844,0.000000,0.029519,0.249581
164,0.000000,-1.028105,11.667522,0.000000,-1.039776,11.749765,0.000000,0.041419,0.559471
165,0.000000,0.342192,-3.891622,0.000000,0.351730,-3.908966,0.000000,0.027746,0.106810
166,0.000000,-0.346619,4.965290,0.000000,-0.343941,4.946213,0.000000,0.043820,0.200168
167,0.000000,-1.494459,20.498253,0.000000,-1.441303,19.183768,0.000000,0.063941,1.504939
168,0.000000,0.677695,15.677315,0.000000,0.790460,17.185887,0.000000,0.289619,3.265209
169,0.000000,0.676373,-8.405640,0.000000,0.665381,-8.389996,0.000000,0.029508,0.114926
170,0.000000,0.070501,-0.234537,0.000000,0.079658,-0.178257,0.000000,0.022744,0.111902
171,0.000000,-1.003651,3.413442,0.000000,-0.995912,3.314332,0.000000,0.031166,0.230294
172,0.000000,-0.195352,-0.535274,0.000000,-0.194569,-0.552180,0.000000,0.045944,0.207403
173,0.000000,0.586954,-6.676894,0.000000,0.582375,-6.680573,0.000000,0.025081,0.080332
174,0.000000,-0.924073,3.312679,0.000000,-0.948183,3.611346,0.000000,0.036954,0.426310
175,0.000000,-0.503155,-0.854473,0.000000,-0.503941,-0.802972,0.000000,0.024500,0.171424
176,0.000000,0.036744,-6.752636,0.000000,0.024313,-6.789667,0.000000,0.026177,0.104629
177,0.000000,0.524174,9.579563,0.000000,0.438200,9.238789,0.000000,0.289264,4.161388
178,0.000000,0.063796,9.425035,0.000000,0.060199,9.449260,0.000000,0.062393,0.177675
179,0.000000,0.237745,-5.213396,0.000000,0.234877,-5.186801,0.000000,0.018759,0.131382
180,0.000000,-0.035315,-9.375554,0.000000,-0.039065,-9.326184,0.000000,0.026640,0.125645
181,0.000000,0.816682,-0.865428,0.000000,0.797753,-0.961175,0.000000,0.028595,0.097616
182,0.000000,-1.005291,-1.275685,0.000000,-0.986430,-1.394733,0.000000,0.054372,0.387566
183,0.000000,-0.349441,0.679007,0.000000,-0.342311,0.669715,0.000000,0.049318,0.192172
184,0.000000,-0.000382,-1.879212,0.000000,0.002276,-1.882999,0.000000,0.017923,0.115935
185,0.000000,0.593043,1.295953,0.000000,0.585140,1.285952,0.000000,0.025605,0.081684
186,0.000000,0.106941,-1.665010,0.000000,0.098911,-1.643294,0.000000,0.037272,0.103112
187,0.000000,1.141188,-10.365716,0.000000,1.121931,-10.418002,0.000000,0.042592,0.110405
188,0.000000,0.123390,3.444903,0.000000,0.132693,3.504230,0.000000,0.034879,0.133168
189,0.000000,-0.725398,2.410890,0.000000,-0.700977,2.267358,0.000000,0.070605,0.406805
190,0.000000,0.857773,-1.313242,0.000000,0.863836,-1.267324,0.000000,0.015830,0.046329
191,0.000000,-0.170902,-0.114022,0.000000,-0.170603,-0.099439,0.000000,0.025523,0.103547
192,0.000000,0.343098,-13.206888,0.000000,0.362612,-13.152995,0.000000,0.036051,0.098083
193,0.000000,-0.640620,17.317541,0.000000,-0.659825,17.520927,0.000000,0.051061,0.807791
194,0.000000,0.264420,-4.279647,0.000000,0.273306,-4.257741,0.000000,0.029585,0.098585
195,0.000000,-0.009419,-4.630459,0.000000,-0.012660,-4.622105,0.000000,0.024781,0.143484
196,0.000000,0.249504,-6.978487,0.000000,0.264760,-6.888881,0.000000,0.032451,0.198185
197,0.000000,0.414289,-0.249239,0.000000,0.390192,-0.201478,0.000000,0.040326,0.143483
198,0.000000,1.265314,-0.483949,0.000000,1.258051,-0.394418,0.000000,0.053786,0.261454
199,0.000000,0.298264,-7.238585,0.000000,0.297438,-7.208632,0.000000,0.021019,0.139503
200,0.000000,-0.442942,-3.753784,0.000000,-0.449765,-3.810100,0.000000,0.027346,0.213340
201,0.000000,-0.608052,11.202271,0.000000,-0.610031,11.186585,0.000000,0.033678,0.327220
202,0.000000,-0.965513,3.905292,0.000000,-0.972025,3.900434,0.000000,0.027618,0.226577
203,0.000000,-0.454213,-4.606786,0.000000,-0.456253,-4.648114,0.000000,0.022896,0.129833
204,0.000000,-0.396875,-5.422206,0.000000,-0.386574,-5.401058,0.000000,0.033625,0.135140
205,0.000000,0.996067,-2.639226,0.000000,0.993527,-2.634889,0.000000,0.031962,0.062145
206,0.000000,0.351758,6.164207,0.000000,0.348130,6.149781,0.000000,0.035342,0.158531
207,0.000000,-0.276341,4.777158,0.000000,-0.290889,4.792562,0.000000,0.043253,0.161647
208,0.000000,0.252803,7.493077,0.000000,0.275670,7.380303,0.000000,0.174540,1.737539
209,0.000000,0.331744,3.346627,0.000000,0.324746,3.322722,0.000000,0.028423,0.200101
210,0.000000,-0.711479,-3.859171,0.000000,-0.717405,-3.857491,0.000000,0.033553,0.218236
211,0.000000,-0.583788,1.146275,0.000000,-0.584864,1.191852,0.000000,0.028630,0.309140
212,0.000000,0.423462,-9.317683,0.000000,0.436926,-9.233027,0.000000,0.043657,0.179643
213,0.000000,-0.106091,6.650634,0.000000,-0.102339,6.685616,0.000000,0.027901,0.196350
214,0.000000,0.593196,6.023173,0.000000,0.588913,6.023111,0.000000,0.031889,0.089990
215,0.000000,0.725266,-10.066169,0.000000,0.707150,-10.075967,0.000000,0.028602,0.060081
216,0.000000,0.262332,0.466485,0.000000,0.261424,0.463549,0.000000,0.064309,0.166208
217,0.000000,0.620215,-5.670938,0.000000,0.736881,-4.910174,0.000000,0.110208,0.671918
218,0.000000,0.047262,0.350919,0.000000,0.044192,0.323223,0.000000,0.022108,0.140414
219,0.000000,-0.318667,7.243151,0.000000,-0.385003,8.143901,0.000000,0.159499,1.851052
220,0.000000,0.283172,1.913496,0.000000,0.282589,1.923035,0.000000,0.027307,0.080750
221,0.000000,-0.591558,-0.468233,0.000000,-0.592534,-0.461446,0.000000,0.024887,0.186168
222,0.000000,0.688358,5.973189,0.000000,0.656612,6.201806,0.000000,0.179519,0.981417
223,0.000000,-0.673689,1.600418,0.000000,-0.674510,1.612338,0.000000,0.020941,0.212065
224,0.000000,-1.023850,13.429935,0.000000,-0.983316,12.386180,0.000000,0.063996,1.583829
225,0.000000,-1.220552,7.488209,0.000000,-1.195049,7.172968,0.000000,0.036608,0.449393
226,0.000000,0.342623,-7.429493,0.000000,0.345984,-7.403006,0.000000,0.031715,0.120726
227,0.000000,-0.703915,2.665340,0.000000,-0.691270,2.530305,0.000000,0.041737,0.342644
228,0.000000,-0.645230,2.295040,0.000000,-0.631491,2.214702,0.000000,0.040511,0.219049
229,0.000000,-0.531983,-3.951980,0.000000,-0.535121,-3.974590,0.000000,0.019696,0.223925
230,0.000000,0.272351,10.425269,0.000000,0.214556,10.668593,0.000000,0.068215,0.329257
231,0.000000,0.031872,-1.406548,0.000000,0.036065,-1.407484,0.000000,0.039288,0.151178
232,0.000000,0.478441,-1.239713,0.000000,0.494723,-1.156581,0.000000,0.032561,0.111988
233,0.000000,0.311883,-7.339728,0.000000,0.300725,-7.381628,0.000000,0.024945,0.084147
234,0.000000,-0.080843,-7.685871,0.000000,-0.084223,-7.672740,0.000000,0.027284,0.138306
235,0.000000,-0.501176,-6.359662,0.000000,-0.500982,-6.353693,0.000000,0.019207,0.283988
236,0.000000,0.021107,1.119090,0.000000,0.015162,1.083715,0.000000,0.024312,0.167308
237,0.000000,0.344420,-11.226116,0.000000,0.345911,-11.215042,0.000000,0.022030,0.126509
238,0.000000,0.080715,4.706020,0.000000,0.104469,4.586613,0.000000,0.058856,0.323644
239,0.000000,-0.141104,3.115317,0.000000,-0.150734,3.054875,0.000000,0.022695,0.165363
240,0.000000,-0.690066,0.442795,0.000000,-0.675134,0.392660,0.000000,0.051731,0.181993
241,0.000000,-0.275692,-10.304703,0.000000,-0.293435,-10.377703,0.000000,0.030933,0.244072
242,0.000000,-0.203932,1.053126,0.000000,-0.204927,1.061099,0.000000,0.020738,0.142036
243,0.000000,-0.430212,9.627838,0.000000,-0.463464,9.857666,0.000000,0.071827,0.533313
244,0.000000,-0.581042,2.259553,0.000000,-0.571856,2.274536,0.000000,0.029883,0.176749
245,0.000000,-0.659967,-6.975166,0.000000,-0.658370,-6.960818,0.000000,0.022354,0.236150
246,0.000000,0.382353,-2.742703,0.000000,0.374601,-2.728134,0.000000,0.023221,0.084475
247,0.000000,-0.869197,3.698739,0.000000,-0.876793,3.689683,0.000000,0.022443,0.234463
248,0.000000,-0.138512,-1.069045,0.000000,-0.139027,-1.080149,0.000000,0.025032,0.100298
249,0.000000,0.218594,-10.587820,0.000000,0.215947,-10.556723,0.000000,0.019609,0.146422
250,0.000000,0.246504,-9.914495,0.000000,0.250898,-9.876470,0.000000,0.025406,0.113765