           ;    Tlag_pop;      ka_pop;         V_pop;   alpha_pop;    beta_pop;  omega_Tlag;    omega_ka;     omega_V;           a
   Tlag_pop;0.2015685151;0.0000000000;  0.0000000000;0.0000000000;0.0000000000;0.0000000000;0.0000000000;0.0000000000;0.0000000000
     ka_pop;0.0000000000;1.4103135417;  0.0000000000;0.0000000000;0.0000000000;0.0000000000;0.0000000000;0.0000000000;0.0000000000
      V_pop;0.0000000000;0.0000000000;237.9614201797;0.0000000000;0.0000000000;0.0000000000;0.0000000000;0.0000000000;0.0000000000
  alpha_pop;0.0000000000;0.0000000000;  0.0000000000;0.7670339791;0.0000000000;0.0000000000;0.0000000000;0.0000000000;0.0000000000
   beta_pop;0.0000000000;0.0000000000;  0.0000000000;0.0000000000;0.7202764505;0.0000000000;0.0000000000;0.0000000000;0.0000000000
 omega_Tlag;0.0000000000;0.0000000000;  0.0000000000;0.0000000000;0.0000000000;1.0000000000;0.0000000000;0.0000000000;0.0000000000
   omega_ka;0.0000000000;0.0000000000;  0.0000000000;0.0000000000;0.0000000000;0.0000000000;1.0000000000;0.0000000000;0.0000000000
    omega_V;0.0000000000;0.0000000000;  0.0000000000;0.0000000000;0.0000000000;0.0000000000;0.0000000000;1.0000000000;0.0000000000
omega_alpha;0.0000000000;0.0000000000;  0.0000000000;0.0000000000;0.0000000000;0.0000000000;0.0000000000;0.0000000000;0.0000000000
 omega_beta;0.0000000000;0.0000000000;  0.0000000000;0.0000000000;0.0000000000;0.0000000000;0.0000000000;0.0000000000;0.0000000000
          a;0.0000000000;0.0000000000;  0.0000000000;0.0000000000;0.0000000000;0.0000000000;0.0000000000;0.0000000000;1.0000000000
