id,time,Y
1,1,0
1,2,0
1,3,0
1,4,0
1,5,1
1,6,1
1,7,1
1,8,0
1,9,0
1,10,0
1,11,0
1,12,2
1,13,2
1,14,1
1,15,1
1,16,0
1,17,1
1,18,0
1,19,0
1,20,1
1,21,0
1,22,0
1,23,0
1,24,0
1,25,1
1,26,0
1,27,1
1,28,0
1,29,0
1,30,0
2,1,0
2,2,0
2,3,0
2,4,0
2,5,0
2,6,0
2,7,0
2,8,0
2,9,0
2,10,0
2,11,0
2,12,2
2,13,0
2,14,0
2,15,0
2,16,0
2,17,1
2,18,0
2,19,2
2,20,0
2,21,9
2,22,3
2,23,0
2,24,55
2,25,0
2,26,0
2,27,30
2,28,0
2,29,0
2,30,20
3,1,0
3,2,1
3,3,1
3,4,1
3,5,1
3,6,1
3,7,1
3,8,0
3,9,0
3,10,0
3,11,0
3,12,0
3,13,0
3,14,0
3,15,0
3,16,0
3,17,1
3,18,0
3,19,0
3,20,0
3,21,0
3,22,0
3,23,0
3,24,1
3,25,0
3,26,0
3,27,0
3,28,0
3,29,0
3,30,0
4,1,0
4,2,0
4,3,0
4,4,1
4,5,0
4,6,0
4,7,0
4,8,1
4,9,0
4,10,0
4,11,0
4,12,0
4,13,0
4,14,0
4,15,0
4,16,0
4,17,0
4,18,0
4,19,0
4,20,0
4,21,0
4,22,0
4,23,0
4,24,0
4,25,0
4,26,2
4,27,1
4,28,0
4,29,0
4,30,0
5,1,3
5,2,1
5,3,1
5,4,0
5,5,1
5,6,0
5,7,0
5,8,1
5,9,1
5,10,0
5,11,0
5,12,0
5,13,0
5,14,0
5,15,0
5,16,3
5,17,0
5,18,0
5,19,0
5,20,0
5,21,3
5,22,0
5,23,1
5,24,0
5,25,1
5,26,1
5,27,0
5,28,0
5,29,0
5,30,0
6,1,0
6,2,2
6,3,2
6,4,1
6,5,0
6,6,1
6,7,0
6,8,0
6,9,0
6,10,0
6,11,0
6,12,0
6,13,1
6,14,0
6,15,1
6,16,0
6,17,0
6,18,0
6,19,0
6,20,0
6,21,1
6,22,0
6,23,0
6,24,0
6,25,0
6,26,0
6,27,0
6,28,2
6,29,1
6,30,0
7,1,0
7,2,0
7,3,3
7,4,0
7,5,0
7,6,1
7,7,0
7,8,0
7,9,0
7,10,1
7,11,1
7,12,1
7,13,0
7,14,0
7,15,1
7,16,0
7,17,0
7,18,0
7,19,0
7,20,0
7,21,1
7,22,0
7,23,1
7,24,0
7,25,1
7,26,0
7,27,0
7,28,4
7,29,1
7,30,1
8,1,0
8,2,0
8,3,0
8,4,0
8,5,0
8,6,0
8,7,0
8,8,0
8,9,0
8,10,0
8,11,0
8,12,0
8,13,0
8,14,0
8,15,0
8,16,0
8,17,0
8,18,0
8,19,0
8,20,0
8,21,0
8,22,0
8,23,0
8,24,0
8,25,0
8,26,1
8,27,0
8,28,0
8,29,1
8,30,0
9,1,0
9,2,0
9,3,0
9,4,0
9,5,0
9,6,1
9,7,0
9,8,0
9,9,0
9,10,0
9,11,0
9,12,0
9,13,0
9,14,1
9,15,0
9,16,0
9,17,0
9,18,0
9,19,0
9,20,0
9,21,0
9,22,0
9,23,0
9,24,0
9,25,0
9,26,0
9,27,0
9,28,0
9,29,0
9,30,0
10,1,0
10,2,0
10,3,1
10,4,0
10,5,0
10,6,1
10,7,1
10,8,1
10,9,0
10,10,0
10,11,0
10,12,0
10,13,1
10,14,1
10,15,0
10,16,0
10,17,0
10,18,0
10,19,2
10,20,1
10,21,1
10,22,0
10,23,1
10,24,1
10,25,0
10,26,0
10,27,0
10,28,0
10,29,0
10,30,0
11,1,2
11,2,2
11,3,1
11,4,1
11,5,0
11,6,0
11,7,0
11,8,2
11,9,0
11,10,2
11,11,0
11,12,1
11,13,1
11,14,4
11,15,1
11,16,1
11,17,0
11,18,0
11,19,0
11,20,1
11,21,1
11,22,3
11,23,2
11,24,2
11,25,1
11,26,2
11,27,0
11,28,1
11,29,1
11,30,0
12,1,1
12,2,1
12,3,0
12,4,0
12,5,0
12,6,2
12,7,0
12,8,2
12,9,1
12,10,2
12,11,1
12,12,2
12,13,0
12,14,0
12,15,3
12,16,0
12,17,1
12,18,0
12,19,0
12,20,0
12,21,5
12,22,1
12,23,5
12,24,0
12,25,2
12,26,0
12,27,0
12,28,2
12,29,1
12,30,0
13,1,3
13,2,1
13,3,0
13,4,1
13,5,1
13,6,1
13,7,2
13,8,1
13,9,1
13,10,1
13,11,2
13,12,1
13,13,1
13,14,2
13,15,2
13,16,1
13,17,1
13,18,4
13,19,1
13,20,2
13,21,1
13,22,4
13,23,2
13,24,1
13,25,3
13,26,2
13,27,0
13,28,1
13,29,0
13,30,2
14,1,0
14,2,1
14,3,3
14,4,2
14,5,0
14,6,2
14,7,1
14,8,0
14,9,2
14,10,2
14,11,0
14,12,0
14,13,1
14,14,2
14,15,2
14,16,1
14,17,1
14,18,0
14,19,1
14,20,1
14,21,0
14,22,3
14,23,1
14,24,1
14,25,0
14,26,2
14,27,1
14,28,1
14,29,0
14,30,1
15,1,0
15,2,0
15,3,0
15,4,0
15,5,0
15,6,0
15,7,0
15,8,0
15,9,0
15,10,0
15,11,0
15,12,2
15,13,0
15,14,0
15,15,0
15,16,0
15,17,0
15,18,0
15,19,0
15,20,0
15,21,0
15,22,0
15,23,0
15,24,0
15,25,0
15,26,0
15,27,0
15,28,0
15,29,0
15,30,0
16,1,0
16,2,0
16,3,0
16,4,0
16,5,0
16,6,0
16,7,0
16,8,0
16,9,0
16,10,0
16,11,0
16,12,0
16,13,0
16,14,0
16,15,1
16,16,1
16,17,0
16,18,0
16,19,1
16,20,0
16,21,1
16,22,1
16,23,0
16,24,1
16,25,0
16,26,0
16,27,1
16,28,1
16,29,0
16,30,2
17,1,1
17,2,0
17,3,2
17,4,1
17,5,2
17,6,1
17,7,0
17,8,0
17,9,0
17,10,0
17,11,1
17,12,0
17,13,1
17,14,2
17,15,0
17,16,0
17,17,1
17,18,1
17,19,0
17,20,0
17,21,0
17,22,0
17,23,0
17,24,0
17,25,0
17,26,1
17,27,0
17,28,0
17,29,0
17,30,0
18,1,0
18,2,0
18,3,0
18,4,1
18,5,0
18,6,0
18,7,0
18,8,0
18,9,1
18,10,0
18,11,0
18,12,2
18,13,0
18,14,0
18,15,0
18,16,0
18,17,0
18,18,0
18,19,0
18,20,1
18,21,0
18,22,0
18,23,0
18,24,0
18,25,0
18,26,0
18,27,0
18,28,0
18,29,0
18,30,0
19,1,0
19,2,0
19,3,0
19,4,0
19,5,0
19,6,0
19,7,0
19,8,0
19,9,0
19,10,0
19,11,0
19,12,0
19,13,0
19,14,0
19,15,0
19,16,0
19,17,0
19,18,0
19,19,0
19,20,0
19,21,0
19,22,0
19,23,0
19,24,0
19,25,0
19,26,0
19,27,0
19,28,2
19,29,0
19,30,0
20,1,5
20,2,2
20,3,1
20,4,4
20,5,2
20,6,0
20,7,7
20,8,1
20,9,1
20,10,4
20,11,2
20,12,3
20,13,0
20,14,2
20,15,2
20,16,8
20,17,1
20,18,6
20,19,2
20,20,2
20,21,5
20,22,4
20,23,3
20,24,2
20,25,2
20,26,0
20,27,2
20,28,4
20,29,8
20,30,6
21,1,1
21,2,5
21,3,13
21,4,0
21,5,1
21,6,0
21,7,0
21,8,6
21,9,1
21,10,1
21,11,0
21,12,0
21,13,1
21,14,4
21,15,0
21,16,1
21,17,0
21,18,1
21,19,4
21,20,1
21,21,0
21,22,4
21,23,0
21,24,2
21,25,0
21,26,4
21,27,7
21,28,0
21,29,1
21,30,1
22,1,0
22,2,0
22,3,0
22,4,0
22,5,1
22,6,2
22,7,0
22,8,1
22,9,0
22,10,0
22,11,1
22,12,1
22,13,0
22,14,1
22,15,1
22,16,0
22,17,2
22,18,0
22,19,1
22,20,0
22,21,0
22,22,0
22,23,2
22,24,0
22,25,0
22,26,0
22,27,1
22,28,0
22,29,1
22,30,0
23,1,3
23,2,0
23,3,1
23,4,0
23,5,0
23,6,1
23,7,1
23,8,0
23,9,0
23,10,1
23,11,1
23,12,2
23,13,0
23,14,1
23,15,1
23,16,0
23,17,0
23,18,1
23,19,0
23,20,0
23,21,0
23,22,0
23,23,1
23,24,1
23,25,0
23,26,0
23,27,0
23,28,0
23,29,1
23,30,0
24,1,0
24,2,0
24,3,0
24,4,0
24,5,0
24,6,0
24,7,0
24,8,1
24,9,0
24,10,0
24,11,0
24,12,0
24,13,1
24,14,0
24,15,3
24,16,1
24,17,0
24,18,1
24,19,0
24,20,0
24,21,0
24,22,0
24,23,0
24,24,0
24,25,0
24,26,0
24,27,1
24,28,0
24,29,0
24,30,0
25,1,0
25,2,0
25,3,1
25,4,1
25,5,0
25,6,0
25,7,0
25,8,0
25,9,0
25,10,0
25,11,0
25,12,0
25,13,0
25,14,0
25,15,0
25,16,1
25,17,0
25,18,0
25,19,0
25,20,0
25,21,0
25,22,0
25,23,0
25,24,0
25,25,0
25,26,0
25,27,1
25,28,0
25,29,0
25,30,0
26,1,0
26,2,0
26,3,0
26,4,0
26,5,0
26,6,0
26,7,0
26,8,0
26,9,0
26,10,0
26,11,0
26,12,0
26,13,0
26,14,0
26,15,0
26,16,0
26,17,0
26,18,0
26,19,0
26,20,0
26,21,0
26,22,0
26,23,0
26,24,0
26,25,0
26,26,0
26,27,0
26,28,0
26,29,0
26,30,0
27,1,0
27,2,0
27,3,0
27,4,0
27,5,0
27,6,1
27,7,0
27,8,1
27,9,0
27,10,1
27,11,0
27,12,2
27,13,1
27,14,0
27,15,0
27,16,0
27,17,0
27,18,0
27,19,0
27,20,0
27,21,0
27,22,1
27,23,0
27,24,0
27,25,0
27,26,1
27,27,0
27,28,0
27,29,2
27,30,0
28,1,1
28,2,1
28,3,0
28,4,0
28,5,1
28,6,0
28,7,1
28,8,0
28,9,1
28,10,4
28,11,1
28,12,1
28,13,1
28,14,0
28,15,1
28,16,1
28,17,1
28,18,0
28,19,0
28,20,1
28,21,1
28,22,2
28,23,0
28,24,1
28,25,0
28,26,0
28,27,0
28,28,0
28,29,1
28,30,0
29,1,0
29,2,0
29,3,0
29,4,0
29,5,0
29,6,0
29,7,0
29,8,0
29,9,0
29,10,0
29,11,1
29,12,0
29,13,0
29,14,0
29,15,0
29,16,0
29,17,0
29,18,1
29,19,0
29,20,0
29,21,0
29,22,0
29,23,0
29,24,0
29,25,0
29,26,0
29,27,0
29,28,0
29,29,0
29,30,1
30,1,0
30,2,0
30,3,0
30,4,0
30,5,0
30,6,0
30,7,0
30,8,0
30,9,0
30,10,0
30,11,0
30,12,0
30,13,0
30,14,3
30,15,0
30,16,0
30,17,8
30,18,0
30,19,0
30,20,0
30,21,0
30,22,0
30,23,0
30,24,4
30,25,0
30,26,0
30,27,1
30,28,0
30,29,3
30,30,1
31,1,1
31,2,0
31,3,0
31,4,1
31,5,4
31,6,0
31,7,0
31,8,2
31,9,13
31,10,5
31,11,5
31,12,0
31,13,0
31,14,2
31,15,1
31,16,0
31,17,2
31,18,3
31,19,1
31,20,2
31,21,2
31,22,0
31,23,2
31,24,1
31,25,0
31,26,3
31,27,1
31,28,6
31,29,1
31,30,2
32,1,0
32,2,0
32,3,0
32,4,0
32,5,0
32,6,0
32,7,0
32,8,0
32,9,1
32,10,0
32,11,0
32,12,0
32,13,0
32,14,1
32,15,0
32,16,1
32,17,0
32,18,0
32,19,0
32,20,0
32,21,0
32,22,0
32,23,0
32,24,0
32,25,0
32,26,0
32,27,0
32,28,0
32,29,0
32,30,0
33,1,0
33,2,0
33,3,0
33,4,0
33,5,0
33,6,0
33,7,0
33,8,0
33,9,0
33,10,0
33,11,0
33,12,0
33,13,0
33,14,0
33,15,0
33,16,0
33,17,0
33,18,0
33,19,1
33,20,1
33,21,0
33,22,0
33,23,0
33,24,0
33,25,0
33,26,0
33,27,0
33,28,0
33,29,0
33,30,0
34,1,1
34,2,0
34,3,0
34,4,0
34,5,0
34,6,2
34,7,0
34,8,0
34,9,0
34,10,0
34,11,1
34,12,0
34,13,0
34,14,1
34,15,0
34,16,1
34,17,1
34,18,0
34,19,0
34,20,0
34,21,0
34,22,1
34,23,0
34,24,0
34,25,0
34,26,0
34,27,0
34,28,0
34,29,0
34,30,0
35,1,2
35,2,1
35,3,0
35,4,0
35,5,0
35,6,2
35,7,2
35,8,0
35,9,0
35,10,0
35,11,1
35,12,0
35,13,0
35,14,1
35,15,0
35,16,0
35,17,1
35,18,3
35,19,1
35,20,0
35,21,0
35,22,0
35,23,1
35,24,0
35,25,0
35,26,0
35,27,0
35,28,0
35,29,0
35,30,0
36,1,0
36,2,0
36,3,2
36,4,80
36,5,0
36,6,1
36,7,1
36,8,16
36,9,0
36,10,5
36,11,65
36,12,3
36,13,0
36,14,0
36,15,0
36,16,0
36,17,59
36,18,3
36,19,0
36,20,0
36,21,0
36,22,0
36,23,0
36,24,0
36,25,0
36,26,0
36,27,0
36,28,0
36,29,1
36,30,4
37,1,1
37,2,4
37,3,1
37,4,1
37,5,1
37,6,0
37,7,0
37,8,3
37,9,0
37,10,0
37,11,0
37,12,0
37,13,2
37,14,1
37,15,0
37,16,0
37,17,1
37,18,1
37,19,0
37,20,1
37,21,1
37,22,0
37,23,2
37,24,0
37,25,1
37,26,0
37,27,1
37,28,1
37,29,1
37,30,2
38,1,3
38,2,0
38,3,0
38,4,0
38,5,0
38,6,0
38,7,0
38,8,0
38,9,0
38,10,2
38,11,2
38,12,0
38,13,0
38,14,5
38,15,0
38,16,0
38,17,1
38,18,0
38,19,0
38,20,0
38,21,1
38,22,0
38,23,0
38,24,7
38,25,0
38,26,0
38,27,0
38,28,1
38,29,0
38,30,0
39,1,2
39,2,0
39,3,3
39,4,6
39,5,1
39,6,2
39,7,1
39,8,0
39,9,2
39,10,7
39,11,2
39,12,1
39,13,0
39,14,9
39,15,2
39,16,1
39,17,0
39,18,3
39,19,5
39,20,5
39,21,0
39,22,0
39,23,0
39,24,0
39,25,1
39,26,0
39,27,2
39,28,1
39,29,0
39,30,1
40,1,0
40,2,0
40,3,0
40,4,0
40,5,0
40,6,0
40,7,1
40,8,0
40,9,0
40,10,1
40,11,1
40,12,0
40,13,0
40,14,0
40,15,0
40,16,0
40,17,0
40,18,0
40,19,0
40,20,0
40,21,0
40,22,0
40,23,0
40,24,1
40,25,0
40,26,0
40,27,0
40,28,1
40,29,1
40,30,0
41,1,0
41,2,0
41,3,2
41,4,0
41,5,0
41,6,0
41,7,0
41,8,1
41,9,1
41,10,0
41,11,1
41,12,0
41,13,0
41,14,1
41,15,0
41,16,0
41,17,0
41,18,0
41,19,1
41,20,0
41,21,0
41,22,0
41,23,0
41,24,0
41,25,0
41,26,1
41,27,0
41,28,0
41,29,3
41,30,0
42,1,0
42,2,0
42,3,1
42,4,0
42,5,0
42,6,0
42,7,0
42,8,0
42,9,0
42,10,0
42,11,0
42,12,1
42,13,1
42,14,2
42,15,1
42,16,0
42,17,1
42,18,0
42,19,2
42,20,0
42,21,0
42,22,0
42,23,0
42,24,1
42,25,0
42,26,0
42,27,3
42,28,0
42,29,2
42,30,0
43,1,2
43,2,1
43,3,0
43,4,1
43,5,0
43,6,1
43,7,0
43,8,0
43,9,0
43,10,0
43,11,1
43,12,1
43,13,0
43,14,2
43,15,0
43,16,0
43,17,0
43,18,0
43,19,0
43,20,0
43,21,0
43,22,0
43,23,1
43,24,0
43,25,0
43,26,0
43,27,0
43,28,0
43,29,0
43,30,1
44,1,0
44,2,1
44,3,2
44,4,0
44,5,0
44,6,1
44,7,1
44,8,1
44,9,1
44,10,0
44,11,0
44,12,2
44,13,0
44,14,1
44,15,0
44,16,0
44,17,1
44,18,0
44,19,1
44,20,3
44,21,2
44,22,0
44,23,1
44,24,2
44,25,1
44,26,1
44,27,1
44,28,0
44,29,1
44,30,0
45,1,0
45,2,2
45,3,0
45,4,3
45,5,0
45,6,1
45,7,0
45,8,0
45,9,1
45,10,0
45,11,1
45,12,0
45,13,2
45,14,0
45,15,2
45,16,0
45,17,0
45,18,0
45,19,0
45,20,0
45,21,0
45,22,1
45,23,0
45,24,2
45,25,0
45,26,0
45,27,0
45,28,1
45,29,0
45,30,0
46,1,0
46,2,0
46,3,0
46,4,0
46,5,1
46,6,1
46,7,0
46,8,1
46,9,0
46,10,0
46,11,0
46,12,0
46,13,0
46,14,1
46,15,0
46,16,1
46,17,0
46,18,0
46,19,0
46,20,0
46,21,0
46,22,0
46,23,1
46,24,1
46,25,0
46,26,0
46,27,0
46,28,0
46,29,0
46,30,0
47,1,0
47,2,1
47,3,0
47,4,0
47,5,0
47,6,0
47,7,0
47,8,0
47,9,0
47,10,0
47,11,0
47,12,0
47,13,1
47,14,0
47,15,2
47,16,2
47,17,1
47,18,2
47,19,0
47,20,0
47,21,1
47,22,1
47,23,0
47,24,0
47,25,0
47,26,1
47,27,1
47,28,1
47,29,1
47,30,2
48,1,1
48,2,0
48,3,0
48,4,0
48,5,0
48,6,0
48,7,0
48,8,0
48,9,0
48,10,0
48,11,0
48,12,0
48,13,0
48,14,0
48,15,0
48,16,0
48,17,1
48,18,0
48,19,0
48,20,1
48,21,0
48,22,0
48,23,0
48,24,0
48,25,0
48,26,0
48,27,0
48,28,0
48,29,0
48,30,0
49,1,0
49,2,1
49,3,0
49,4,1
49,5,0
49,6,0
49,7,0
49,8,0
49,9,0
49,10,0
49,11,1
49,12,0
49,13,0
49,14,0
49,15,1
49,16,1
49,17,1
49,18,0
49,19,0
49,20,0
49,21,0
49,22,0
49,23,0
49,24,0
49,25,0
49,26,0
49,27,1
49,28,0
49,29,0
49,30,0
50,1,1
50,2,3
50,3,0
50,4,4
50,5,2
50,6,2
50,7,1
50,8,1
50,9,1
50,10,1
50,11,1
50,12,0
50,13,5
50,14,3
50,15,2
50,16,1
50,17,1
50,18,6
50,19,0
50,20,1
50,21,2
50,22,3
50,23,3
50,24,1
50,25,2
50,26,2
50,27,3
50,28,0
50,29,2
50,30,5
51,1,0
51,2,0
51,3,0
51,4,0
51,5,0
51,6,0
51,7,0
51,8,0
51,9,0
51,10,0
51,11,0
51,12,0
51,13,0
51,14,0
51,15,0
51,16,0
51,17,0
51,18,0
51,19,2
51,20,0
51,21,0
51,22,3
51,23,0
51,24,3
51,25,0
51,26,3
51,27,0
51,28,0
51,29,0
51,30,0
52,1,3
52,2,0
52,3,1
52,4,0
52,5,0
52,6,1
52,7,2
52,8,1
52,9,2
52,10,3
52,11,1
52,12,0
52,13,2
52,14,3
52,15,1
52,16,0
52,17,0
52,18,0
52,19,3
52,20,0
52,21,0
52,22,4
52,23,1
52,24,0
52,25,1
52,26,3
52,27,1
52,28,1
52,29,1
52,30,0
53,1,2
53,2,0
53,3,2
53,4,0
53,5,2
53,6,1
53,7,0
53,8,0
53,9,0
53,10,1
53,11,1
53,12,0
53,13,0
53,14,1
53,15,2
53,16,1
53,17,1
53,18,0
53,19,0
53,20,2
53,21,2
53,22,1
53,23,2
53,24,0
53,25,0
53,26,1
53,27,0
53,28,1
53,29,0
53,30,1
54,1,0
54,2,0
54,3,0
54,4,0
54,5,0
54,6,0
54,7,0
54,8,1
54,9,0
54,10,1
54,11,0
54,12,1
54,13,0
54,14,3
54,15,0
54,16,0
54,17,0
54,18,0
54,19,1
54,20,1
54,21,0
54,22,0
54,23,0
54,24,0
54,25,0
54,26,1
54,27,0
54,28,0
54,29,0
54,30,0
55,1,1
55,2,0
55,3,2
55,4,2
55,5,3
55,6,0
55,7,0
55,8,1
55,9,0
55,10,1
55,11,0
55,12,0
55,13,0
55,14,1
55,15,3
55,16,0
55,17,3
55,18,2
55,19,1
55,20,0
55,21,2
55,22,2
55,23,1
55,24,0
55,25,0
55,26,2
55,27,0
55,28,3
55,29,0
55,30,2
56,1,0
56,2,0
56,3,0
56,4,0
56,5,0
56,6,0
56,7,0
56,8,0
56,9,0
56,10,0
56,11,0
56,12,0
56,13,0
56,14,1
56,15,0
56,16,0
56,17,0
56,18,1
56,19,1
56,20,0
56,21,0
56,22,0
56,23,0
56,24,0
56,25,1
56,26,0
56,27,0
56,28,0
56,29,1
56,30,0
57,1,0
57,2,0
57,3,0
57,4,0
57,5,0
57,6,0
57,7,0
57,8,0
57,9,0
57,10,0
57,11,0
57,12,0
57,13,0
57,14,0
57,15,0
57,16,1
57,17,0
57,18,0
57,19,0
57,20,0
57,21,0
57,22,0
57,23,1
57,24,0
57,25,0
57,26,0
57,27,1
57,28,0
57,29,0
57,30,0
58,1,1
58,2,0
58,3,1
58,4,0
58,5,0
58,6,1
58,7,0
58,8,0
58,9,1
58,10,0
58,11,0
58,12,1
58,13,0
58,14,0
58,15,0
58,16,0
58,17,0
58,18,1
58,19,1
58,20,1
58,21,1
58,22,0
58,23,0
58,24,0
58,25,0
58,26,2
58,27,1
58,28,1
58,29,1
58,30,1
59,1,0
59,2,0
59,3,0
59,4,0
59,5,0
59,6,0
59,7,1
59,8,0
59,9,0
59,10,0
59,11,1
59,12,0
59,13,0
59,14,0
59,15,1
59,16,1
59,17,0
59,18,1
59,19,0
59,20,0
59,21,0
59,22,0
59,23,0
59,24,0
59,25,0
59,26,0
59,27,1
59,28,0
59,29,0
59,30,0
60,1,2
60,2,0
60,3,0
60,4,0
60,5,0
60,6,0
60,7,0
60,8,0
60,9,1
60,10,0
60,11,0
60,12,0
60,13,0
60,14,0
60,15,0
60,16,0
60,17,0
60,18,0
60,19,1
60,20,0
60,21,0
60,22,0
60,23,0
60,24,0
60,25,0
60,26,0
60,27,0
60,28,0
60,29,0
60,30,0
61,1,0
61,2,1
61,3,1
61,4,0
61,5,0
61,6,0
61,7,0
61,8,1
61,9,0
61,10,0
61,11,0
61,12,1
61,13,0
61,14,0
61,15,1
61,16,0
61,17,0
61,18,0
61,19,0
61,20,1
61,21,0
61,22,0
61,23,1
61,24,0
61,25,0
61,26,0
61,27,0
61,28,0
61,29,0
61,30,0
62,1,1
62,2,1
62,3,1
62,4,2
62,5,0
62,6,1
62,7,0
62,8,0
62,9,0
62,10,3
62,11,2
62,12,4
62,13,3
62,14,1
62,15,4
62,16,1
62,17,2
62,18,1
62,19,0
62,20,1
62,21,2
62,22,6
62,23,0
62,24,2
62,25,2
62,26,3
62,27,1
62,28,0
62,29,3
62,30,1
63,1,0
63,2,0
63,3,0
63,4,0
63,5,0
63,6,0
63,7,1
63,8,0
63,9,0
63,10,0
63,11,0
63,12,0
63,13,0
63,14,0
63,15,0
63,16,1
63,17,1
63,18,1
63,19,0
63,20,0
63,21,0
63,22,0
63,23,1
63,24,0
63,25,1
63,26,1
63,27,0
63,28,0
63,29,0
63,30,0
64,1,0
64,2,0
64,3,0
64,4,3
64,5,0
64,6,2
64,7,1
64,8,1
64,9,0
64,10,0
64,11,2
64,12,3
64,13,1
64,14,0
64,15,1
64,16,1
64,17,0
64,18,3
64,19,2
64,20,3
64,21,2
64,22,1
64,23,1
64,24,3
64,25,0
64,26,0
64,27,1
64,28,1
64,29,1
64,30,2
65,1,0
65,2,0
65,3,0
65,4,0
65,5,0
65,6,1
65,7,1
65,8,0
65,9,0
65,10,2
65,11,0
65,12,0
65,13,0
65,14,0
65,15,0
65,16,1
65,17,0
65,18,0
65,19,0
65,20,0
65,21,0
65,22,3
65,23,0
65,24,0
65,25,0
65,26,0
65,27,0
65,28,0
65,29,0
65,30,0
66,1,0
66,2,0
66,3,1
66,4,0
66,5,0
66,6,1
66,7,0
66,8,0
66,9,0
66,10,0
66,11,0
66,12,1
66,13,1
66,14,0
66,15,0
66,16,0
66,17,0
66,18,1
66,19,1
66,20,0
66,21,1
66,22,0
66,23,1
66,24,2
66,25,0
66,26,1
66,27,0
66,28,1
66,29,0
66,30,2
67,1,1
67,2,0
67,3,0
67,4,0
67,5,0
67,6,1
67,7,0
67,8,0
67,9,0
67,10,0
67,11,0
67,12,0
67,13,1
67,14,0
67,15,0
67,16,1
67,17,2
67,18,2
67,19,0
67,20,0
67,21,1
67,22,0
67,23,0
67,24,0
67,25,0
67,26,0
67,27,0
67,28,0
67,29,0
67,30,0
68,1,1
68,2,3
68,3,1
68,4,0
68,5,0
68,6,1
68,7,0
68,8,2
68,9,0
68,10,1
68,11,1
68,12,0
68,13,1
68,14,0
68,15,0
68,16,0
68,17,0
68,18,0
68,19,2
68,20,1
68,21,0
68,22,1
68,23,1
68,24,2
68,25,0
68,26,1
68,27,0
68,28,3
68,29,0
68,30,0
69,1,0
69,2,0
69,3,0
69,4,0
69,5,0
69,6,0
69,7,0
69,8,0
69,9,0
69,10,1
69,11,0
69,12,0
69,13,0
69,14,0
69,15,0
69,16,1
69,17,0
69,18,0
69,19,0
69,20,0
69,21,0
69,22,0
69,23,0
69,24,0
69,25,0
69,26,0
69,27,0
69,28,0
69,29,0
69,30,0
70,1,0
70,2,0
70,3,0
70,4,0
70,5,0
70,6,0
70,7,0
70,8,0
70,9,0
70,10,0
70,11,1
70,12,0
70,13,1
70,14,0
70,15,0
70,16,0
70,17,1
70,18,0
70,19,0
70,20,0
70,21,0
70,22,0
70,23,1
70,24,0
70,25,0
70,26,0
70,27,1
70,28,0
70,29,0
70,30,1
71,1,2
71,2,2
71,3,3
71,4,0
71,5,0
71,6,0
71,7,2
71,8,2
71,9,3
71,10,0
71,11,0
71,12,1
71,13,2
71,14,1
71,15,3
71,16,3
71,17,2
71,18,3
71,19,3
71,20,3
71,21,1
71,22,2
71,23,2
71,24,3
71,25,0
71,26,0
71,27,1
71,28,0
71,29,0
71,30,0
72,1,0
72,2,1
72,3,0
72,4,0
72,5,0
72,6,0
72,7,0
72,8,0
72,9,0
72,10,0
72,11,0
72,12,0
72,13,0
72,14,2
72,15,0
72,16,0
72,17,0
72,18,0
72,19,1
72,20,0
72,21,0
72,22,0
72,23,0
72,24,1
72,25,1
72,26,0
72,27,0
72,28,0
72,29,1
72,30,0
73,1,5
73,2,1
73,3,1
73,4,1
73,5,0
73,6,0
73,7,1
73,8,0
73,9,2
73,10,1
73,11,4
73,12,0
73,13,2
73,14,0
73,15,0
73,16,0
73,17,2
73,18,0
73,19,1
73,20,2
73,21,1
73,22,0
73,23,0
73,24,0
73,25,0
73,26,1
73,27,3
73,28,2
73,29,0
73,30,0
74,1,0
74,2,0
74,3,0
74,4,0
74,5,0
74,6,0
74,7,0
74,8,1
74,9,0
74,10,0
74,11,0
74,12,0
74,13,0
74,14,0
74,15,0
74,16,0
74,17,0
74,18,0
74,19,0
74,20,0
74,21,0
74,22,1
74,23,0
74,24,0
74,25,0
74,26,0
74,27,0
74,28,0
74,29,0
74,30,0
75,1,1
75,2,0
75,3,1
75,4,0
75,5,2
75,6,4
75,7,5
75,8,1
75,9,5
75,10,3
75,11,7
75,12,0
75,13,0
75,14,3
75,15,0
75,16,8
75,17,0
75,18,0
75,19,0
75,20,1
75,21,3
75,22,1
75,23,0
75,24,2
75,25,0
75,26,1
75,27,3
75,28,2
75,29,3
75,30,2
76,1,0
76,2,1
76,3,0
76,4,1
76,5,1
76,6,0
76,7,0
76,8,0
76,9,0
76,10,0
76,11,0
76,12,1
76,13,0
76,14,0
76,15,1
76,16,0
76,17,0
76,18,0
76,19,0
76,20,0
76,21,2
76,22,0
76,23,2
76,24,0
76,25,0
76,26,0
76,27,0
76,28,0
76,29,0
76,30,0
77,1,2
77,2,2
77,3,2
77,4,3
77,5,2
77,6,1
77,7,0
77,8,1
77,9,3
77,10,2
77,11,2
77,12,0
77,13,3
77,14,1
77,15,3
77,16,3
77,17,1
77,18,4
77,19,3
77,20,3
77,21,3
77,22,2
77,23,4
77,24,6
77,25,1
77,26,4
77,27,3
77,28,1
77,29,2
77,30,2
78,1,4
78,2,0
78,3,1
78,4,3
78,5,1
78,6,1
78,7,2
78,8,0
78,9,3
78,10,3
78,11,1
78,12,0
78,13,0
78,14,4
78,15,2
78,16,3
78,17,3
78,18,2
78,19,0
78,20,1
78,21,3
78,22,0
78,23,1
78,24,1
78,25,4
78,26,1
78,27,2
78,28,9
78,29,2
78,30,0
79,1,0
79,2,1
79,3,0
79,4,0
79,5,0
79,6,0
79,7,0
79,8,0
79,9,0
79,10,1
79,11,0
79,12,0
79,13,0
79,14,0
79,15,2
79,16,0
79,17,0
79,18,0
79,19,0
79,20,0
79,21,0
79,22,0
79,23,0
79,24,0
79,25,0
79,26,0
79,27,0
79,28,0
79,29,1
79,30,0
80,1,6
80,2,5
80,3,9
80,4,5
80,5,3
80,6,10
80,7,6
80,8,9
80,9,3
80,10,9
80,11,9
80,12,8
80,13,3
80,14,8
80,15,11
80,16,3
80,17,13
80,18,4
80,19,2
80,20,11
80,21,6
80,22,20
80,23,5
80,24,1
80,25,4
80,26,13
80,27,3
80,28,9
80,29,2
80,30,5
81,1,1
81,2,0
81,3,0
81,4,0
81,5,0
81,6,0
81,7,1
81,8,0
81,9,0
81,10,0
81,11,0
81,12,0
81,13,0
81,14,0
81,15,0
81,16,0
81,17,0
81,18,0
81,19,0
81,20,0
81,21,0
81,22,0
81,23,0
81,24,0
81,25,1
81,26,0
81,27,0
81,28,0
81,29,0
81,30,0
82,1,1
82,2,0
82,3,1
82,4,2
82,5,1
82,6,0
82,7,0
82,8,0
82,9,0
82,10,0
82,11,0
82,12,2
82,13,1
82,14,0
82,15,0
82,16,1
82,17,0
82,18,0
82,19,1
82,20,1
82,21,1
82,22,1
82,23,0
82,24,0
82,25,0
82,26,1
82,27,0
82,28,0
82,29,0
82,30,0
83,1,11
83,2,0
83,3,1
83,4,0
83,5,1
83,6,4
83,7,2
83,8,5
83,9,1
83,10,2
83,11,0
83,12,1
83,13,0
83,14,2
83,15,1
83,16,1
83,17,4
83,18,3
83,19,4
83,20,2
83,21,4
83,22,10
83,23,2
83,24,0
83,25,10
83,26,4
83,27,6
83,28,2
83,29,2
83,30,4
84,1,1
84,2,0
84,3,0
84,4,0
84,5,1
84,6,2
84,7,3
84,8,3
84,9,0
84,10,0
84,11,0
84,12,1
84,13,1
84,14,1
84,15,0
84,16,1
84,17,0
84,18,5
84,19,3
84,20,6
84,21,0
84,22,0
84,23,0
84,24,3
84,25,0
84,26,0
84,27,2
84,28,3
84,29,0
84,30,2
85,1,0
85,2,1
85,3,1
85,4,1
85,5,0
85,6,0
85,7,0
85,8,0
85,9,0
85,10,0
85,11,0
85,12,0
85,13,1
85,14,1
85,15,1
85,16,1
85,17,1
85,18,0
85,19,2
85,20,1
85,21,2
85,22,1
85,23,0
85,24,0
85,25,0
85,26,1
85,27,1
85,28,0
85,29,2
85,30,0
86,1,0
86,2,2
86,3,0
86,4,2
86,5,0
86,6,1
86,7,0
86,8,0
86,9,0
86,10,0
86,11,0
86,12,0
86,13,3
86,14,0
86,15,0
86,16,0
86,17,0
86,18,1
86,19,2
86,20,0
86,21,0
86,22,0
86,23,0
86,24,0
86,25,0
86,26,0
86,27,0
86,28,0
86,29,0
86,30,0
87,1,0
87,2,2
87,3,1
87,4,0
87,5,0
87,6,0
87,7,0
87,8,1
87,9,0
87,10,0
87,11,0
87,12,1
87,13,0
87,14,1
87,15,1
87,16,0
87,17,0
87,18,0
87,19,0
87,20,0
87,21,0
87,22,0
87,23,1
87,24,5
87,25,0
87,26,0
87,27,0
87,28,0
87,29,0
87,30,0
88,1,1
88,2,0
88,3,1
88,4,0
88,5,0
88,6,1
88,7,0
88,8,3
88,9,0
88,10,0
88,11,3
88,12,1
88,13,1
88,14,0
88,15,1
88,16,0
88,17,1
88,18,0
88,19,0
88,20,1
88,21,0
88,22,0
88,23,2
88,24,0
88,25,0
88,26,1
88,27,0
88,28,0
88,29,4
88,30,0
89,1,0
89,2,3
89,3,0
89,4,1
89,5,3
89,6,0
89,7,0
89,8,0
89,9,0
89,10,0
89,11,2
89,12,3
89,13,0
89,14,0
89,15,1
89,16,0
89,17,0
89,18,0
89,19,0
89,20,1
89,21,0
89,22,0
89,23,1
89,24,0
89,25,1
89,26,1
89,27,0
89,28,0
89,29,0
89,30,0
90,1,1
90,2,0
90,3,6
90,4,2
90,5,0
90,6,2
90,7,0
90,8,1
90,9,5
90,10,0
90,11,3
90,12,0
90,13,2
90,14,0
90,15,1
90,16,1
90,17,2
90,18,0
90,19,0
90,20,1
90,21,0
90,22,2
90,23,0
90,24,0
90,25,4
90,26,1
90,27,0
90,28,2
90,29,2
90,30,4
91,1,0
91,2,0
91,3,1
91,4,2
91,5,0
91,6,0
91,7,0
91,8,0
91,9,1
91,10,1
91,11,0
91,12,0
91,13,0
91,14,1
91,15,0
91,16,1
91,17,0
91,18,0
91,19,0
91,20,0
91,21,0
91,22,0
91,23,1
91,24,0
91,25,2
91,26,0
91,27,0
91,28,0
91,29,2
91,30,1
92,1,0
92,2,0
92,3,0
92,4,0
92,5,2
92,6,0
92,7,0
92,8,0
92,9,1
92,10,0
92,11,0
92,12,0
92,13,0
92,14,0
92,15,0
92,16,0
92,17,0
92,18,1
92,19,0
92,20,0
92,21,0
92,22,1
92,23,0
92,24,0
92,25,0
92,26,0
92,27,0
92,28,0
92,29,0
92,30,0
93,1,0
93,2,0
93,3,2
93,4,1
93,5,0
93,6,0
93,7,1
93,8,0
93,9,1
93,10,0
93,11,2
93,12,0
93,13,1
93,14,0
93,15,0
93,16,1
93,17,0
93,18,0
93,19,0
93,20,0
93,21,0
93,22,0
93,23,0
93,24,0
93,25,0
93,26,0
93,27,0
93,28,0
93,29,0
93,30,0
94,1,6
94,2,1
94,3,3
94,4,2
94,5,2
94,6,1
94,7,3
94,8,2
94,9,1
94,10,3
94,11,0
94,12,2
94,13,4
94,14,0
94,15,1
94,16,1
94,17,2
94,18,4
94,19,2
94,20,6
94,21,3
94,22,2
94,23,4
94,24,5
94,25,5
94,26,3
94,27,2
94,28,1
94,29,5
94,30,1
95,1,0
95,2,0
95,3,1
95,4,1
95,5,4
95,6,2
95,7,2
95,8,6
95,9,2
95,10,1
95,11,3
95,12,0
95,13,1
95,14,3
95,15,2
95,16,1
95,17,3
95,18,1
95,19,1
95,20,1
95,21,3
95,22,4
95,23,1
95,24,4
95,25,1
95,26,4
95,27,1
95,28,1
95,29,0
95,30,1
96,1,0
96,2,0
96,3,0
96,4,0
96,5,0
96,6,1
96,7,0
96,8,0
96,9,0
96,10,0
96,11,1
96,12,0
96,13,1
96,14,1
96,15,0
96,16,0
96,17,0
96,18,0
96,19,0
96,20,1
96,21,1
96,22,1
96,23,0
96,24,0
96,25,0
96,26,0
96,27,0
96,28,0
96,29,0
96,30,0
97,1,0
97,2,0
97,3,0
97,4,1
97,5,0
97,6,0
97,7,0
97,8,0
97,9,0
97,10,0
97,11,7
97,12,0
97,13,0
97,14,0
97,15,0
97,16,0
97,17,7
97,18,0
97,19,0
97,20,0
97,21,0
97,22,1
97,23,1
97,24,0
97,25,0
97,26,0
97,27,0
97,28,0
97,29,0
97,30,0
98,1,0
98,2,0
98,3,1
98,4,0
98,5,0
98,6,0
98,7,1
98,8,0
98,9,0
98,10,1
98,11,0
98,12,0
98,13,0
98,14,2
98,15,0
98,16,2
98,17,1
98,18,0
98,19,0
98,20,1
98,21,1
98,22,1
98,23,0
98,24,0
98,25,0
98,26,0
98,27,0
98,28,0
98,29,1
98,30,1
99,1,5
99,2,2
99,3,1
99,4,2
99,5,2
99,6,1
99,7,0
99,8,0
99,9,0
99,10,2
99,11,2
99,12,1
99,13,0
99,14,2
99,15,2
99,16,1
99,17,2
99,18,1
99,19,4
99,20,3
99,21,3
99,22,3
99,23,2
99,24,0
99,25,0
99,26,2
99,27,0
99,28,5
99,29,0
99,30,1
100,1,1
100,2,0
100,3,0
100,4,0
100,5,0
100,6,0
100,7,0
100,8,0
100,9,2
100,10,0
100,11,1
100,12,2
100,13,0
100,14,0
100,15,0
100,16,0
100,17,0
100,18,0
100,19,0
100,20,0
100,21,0
100,22,0
100,23,0
100,24,0
100,25,2
100,26,0
100,27,0
100,28,0
100,29,0
100,30,0