rep,id,p0,alpha,tau,eta_p0,eta_alpha,eta_tau
1,1,0.23179199590531682,0.02602850079071350,69.50629058736556942,0.00000000000000000,-0.20109909132103709,0.20023535627612432
1,2,0.23179199590531682,0.03837516231731432,71.99247154492336165,0.00000000000000000,0.18711922243609225,2.68641631383391655
1,3,0.23179199590531682,0.01997836980597612,71.28323011870426740,0.00000000000000000,-0.46564103463030149,1.97717488761482230
1,4,0.23179199590531682,0.04136908882491146,61.60127297096227039,0.00000000000000000,0.26224274198102471,-7.70478226012717471
1,5,0.23179199590531682,0.02633019778487922,74.26154070384514227,0.00000000000000000,-0.18957472798041186,4.95548547275569717
1,6,0.23179199590531682,0.06024888898178987,58.69745533392242010,0.00000000000000000,0.63819291883500329,-10.60859989716702501
1,7,0.23179199590531682,0.03458963482197001,61.21487945185526769,0.00000000000000000,0.08326285233430175,-8.09117577923417741
1,8,0.23179199590531682,0.03486427068224884,56.86620175122898502,0.00000000000000000,0.09117132888967117,-12.43985347986046008
1,9,0.23179199590531682,0.03840262802312447,62.22759997559328582,0.00000000000000000,0.18783468212462884,-7.07845525549615928
1,10,0.23179199590531682,0.01683719409033659,73.59581397144464177,0.00000000000000000,-0.63670084001221072,4.28975874035519666
1,11,0.23179199590531682,0.06753452583381367,64.09970236661676779,0.00000000000000000,0.75234774771490720,-5.20635286447267731
1,12,0.23179199590531682,0.03126374324046356,73.62931858499186433,0.00000000000000000,-0.01783215002873328,4.32326335390241923
1,13,0.23179199590531682,0.04733677735626922,68.93082941173427969,0.00000000000000000,0.39699631410466374,-0.37522581935516541
1,14,0.23179199590531682,0.06844894784922703,67.11427122394093203,0.00000000000000000,0.76579696730178082,-2.19178400714851307
1,15,0.23179199590531682,0.04686144794545156,79.84262093955776152,0.00000000000000000,0.38690411876357311,10.53656570846831642
1,16,0.23179199590531682,0.03120527925323863,57.11700123892794068,0.00000000000000000,-0.01970392589332537,-12.18905399216150442
1,17,0.23179199590531682,0.04190375764225393,70.02737438982912010,0.00000000000000000,0.27508429087687958,0.72131915873967500
1,18,0.23179199590531682,0.03204170417531587,56.28816494238868273,0.00000000000000000,0.00674709654858274,-13.01789028870076237
1,19,0.23179199590531682,0.03378267031024181,74.53430426896449035,0.00000000000000000,0.05965674506265417,5.22824903787504525
1,20,0.23179199590531682,0.03174626057580641,62.58824943723610090,0.00000000000000000,-0.00251627196699866,-6.71780579385334420
1,21,0.23179199590531682,0.03649152475631766,64.84383431109392859,0.00000000000000000,0.13678882193968800,-4.46222091999551651
1,22,0.23179199590531682,0.01054322146224262,75.11843903737390349,0.00000000000000000,-1.10480807523613178,5.81238380628445839
1,23,0.23179199590531682,0.02323980120281928,66.45122641133899322,0.00000000000000000,-0.31442483537790400,-2.85482881975045188
1,24,0.23179199590531682,0.01032494042857698,73.59530333678918623,0.00000000000000000,-1.12572884402836815,4.28924810569974113
1,25,0.23179199590531682,0.02415183264813445,72.80273943131076919,0.00000000000000000,-0.27593094995897482,3.49668420022132409
1,26,0.23179199590531682,0.06521509054901550,74.16504744777186886,0.00000000000000000,0.71739967906095892,4.85899221668242376
1,27,0.23179199590531682,0.02417241272742205,66.67303071922886204,0.00000000000000000,-0.27507920026803356,-2.63302451186058306
1,28,0.23179199590531682,0.04002494946027747,70.25513138435499627,0.00000000000000000,0.22921178294863598,0.94907615326555117
1,29,0.23179199590531682,0.05946273867685666,77.25468508727061590,0.00000000000000000,0.62505866242638675,7.94862985618117079
1,30,0.23179199590531682,0.02157740385611650,65.56948348181937547,0.00000000000000000,-0.38864456387484392,-3.73657174927006963
1,31,0.23179199590531682,0.05259527832976924,63.04360481034531460,0.00000000000000000,0.50233513689127962,-6.26245042074413050
1,32,0.23179199590531682,0.04750553957504235,71.10552715757938813,0.00000000000000000,0.40055511364370355,1.79947192648994303
1,33,0.23179199590531682,0.02542410591744220,71.07378779813197411,0.00000000000000000,-0.22459343740216742,1.76773256704252901
1,34,0.23179199590531682,0.03775657385200622,65.19375028271454653,0.00000000000000000,0.17086838907964230,-4.11230494837489857
1,35,0.23179199590531682,0.03750915527953053,71.84957011141054295,0.00000000000000000,0.16429383073686177,2.54351488032109785
1,36,0.23179199590531682,0.03011893268440033,66.18027418013342356,0.00000000000000000,-0.05513724637050554,-3.12578105095602155
1,37,0.23179199590531682,0.02240847834785129,61.44093659308232702,0.00000000000000000,-0.35085182830871942,-7.86511863800711808
1,38,0.23179199590531682,0.05838757216786773,65.80981860087581481,0.00000000000000000,0.60681184861370863,-3.49623663021363029
1,39,0.23179199590531682,0.03061295942482063,70.73146031199539152,0.00000000000000000,-0.03886778331139151,1.42540508090594642
1,40,0.23179199590531682,0.05794404030006406,64.04064770843173449,0.00000000000000000,0.59918650916351934,-5.26540752265771062
1,41,0.23179199590531682,0.02377472996417659,67.21246351631840810,0.00000000000000000,-0.29166796283616492,-2.09359171477103700
1,42,0.23179199590531682,0.07940192090824287,68.65830416821660265,0.00000000000000000,0.91423134753000568,-0.64775106287284245
1,43,0.23179199590531682,0.05198809512497391,70.52815919834669955,0.00000000000000000,0.49072353923686718,1.22210396725725445
1,44,0.23179199590531682,0.03625144813522774,58.70582841125109752,0.00000000000000000,0.13018811583129608,-10.60022681983834758
1,45,0.23179199590531682,0.05406132460134416,70.18862392741716860,0.00000000000000000,0.52982782974824971,0.88256869632772350
1,46,0.23179199590531682,0.03645072683180991,65.57540763565994268,0.00000000000000000,0.13567018554243271,-3.73064759542950242
1,47,0.23179199590531682,0.04940750045806472,69.91071397671633747,0.00000000000000000,0.43981103057413806,0.60465874562689237
1,48,0.23179199590531682,0.02298409735060841,72.82519904164273328,0.00000000000000000,-0.32548865597981358,3.51914381055328818
1,49,0.23179199590531682,0.04804486729327231,73.87174687601395817,0.00000000000000000,0.41184409636195163,4.56569164492451307
1,50,0.23179199590531682,0.05739667926811941,70.29737518129644513,0.00000000000000000,0.58969523595074280,0.99131995020700003
1,51,0.23179199590531682,0.03463867848690325,66.70547927262070687,0.00000000000000000,0.08467971982084821,-2.60057595846873824
1,52,0.23179199590531682,0.04839883756826603,65.36773572500814566,0.00000000000000000,0.41918458302011086,-3.93831950608129944
1,53,0.23179199590531682,0.04541824665244332,65.16475931221337703,0.00000000000000000,0.35562271971831105,-4.14129591887606807
1,54,0.23179199590531682,0.03059613225046364,72.01531792906017415,0.00000000000000000,-0.03941760930358829,2.70926269797072905
1,55,0.23179199590531682,0.05863142209124581,62.55444072071068007,0.00000000000000000,0.61097955280378002,-6.75161451037876503
1,56,0.23179199590531682,0.05536573075031014,70.76845613759672915,0.00000000000000000,0.55366961061088560,1.46240090650728405
1,57,0.23179199590531682,0.03430731301625840,69.21570876036152242,0.00000000000000000,0.07506732568803010,-0.09034647072792268
1,58,0.23179199590531682,0.01867323394999825,58.65288678547162249,0.00000000000000000,-0.53320005428623052,-10.65316844561782261
1,59,0.23179199590531682,0.03617713451873409,76.08064161069067666,0.00000000000000000,0.12813606290279722,6.77458637960123156
1,60,0.23179199590531682,0.06308253952374802,71.34150336303611084,0.00000000000000000,0.68415280683350677,2.03544813194666574
1,61,0.23179199590531682,0.06073030822142045,63.20922524887832594,0.00000000000000000,0.64615167194163403,-6.09682998221111916
1,62,0.23179199590531682,0.07521750618352085,81.30138603015144838,0.00000000000000000,0.86009278562740077,11.99533079906200328
1,63,0.23179199590531682,0.01770537799956177,62.84509245340537120,0.00000000000000000,-0.58642277801710430,-6.46096277768407390
1,64,0.23179199590531682,0.03321733570449323,70.93107290131484888,0.00000000000000000,0.04278068618888575,1.62501767022540378
1,65,0.23179199590531682,0.03410683270544634,77.91435126008003920,0.00000000000000000,0.06920652358182666,8.60829602899059410
1,66,0.23179199590531682,0.05602953592991838,70.32493429621631265,0.00000000000000000,0.56558776578474657,1.01887906512686754
1,67,0.23179199590531682,0.03113829442826322,84.89748565872839947,0.00000000000000000,-0.02185281941342376,15.59143042763895437
1,68,0.23179199590531682,0.02082216327611809,73.36374640141688985,0.00000000000000000,-0.42427325168820040,4.05769117032744475
1,69,0.23179199590531682,0.02662910210650893,74.94185771370246130,0.00000000000000000,-0.17828653133936934,5.63580248261301620
1,70,0.23179199590531682,0.01917739938542686,73.53099377736950260,0.00000000000000000,-0.50655874288250269,4.22493854628005749
1,71,0.23179199590531682,0.01317670577621562,73.43910455872160981,0.00000000000000000,-0.88184065650214860,4.13304932763216470
1,72,0.23179199590531682,0.01440167027581010,64.94108659238054315,0.00000000000000000,-0.79294702199829503,-4.36496863870890195
1,73,0.23179199590531682,0.03561219499063199,68.49654503988409715,0.00000000000000000,0.11239692188625927,-0.80951019120534795
1,74,0.23179199590531682,0.04199159120148822,74.75489507231723962,0.00000000000000000,0.27717817552092550,5.44883984122779452
1,75,0.23179199590531682,0.01599690986124255,68.04676290263975602,0.00000000000000000,-0.68789564331474073,-1.25929232844968908
1,76,0.23179199590531682,0.03341342717309569,72.38296305486964854,0.00000000000000000,0.04866661713887188,3.07690782378020344
1,77,0.23179199590531682,0.04369240241090554,61.79204252920600737,0.00000000000000000,0.31688301588302537,-7.51401270188343773
1,78,0.23179199590531682,0.05671752647246939,74.62082405724649448,0.00000000000000000,0.57779205860182703,5.31476882615704938
1,79,0.23179199590531682,0.02222145135357081,66.13405090102213535,0.00000000000000000,-0.35923311370864841,-3.17200433006730975
1,80,0.23179199590531682,0.05292133123470969,83.16547992504870024,0.00000000000000000,0.50851528130764523,13.85942469395925514
1,81,0.23179199590531682,0.02186858708667573,61.73766649141636975,0.00000000000000000,-0.37523998571806727,-7.56838873967307535
1,82,0.23179199590531682,0.02418376083302741,69.56568588136589426,0.00000000000000000,-0.27460984527246124,0.25963065027644916
1,83,0.23179199590531682,0.02354569065120933,69.17403523356769313,0.00000000000000000,-0.30134839672104219,-0.13201999752175198
1,84,0.23179199590531682,0.02285085411717136,62.61114253585268585,0.00000000000000000,-0.33130271728056648,-6.69491269523675925
1,85,0.23179199590531682,0.01271070935167833,67.48349899726916590,0.00000000000000000,-0.91784631906788716,-1.82255623382027920
1,86,0.23179199590531682,0.04321066595161062,73.57281185757670983,0.00000000000000000,0.30579614857456106,4.26675662648726473
1,87,0.23179199590531682,0.05544659636889095,62.17940087311762198,0.00000000000000000,0.55512911669721721,-7.12665435797182312
1,88,0.23179199590531682,0.03136828587000082,68.82265577550126068,0.00000000000000000,-0.01449383485324507,-0.48339945558818442
1,89,0.23179199590531682,0.02975031625032916,56.36047977889803917,0.00000000000000000,-0.06745145103116901,-12.94557545219140593
1,90,0.23179199590531682,0.04462590129166119,77.40255690794900545,0.00000000000000000,0.33802322367838977,8.09650167685956035
1,91,0.23179199590531682,0.03395232178867870,76.33085858041353333,0.00000000000000000,0.06466602691044754,7.02480334932408823
1,92,0.23179199590531682,0.02009402757481339,60.58163405221932862,0.00000000000000000,-0.45986857789938851,-8.72442117887011648
1,93,0.23179199590531682,0.02909160188546159,59.94111107314504494,0.00000000000000000,-0.08984167570489632,-9.36494415794440016
1,94,0.23179199590531682,0.03372153521532419,77.93574955077619393,0.00000000000000000,0.05784544719888496,8.62969431968674883
1,95,0.23179199590531682,0.02855307874604588,62.75330060782065544,0.00000000000000000,-0.10852644595209515,-6.55275462326878966
1,96,0.23179199590531682,0.04103261681548145,65.95617461459301012,0.00000000000000000,0.25407606929182336,-3.34988061649643498
1,97,0.23179199590531682,0.03307106973285608,70.52019779630872165,0.00000000000000000,0.03836766077223830,1.21414256521927655
1,98,0.23179199590531682,0.04807310486755065,61.82100385916081109,0.00000000000000000,0.41243165713661023,-7.48505137192863401
1,99,0.23179199590531682,0.02888853842840301,75.49932056719673312,0.00000000000000000,-0.09684629094825992,6.19326533610728802
1,100,0.23179199590531682,0.04561384619505118,66.76997240059296246,0.00000000000000000,0.35992010182848366,-2.53608283049648264
1,101,0.23179199590531682,0.06499452309642481,66.42884993430075724,0.00000000000000000,0.71401179306108453,-2.87720529678868786
1,102,0.23179199590531682,0.02824026928587058,75.30497505717518436,0.00000000000000000,-0.11954226503124765,5.99891982608573926
1,103,0.23179199590531682,0.03966261566867198,79.56222127175843184,0.00000000000000000,0.22011785999886690,10.25616604066898674
1,104,0.23179199590531682,0.04962830272512903,64.96547232727263577,0.00000000000000000,0.44427007721827927,-4.34058290381680933
1,105,0.23179199590531682,0.03168461590348857,79.71076552204330312,0.00000000000000000,-0.00445995287278667,10.40471029095385802
1,106,0.23179199590531682,0.11192690541646962,72.73373165643019433,0.00000000000000000,1.25755481479973152,3.42767642534074923
1,107,0.23179199590531682,0.01761662575619267,56.55941815822797025,0.00000000000000000,-0.59144811184367141,-12.74663707286147485
1,108,0.23179199590531682,0.06127663869361540,67.70305449169023859,0.00000000000000000,0.65510745909296686,-1.60300073939920651
1,109,0.23179199590531682,0.04975839439537599,65.91545407985418592,0.00000000000000000,0.44688796770690686,-3.39060115123525918
1,110,0.23179199590531682,0.01783036347371901,61.45862836400637264,0.00000000000000000,-0.57938839604795822,-7.84742686708307247
1,111,0.23179199590531682,0.04005924772676808,55.26542480732027229,0.00000000000000000,0.23006833816907513,-14.04063042376917281
1,112,0.23179199590531682,0.01945503740749591,65.94766148158777241,0.00000000000000000,-0.49218518402451794,-3.35839374950167269
1,113,0.23179199590531682,0.04332043136901947,67.72827860059430805,0.00000000000000000,0.30833316658733834,-1.57777663049513706
1,114,0.23179199590531682,0.01448471003508848,63.47446406440880651,0.00000000000000000,-0.78719760049720611,-5.83159116668063859
1,115,0.23179199590531682,0.02650479936908049,67.66049195838375852,0.00000000000000000,-0.18296538836822940,-1.64556327270568659
1,116,0.23179199590531682,0.03906087192246269,61.64440305328292879,0.00000000000000000,0.20483003461360871,-7.66165217780651631
1,117,0.23179199590531682,0.03655119543094801,78.84701801495582174,0.00000000000000000,0.13842267916054585,9.54096278386637664
1,118,0.23179199590531682,0.01365918654176557,80.78255238332036470,0.00000000000000000,-0.84587891124321635,11.47649715223091960
1,119,0.23179199590531682,0.09929812412499897,63.83298856849574321,0.00000000000000000,1.13783546665629931,-5.47306666259370189
1,120,0.23179199590531682,0.05616275196382524,81.80554838615998392,0.00000000000000000,0.56796254749238040,12.49949315507053882
1,121,0.23179199590531682,0.03233851383948523,65.78677548262641039,0.00000000000000000,0.01596768561140260,-3.51927974846303471
1,122,0.23179199590531682,0.02536205243333054,82.58098092005485569,0.00000000000000000,-0.22703715502159261,13.27492568896541059
1,123,0.23179199590531682,0.03775443146054472,84.72802748528273753,0.00000000000000000,0.17081164525923587,15.42197225419329243
1,124,0.23179199590531682,0.03025656286278593,78.14444759885418534,0.00000000000000000,-0.05057809814208403,8.83839236776474024
1,125,0.23179199590531682,0.03691543464681660,73.44577071291928405,0.00000000000000000,0.14833853347257664,4.13971548182983895
1,126,0.23179199590531682,0.01539500826344609,69.21431966422176174,0.00000000000000000,-0.72624789509147059,-0.09173556686768336
1,127,0.23179199590531682,0.01875164980369443,77.36913584610100258,0.00000000000000000,-0.52900947515353414,8.06308061501155748
1,128,0.23179199590531682,0.00957288844692652,76.98674619493407079,0.00000000000000000,-1.20135623021871263,7.68069096384462568
1,129,0.23179199590531682,0.04973868895883368,82.73141278939330334,0.00000000000000000,0.44649186691408671,13.42535755830385824
1,130,0.23179199590531682,0.01618918489958920,80.43116213895041255,0.00000000000000000,-0.67594779272522620,11.12510690786096745
1,131,0.23179199590531682,0.04653301171952511,60.78222461673861687,0.00000000000000000,0.37987077693528271,-8.52383061435082823
1,132,0.23179199590531682,0.01857132059664409,65.69006726099026139,0.00000000000000000,-0.53867272587296089,-3.61598797009918371
1,133,0.23179199590531682,0.04178778911347078,69.93305367774644310,0.00000000000000000,0.27231295715199844,0.62699844665699800
1,134,0.23179199590531682,0.04070667711945292,74.96669110935459912,0.00000000000000000,0.24610092275221662,5.66063587826515402
1,135,0.23179199590531682,0.01287343410970341,73.08426604844834173,0.00000000000000000,-0.90512539662360192,3.77821081735889663
1,136,0.23179199590531682,0.12450357877159207,68.71802750364049928,0.00000000000000000,1.36404324741550642,-0.58802772744894583
1,137,0.23179199590531682,0.03478968012275082,73.40626717277201863,0.00000000000000000,0.08902958137502992,4.10021194168257352
1,138,0.23179199590531682,0.11000110382801510,65.64301674321082203,0.00000000000000000,1.24019918731273338,-3.66303848787862307
1,139,0.23179199590531682,0.02070920554141984,52.36894965998481410,0.00000000000000000,-0.42971289966740178,-16.93710557110463100
1,140,0.23179199590531682,0.01362662793418021,77.31331176261613791,0.00000000000000000,-0.84826539840977722,8.00725653152669281
1,141,0.23179199590531682,0.02416818809023120,68.70516862817959236,0.00000000000000000,-0.27525398656072131,-0.60088660290985274
1,142,0.23179199590531682,0.03592924601349119,56.53669939949673307,0.00000000000000000,0.12126040280215999,-12.76935583159271204
1,143,0.23179199590531682,0.03868090700376185,73.69691867244097239,0.00000000000000000,0.19505490598871100,4.39086344135152729
1,144,0.23179199590531682,0.02234831346412815,63.31813912506324726,0.00000000000000000,-0.35354035523513927,-5.98791610602619784
1,145,0.23179199590531682,0.03662645366508877,83.06435646463044975,0.00000000000000000,0.14047954383448102,13.75830123354100465
1,146,0.23179199590531682,0.03582222763566040,65.66595826912141831,0.00000000000000000,0.11827737118632253,-3.64009696196802679
1,147,0.23179199590531682,0.05187071093216998,57.33636962933158543,0.00000000000000000,0.48846308107750369,-11.96968560175785967
1,148,0.23179199590531682,0.02888811443613636,66.27497950902657919,0.00000000000000000,-0.09686096788939924,-3.03107572206286591
1,149,0.23179199590531682,0.03139638626398175,70.83295382432852705,0.00000000000000000,-0.01359841407263573,1.52689859323908195
1,150,0.23179199590531682,0.03167715222706377,70.98305719458049623,0.00000000000000000,-0.00469554214624068,1.67700196349105113
1,151,0.23179199590531682,0.00992751281039262,78.51305212896217256,0.00000000000000000,-1.16498123881241211,9.20699689787272746
1,152,0.23179199590531682,0.02277440346572569,68.17236999529934849,0.00000000000000000,-0.33465396293029093,-1.13368523579009661
1,153,0.23179199590531682,0.03176615038768934,73.59304565591203584,0.00000000000000000,-0.00188994359333439,4.28699042482259074
1,154,0.23179199590531682,0.05857721652830117,81.20652759429347611,0.00000000000000000,0.61005461130718830,11.90047236320403101
1,155,0.23179199590531682,0.01994856771445308,71.88095632704118998,0.00000000000000000,-0.46713386623264519,2.57490109595174488
1,156,0.23179199590531682,0.03390765959969035,82.34949081942451699,0.00000000000000000,0.06334972252829818,13.04343558833507188
1,157,0.23179199590531682,0.06159675283132326,64.45741777925859139,0.00000000000000000,0.66031794214336248,-4.84863745183085371
1,158,0.23179199590531682,0.02817188037425342,58.89064312445675142,0.00000000000000000,-0.12196688261922306,-10.41541210663269368
1,159,0.23179199590531682,0.02843294145243084,76.25444014620200051,0.00000000000000000,-0.11274282994167351,6.94838491511255540
1,160,0.23179199590531682,0.02604346267092964,72.00390003216287482,0.00000000000000000,-0.20052442965540207,2.69784480107342972
1,161,0.23179199590531682,0.04161292269812313,74.76916414523756771,0.00000000000000000,0.26811954758038326,5.46310891414812261
1,162,0.23179199590531682,0.02520685626540689,85.50359018232718711,0.00000000000000000,-0.23317518169343643,16.19753495123774201
1,163,0.23179199590531682,0.01885505979027906,75.38622847851284803,0.00000000000000000,-0.52350991146721482,6.08017324742340293
1,164,0.23179199590531682,0.01143829249827819,74.37507416498465318,0.00000000000000000,-1.02332449556129079,5.06901893389520808
1,165,0.23179199590531682,0.04542156310138337,67.15587851929190322,0.00000000000000000,0.35569573724114623,-2.15017671179754188
1,166,0.23179199590531682,0.02219763203734599,73.23077654983036666,0.00000000000000000,-0.36030559502476711,3.92472131874092156
1,167,0.23179199590531682,0.00733614013983582,75.46460558121823681,0.00000000000000000,-1.46747837542671311,6.15855035012879171
1,168,0.23179199590531682,0.09607169854656607,88.30967839532510766,0.00000000000000000,1.10480355933739061,19.00362316423566256
1,169,0.23179199590531682,0.06230218689403917,63.49575682792087150,0.00000000000000000,0.67170531458090510,-5.81029840316857360
1,170,0.23179199590531682,0.03345048237691126,69.86927178058047616,0.00000000000000000,0.04977499407520369,0.56321654949103106
1,171,0.23179199590531682,0.01189183189211070,66.06871067099714878,0.00000000000000000,-0.98443944441026376,-3.23734456009229632
1,172,0.23179199590531682,0.02689629316052802,68.61071842159226719,0.00000000000000000,-0.16830273684093600,-0.69533680949717791
1,173,0.23179199590531682,0.05854849391827689,65.04261755573197945,0.00000000000000000,0.60956415348216364,-4.26343767535746565
1,174,0.23179199590531682,0.01259781144080302,66.99539601460257643,0.00000000000000000,-0.92676810953315725,-2.31065921648686867
1,175,0.23179199590531682,0.01924296738375232,66.51688114090916315,0.00000000000000000,-0.50314554995936689,-2.78917409018028195
1,176,0.23179199590531682,0.03154646547169451,63.04626841674664206,0.00000000000000000,-0.00882965994132601,-6.25978681434280304
1,177,0.23179199590531682,0.05507611363124563,78.27420077295867884,0.00000000000000000,0.54842489952224538,8.96814554186923374
1,178,0.23179199590531682,0.03189186572764478,79.07499588579638328,0.00000000000000000,0.00205977118131884,9.76894065470693818
1,179,0.23179199590531682,0.04054053843640409,65.58716907870841339,0.00000000000000000,0.24201120931457121,-3.71888615238103171
1,180,0.23179199590531682,0.02922029268922234,60.26485042829515493,0.00000000000000000,-0.08542779021436342,-9.04120480279429017
1,181,0.23179199590531682,0.06749034433516336,70.87121818748443047,0.00000000000000000,0.75169332753036189,1.56516295639498537
1,182,0.23179199590531682,0.01155637507560700,61.51228254804988893,0.00000000000000000,-1.01305397393457097,-7.79377268303955617
1,183,0.23179199590531682,0.02231815257783370,69.08877349956391356,0.00000000000000000,-0.35489084895228951,-0.21728173152553154
1,184,0.23179199590531682,0.03166806673369799,67.90531593541086863,0.00000000000000000,-0.00498239863129646,-1.40073929567857647
1,185,0.23179199590531682,0.05871602037578062,73.13277871252833506,0.00000000000000000,0.61242139588808264,3.82672348143888996
1,186,0.23179199590531682,0.03362703552867451,68.55186105477348235,0.00000000000000000,0.05503915902905021,-0.75419417631596275
1,187,0.23179199590531682,0.10092531299330433,62.29686662263429753,0.00000000000000000,1.15408955475123687,-7.00918860845514757
1,188,0.23179199590531682,0.03594215359903032,73.91830012348418677,0.00000000000000000,0.12161958839608156,4.61224489239474167
1,189,0.23179199590531682,0.01643345498775119,68.09397152477299642,0.00000000000000000,-0.66097201797058647,-1.21208370631644868
1,190,0.23179199590531682,0.07294365859814246,70.89747847046940876,0.00000000000000000,0.82939612990249767,1.59142323937996366
1,191,0.23179199590531682,0.02695193050915643,69.02502466124771274,0.00000000000000000,-0.16623628544716862,-0.28103056984173236
1,192,0.23179199590531682,0.04330821193563007,57.76031840055644295,0.00000000000000000,0.30805105589036064,-11.54573683053300215
1,193,0.23179199590531682,0.01744283817501920,83.28190584661734874,0.00000000000000000,-0.60136206859595420,13.97585061552790364
1,194,0.23179199590531682,0.04144254907173833,66.49317524027003401,0.00000000000000000,0.26401689517884686,-2.81287999081941109
1,195,0.23179199590531682,0.03140458125645722,65.19550446376798902,0.00000000000000000,-0.01333743107044505,-4.11055076732145608
1,196,0.23179199590531682,0.04230929925154281,64.37963980856029877,0.00000000000000000,0.28471568912339196,-4.92641542252914633
1,197,0.23179199590531682,0.04756047186198734,71.08201904643773616,0.00000000000000000,0.40171077994816784,1.77596381534829106
1,198,0.23179199590531682,0.10643801631279450,72.55604206878309981,0.00000000000000000,1.20727159603587531,3.24998683769365471
1,199,0.23179199590531682,0.04221421536927206,63.56769938299948564,0.00000000000000000,0.28246580818063727,-5.73835584808995947
1,200,0.23179199590531682,0.02120354485042425,64.29982899312258837,0.00000000000000000,-0.40612283560385443,-5.00622623796685673
1,201,0.23179199590531682,0.01714338198011855,78.00258598985875835,0.00000000000000000,-0.61867900446446855,8.69653075876931325
1,202,0.23179199590531682,0.01207187712544607,67.27996232837506341,0.00000000000000000,-0.96941267029103395,-2.02609290271438169
1,203,0.23179199590531682,0.02020711770092676,62.95054841823373692,0.00000000000000000,-0.45425630945500517,-6.35550681285570818
1,204,0.23179199590531682,0.02183149165357067,62.60350771319882313,0.00000000000000000,-0.37693771455903846,-6.70254751789062198
1,205,0.23179199590531682,0.09150155443733882,70.03040387522385402,0.00000000000000000,1.05606474729391930,0.72434864413440891
1,206,0.23179199590531682,0.04393004153202849,76.98990764619169624,0.00000000000000000,0.32230719017157528,7.68385241510225114
1,207,0.23179199590531682,0.02546509095652237,73.39449871388912072,0.00000000000000000,-0.22298268107433206,4.08844348279967562
1,208,0.23179199590531682,0.03599221187549258,79.08480634266939546,0.00000000000000000,0.12301136503058618,9.77875111157995036
1,209,0.23179199590531682,0.04548500043869343,74.60630511381991425,0.00000000000000000,0.35709139768934683,5.30024988273046915
1,210,0.23179199590531682,0.01478083077385176,61.41999146579328794,0.00000000000000000,-0.76696008996218934,-7.88606376529615716
1,211,0.23179199590531682,0.01761352428281806,67.86941264917140870,0.00000000000000000,-0.59162418111270343,-1.43664258191803640
1,212,0.23179199590531682,0.04758273723565979,61.87951358661930357,0.00000000000000000,0.40217881911333953,-7.42654164447014153
1,213,0.23179199590531682,0.02909245732509386,76.04586100153197492,0.00000000000000000,-0.08981227110013190,6.73980577044252982
1,214,0.23179199590531682,0.05820764987997327,77.72688420061039949,0.00000000000000000,0.60372557410693206,8.42082896952095439
1,215,0.23179199590531682,0.06279768277707362,61.77384463789974944,0.00000000000000000,0.67962696110967480,-7.53221059318969566
1,216,0.23179199590531682,0.04449611738813827,71.37648660156446567,0.00000000000000000,0.33511072243148776,2.07043137047502057
1,217,0.23179199590531682,0.07251354437156658,67.48066837876885415,0.00000000000000000,0.82348215010083603,-1.82538685232059095
1,218,0.23179199590531682,0.03340869304580318,70.55686168035323647,0.00000000000000000,0.04852492372103612,1.25080644926379136
1,219,0.23179199590531682,0.02816772205730620,74.93266087005150666,0.00000000000000000,-0.12211449874625613,5.62660563896206156
1,220,0.23179199590531682,0.04219205525142049,72.89054795871251713,0.00000000000000000,0.28194072590421948,3.58449272762307203
1,221,0.23179199590531682,0.01760166649324578,66.21290400864803871,0.00000000000000000,-0.59229762855167012,-3.09315122244140639
1,222,0.23179199590531682,0.05280062001992471,78.53760192555532171,0.00000000000000000,0.50623172021540208,9.23154669446587661
1,223,0.23179199590531682,0.01602847984941183,67.12659846353128046,0.00000000000000000,-0.68592408270731697,-2.17945676755816464
1,224,0.23179199590531682,0.00900168370764914,80.28438968238573636,0.00000000000000000,-1.26287957476259427,10.97833445129629126
1,225,0.23179199590531682,0.00914953563116139,67.64646577141975570,0.00000000000000000,-1.24658808592264636,-1.65958945966968940
1,226,0.23179199590531682,0.04676465982188150,63.81024159649270899,0.00000000000000000,0.38483657242726022,-5.49581363459673611
1,227,0.23179199590531682,0.01477763848206432,68.64298491534660229,0.00000000000000000,-0.76717608841408547,-0.66307031574284281
1,228,0.23179199590531682,0.01616429074204378,68.41252890163951861,0.00000000000000000,-0.67748667916413430,-0.89352632944992649
1,229,0.23179199590531682,0.01841349637312589,63.21036327820229417,0.00000000000000000,-0.54720731895366193,-6.09569195288715093
1,230,0.23179199590531682,0.03804743389163705,81.24634007848102613,0.00000000000000000,0.17854242837397694,11.94028484739158102
1,231,0.23179199590531682,0.03488797025466693,68.51020347244870834,0.00000000000000000,0.09185086471566706,-0.79585175864073676
1,232,0.23179199590531682,0.05111557496938110,70.05301986705903516,0.00000000000000000,0.47379803146130817,0.74696463596959006
1,233,0.23179199590531682,0.04325697575798360,63.52095754753348444,0.00000000000000000,0.30686729634464438,-5.78509768355596066
1,234,0.23179199590531682,0.02973039268439818,61.96465153654571623,0.00000000000000000,-0.06812136795155954,-7.34140369454372888
1,235,0.23179199590531682,0.01876348449734513,60.34052842655537319,0.00000000000000000,-0.52837854610243040,-8.96552680453407191
1,236,0.23179199590531682,0.03192022793472304,70.96340972478387243,0.00000000000000000,0.00294870013876602,1.65735449369442733
1,237,0.23179199590531682,0.04546878509140519,59.77031121216719356,0.00000000000000000,0.35673483534583283,-9.53574401892225154
1,238,0.23179199590531682,0.03309159850091557,75.13290289372083919,0.00000000000000000,0.03898821521075435,5.82684766263139409
1,239,0.23179199590531682,0.02788515077697991,72.50392984834310539,0.00000000000000000,-0.13219689630270182,3.19787461725366029
1,240,0.23179199590531682,0.01581357510336548,66.45847309065931086,0.00000000000000000,-0.69942245832632688,-2.84758214043013425
1,241,0.23179199590531682,0.02468093150409511,58.43132076736031166,0.00000000000000000,-0.25426027162678455,-10.87473446372913344
1,242,0.23179199590531682,0.02698314533996502,70.32428448817920241,0.00000000000000000,-0.16507878881618065,1.01822925708975731
1,243,0.23179199590531682,0.01987817812765197,77.55552231644558958,0.00000000000000000,-0.47066865967883542,8.24946708535614448
1,244,0.23179199590531682,0.01816188475244150,69.25005492724879730,0.00000000000000000,-0.56096605951431622,-0.05600030384064780
1,245,0.23179199590531682,0.01702669073027195,59.64288391904104003,0.00000000000000000,-0.62550905744497287,-9.66317131204840507
1,246,0.23179199590531682,0.04628949662122098,68.37401586575663259,0.00000000000000000,0.37462386729402652,-0.93203936533281251
1,247,0.23179199590531682,0.01373592513267259,67.89956659533922334,0.00000000000000000,-0.84027654009523500,-1.40648863575022176
1,248,0.23179199590531682,0.02720447352757157,68.17997365952329858,0.00000000000000000,-0.15690978552546131,-1.12608157156614652
1,249,0.23179199590531682,0.03754893234794023,59.51706308195793582,0.00000000000000000,0.16535373176527290,-9.78899214913150928
1,250,0.23179199590531682,0.04046269214903998,60.75344808934261209,0.00000000000000000,0.24008915482940907,-8.55260714174683301