           ;    Tlag_pop;      ka_pop;        V_pop;   alpha_pop;    beta_pop;  omega_Tlag;    omega_ka;     omega_V;           a
   Tlag_pop;0.1650043830;0.0000000000; 0.0000000000;0.0000000000;0.0000000000;0.0000000000;0.0000000000;0.0000000000;0.0000000000
     ka_pop;0.0000000000;0.1631617154; 0.0000000000;0.0000000000;0.0000000000;0.0000000000;0.0000000000;0.0000000000;0.0000000000
      V_pop;0.0000000000;0.0000000000;31.0077816529;0.0000000000;0.0000000000;0.0000000000;0.0000000000;0.0000000000;0.0000000000
  alpha_pop;0.0000000000;0.0000000000; 0.0000000000;6.3820907982;0.0000000000;0.0000000000;0.0000000000;0.0000000000;0.0000000000
   beta_pop;0.0000000000;0.0000000000; 0.0000000000;0.0000000000;0.5337661956;0.0000000000;0.0000000000;0.0000000000;0.0000000000
 omega_Tlag;0.0000000000;0.0000000000; 0.0000000000;0.0000000000;0.0000000000;1.0000000000;0.0000000000;0.0000000000;0.0000000000
   omega_ka;0.0000000000;0.0000000000; 0.0000000000;0.0000000000;0.0000000000;0.0000000000;1.0000000000;0.0000000000;0.0000000000
    omega_V;0.0000000000;0.0000000000; 0.0000000000;0.0000000000;0.0000000000;0.0000000000;0.0000000000;1.0000000000;0.0000000000
omega_alpha;0.0000000000;0.0000000000; 0.0000000000;0.0000000000;0.0000000000;0.0000000000;0.0000000000;0.0000000000;0.0000000000
 omega_beta;0.0000000000;0.0000000000; 0.0000000000;0.0000000000;0.0000000000;0.0000000000;0.0000000000;0.0000000000;0.0000000000
          a;0.0000000000;0.0000000000; 0.0000000000;0.0000000000;0.0000000000;0.0000000000;0.0000000000;0.0000000000;1.0000000000
