rep,id,eta_p0,eta_alpha,eta_tau
1,1,0.000000,-0.192421,-0.070572
2,1,0.000000,-0.279998,-0.259657
3,1,0.000000,-0.291624,-0.163256
4,1,0.000000,-0.291624,-0.277530
5,1,0.000000,-0.224072,-0.191728
6,1,0.000000,-0.224072,-0.191728
7,1,0.000000,-0.184604,0.150522
8,1,0.000000,-0.203971,0.098261
9,1,0.000000,-0.194477,0.116832
10,1,0.000000,-0.207284,0.116832
1,2,0.000000,0.194995,2.854807
2,2,0.000000,0.194995,2.854807
3,2,0.000000,0.194995,2.854807
4,2,0.000000,0.178528,2.864407
5,2,0.000000,0.178528,2.864407
6,2,0.000000,0.178528,2.864407
7,2,0.000000,0.200279,3.186403
8,2,0.000000,0.218892,3.186403
9,2,0.000000,0.218892,3.186403
10,2,0.000000,0.218892,3.186403
1,3,0.000000,-0.482773,1.083379
2,3,0.000000,-0.482773,1.083379
3,3,0.000000,-0.519969,1.418758
4,3,0.000000,-0.541603,1.193037
5,3,0.000000,-0.559255,0.891920
6,3,0.000000,-0.493203,1.439798
7,3,0.000000,-0.527732,1.439713
8,3,0.000000,-0.501222,0.965424
9,3,0.000000,-0.521129,1.294989
10,3,0.000000,-0.579279,0.913846
1,4,0.000000,0.238538,-7.645667
2,4,0.000000,0.237962,-7.866912
3,4,0.000000,0.219000,-8.040915
4,4,0.000000,0.203233,-8.047160
5,4,0.000000,0.238225,-7.919321
6,4,0.000000,0.224364,-7.885069
7,4,0.000000,0.279722,-7.580999
8,4,0.000000,0.216382,-7.924384
9,4,0.000000,0.216382,-7.924384
10,4,0.000000,0.218952,-7.924384
1,5,0.000000,-0.170834,4.948613
2,5,0.000000,-0.207322,4.920085
3,5,0.000000,-0.207322,4.637827
4,5,0.000000,-0.205995,4.742121
5,5,0.000000,-0.205995,4.995236
6,5,0.000000,-0.205995,5.169562
7,5,0.000000,-0.156812,5.169562
8,5,0.000000,-0.175980,5.055824
9,5,0.000000,-0.176438,5.201344
10,5,0.000000,-0.197694,5.031779
1,6,0.000000,0.664067,-9.734172
2,6,0.000000,0.664067,-9.734172
3,6,0.000000,0.679055,-9.560342
4,6,0.000000,0.679055,-9.560342
5,6,0.000000,0.679055,-9.560342
6,6,0.000000,0.679055,-9.560342
7,6,0.000000,0.639411,-9.945803
8,6,0.000000,0.625367,-9.981826
9,6,0.000000,0.625367,-9.981826
10,6,0.000000,0.625367,-9.981826
1,7,0.000000,0.065665,-7.896867
2,7,0.000000,0.065665,-7.896867
3,7,0.000000,0.075745,-7.896867
4,7,0.000000,0.075745,-7.896867
5,7,0.000000,0.075745,-7.675855
6,7,0.000000,0.046708,-7.857297
7,7,0.000000,0.046708,-7.949256
8,7,0.000000,0.051326,-7.949256
9,7,0.000000,0.081195,-7.953029
10,7,0.000000,0.081195,-7.713671
1,8,0.000000,0.078096,-12.406153
2,8,0.000000,0.078096,-12.503176
3,8,0.000000,0.072167,-12.258210
4,8,0.000000,0.059422,-12.258210
5,8,0.000000,0.084269,-12.378177
6,8,0.000000,0.089905,-12.345295
7,8,0.000000,0.097400,-12.322718
8,8,0.000000,0.097400,-12.322718
9,8,0.000000,0.148658,-12.255153
10,8,0.000000,0.093224,-12.327195
1,9,0.000000,0.191649,-6.794966
2,9,0.000000,0.191649,-6.794966
3,9,0.000000,0.191649,-6.794966
4,9,0.000000,0.223493,-6.626270
5,9,0.000000,0.223493,-6.740956
6,9,0.000000,0.223493,-6.740956
7,9,0.000000,0.223493,-6.740956
8,9,0.000000,0.228948,-6.736368
9,9,0.000000,0.208008,-6.736368
10,9,0.000000,0.198618,-6.847381
1,10,0.000000,-0.656851,4.355547
2,10,0.000000,-0.677538,4.259926
3,10,0.000000,-0.538853,4.641985
4,10,0.000000,-0.640492,3.946346
5,10,0.000000,-0.702559,4.304077
6,10,0.000000,-0.703636,3.475043
7,10,0.000000,-0.703636,3.637616
8,10,0.000000,-0.703636,3.714659
9,10,0.000000,-0.673213,4.243389
10,10,0.000000,-0.584188,4.604491
1,11,0.000000,0.833116,-4.743139
2,11,0.000000,0.824682,-4.798614
3,11,0.000000,0.842886,-4.750320
4,11,0.000000,0.822770,-4.750320
5,11,0.000000,0.777720,-4.826698
6,11,0.000000,0.837322,-4.629269
7,11,0.000000,0.813380,-4.629269
8,11,0.000000,0.789671,-4.474806
9,11,0.000000,0.878644,-4.719039
10,11,0.000000,0.878644,-4.719039
1,12,0.000000,0.008440,4.529680
2,12,0.000000,0.021570,4.512729
3,12,0.000000,0.072747,4.768073
4,12,0.000000,0.072747,4.760646
5,12,0.000000,0.072747,4.760646
6,12,0.000000,-0.007748,4.421593
7,12,0.000000,0.018617,5.065818
8,12,0.000000,0.037519,4.609434
9,12,0.000000,0.073436,4.911759
10,12,0.000000,0.060858,4.548435
1,13,0.000000,0.452501,0.169464
2,13,0.000000,0.436911,0.075379
3,13,0.000000,0.436911,0.075379
4,13,0.000000,0.419666,0.010305
5,13,0.000000,0.419666,0.174168
6,13,0.000000,0.443683,0.174168
7,13,0.000000,0.443683,0.174168
8,13,0.000000,0.428112,0.200961
9,13,0.000000,0.428112,0.200961
10,13,0.000000,0.428112,0.200961
1,14,0.000000,0.773972,-1.836234
2,14,0.000000,0.783505,-1.836234
3,14,0.000000,0.771041,-1.729902
4,14,0.000000,0.771041,-1.601546
5,14,0.000000,0.813720,-1.398541
6,14,0.000000,0.813069,-1.799132
7,14,0.000000,0.729100,-1.705776
8,14,0.000000,0.806004,-1.705776
9,14,0.000000,0.784942,-1.705776
10,14,0.000000,0.784942,-1.729262
1,15,0.000000,0.296467,10.902793
2,15,0.000000,0.332725,10.967936
3,15,0.000000,0.332725,10.967936
4,15,0.000000,0.329261,10.967936
5,15,0.000000,0.324960,10.797255
6,15,0.000000,0.257025,10.797255
7,15,0.000000,0.257025,10.797255
8,15,0.000000,0.280575,10.948166
9,15,0.000000,0.332148,10.948166
10,15,0.000000,0.345531,11.226451
1,16,0.000000,-0.077240,-12.553335
2,16,0.000000,-0.077240,-12.553335
3,16,0.000000,-0.063245,-12.553335
4,16,0.000000,-0.063245,-12.384680
5,16,0.000000,-0.063245,-12.385077
6,16,0.000000,-0.063245,-12.491833
7,16,0.000000,-0.063245,-12.532641
8,16,0.000000,-0.063245,-12.532641
9,16,0.000000,-0.032019,-12.420204
10,16,0.000000,-0.044902,-12.227228
1,17,0.000000,0.272634,1.180571
2,17,0.000000,0.276542,1.180571
3,17,0.000000,0.265888,1.177493
4,17,0.000000,0.265888,1.177493
5,17,0.000000,0.265888,1.039482
6,17,0.000000,0.265888,1.039482
7,17,0.000000,0.301940,1.056428
8,17,0.000000,0.252712,1.056428
9,17,0.000000,0.278867,1.269736
10,17,0.000000,0.278867,1.269736
1,18,0.000000,-0.023125,-13.360845
2,18,0.000000,-0.023965,-13.669395
3,18,0.000000,-0.050575,-13.716761
4,18,0.000000,-0.010505,-13.475574
5,18,0.000000,0.016413,-13.033127
6,18,0.000000,0.016413,-13.298459
7,18,0.000000,-0.027698,-13.635534
8,18,0.000000,0.006038,-13.182712
9,18,0.000000,-0.019364,-13.182712
10,18,0.000000,0.016977,-13.179404
1,19,0.000000,0.060726,5.355211
2,19,0.000000,0.060726,5.446183
3,19,0.000000,0.060726,5.446183
4,19,0.000000,0.063069,5.446183
5,19,0.000000,0.063069,5.446183
6,19,0.000000,0.063069,5.272842
7,19,0.000000,0.063069,5.272842
8,19,0.000000,0.063069,5.272842
9,19,0.000000,0.053586,5.225195
10,19,0.000000,0.020804,5.194607
1,20,0.000000,0.000672,-6.517527
2,20,0.000000,0.000672,-6.517527
3,20,0.000000,-0.012362,-6.584222
4,20,0.000000,0.012841,-6.360197
5,20,0.000000,0.012841,-6.515771
6,20,0.000000,0.012841,-6.515771
7,20,0.000000,0.014439,-6.361468
8,20,0.000000,-0.005329,-6.558021
9,20,0.000000,-0.005329,-6.657229
10,20,0.000000,-0.005329,-6.568784
1,21,0.000000,0.088339,-4.472195
2,21,0.000000,0.088339,-4.318793
3,21,0.000000,0.067106,-4.200674
4,21,0.000000,0.089174,-4.255586
5,21,0.000000,0.081560,-4.440126
6,21,0.000000,0.047045,-4.620448
7,21,0.000000,0.113539,-4.293339
8,21,0.000000,0.084768,-4.382698
9,21,0.000000,0.120054,-4.151305
10,21,0.000000,0.075094,-4.092749
1,22,0.000000,-0.916542,4.702250
2,22,0.000000,-0.969111,4.039159
3,22,0.000000,-0.868466,3.980001
4,22,0.000000,-0.957798,4.109333
5,22,0.000000,-0.890284,4.506690
6,22,0.000000,-0.980859,4.342831
7,22,0.000000,-0.973576,4.483011
8,22,0.000000,-0.888403,4.058012
9,22,0.000000,-0.791738,3.871964
10,22,0.000000,-0.847269,4.836854
1,23,0.000000,-0.315109,-3.048667
2,23,0.000000,-0.311893,-3.140702
3,23,0.000000,-0.240978,-2.470849
4,23,0.000000,-0.284667,-3.037324
5,23,0.000000,-0.332552,-3.037324
6,23,0.000000,-0.332552,-3.037324
7,23,0.000000,-0.333296,-3.126587
8,23,0.000000,-0.305683,-3.107322
9,23,0.000000,-0.286900,-3.050630
10,23,0.000000,-0.302808,-2.929597
1,24,0.000000,-1.163724,3.773386
2,24,0.000000,-1.176842,3.287732
3,24,0.000000,-1.279089,3.053736
4,24,0.000000,-1.189077,3.053736
5,24,0.000000,-1.139213,2.648613
6,24,0.000000,-1.198584,3.042469
7,24,0.000000,-1.184623,3.372943
8,24,0.000000,-1.292293,3.283792
9,24,0.000000,-1.173735,3.843368
10,24,0.000000,-1.168366,2.788405
1,25,0.000000,-0.307411,3.302729
2,25,0.000000,-0.204157,3.422961
3,25,0.000000,-0.206146,3.347182
4,25,0.000000,-0.192102,3.824183
5,25,0.000000,-0.232954,3.982663
6,25,0.000000,-0.212786,3.974853
7,25,0.000000,-0.157686,4.070416
8,25,0.000000,-0.211586,3.100309
9,25,0.000000,-0.336096,2.939152
10,25,0.000000,-0.285460,3.109729
1,26,0.000000,0.694306,5.007462
2,26,0.000000,0.774061,4.946005
3,26,0.000000,0.774061,5.014158
4,26,0.000000,0.647530,5.014158
5,26,0.000000,0.745036,4.796567
6,26,0.000000,0.745036,5.122544
7,26,0.000000,0.584252,5.282408
8,26,0.000000,0.560888,5.101033
9,26,0.000000,0.624161,5.229725
10,26,0.000000,0.702668,4.836225
1,27,0.000000,-0.283716,-3.351986
2,27,0.000000,-0.263192,-2.870654
3,27,0.000000,-0.263192,-2.870654
4,27,0.000000,-0.263192,-2.870654
5,27,0.000000,-0.308151,-3.314969
6,27,0.000000,-0.324349,-3.337928
7,27,0.000000,-0.317272,-3.295142
8,27,0.000000,-0.317272,-3.559296
9,27,0.000000,-0.285825,-3.085815
10,27,0.000000,-0.333576,-3.297352
1,28,0.000000,0.275675,1.417425
2,28,0.000000,0.275675,1.417425
3,28,0.000000,0.253566,1.417425
4,28,0.000000,0.245789,1.127562
5,28,0.000000,0.230083,1.088023
6,28,0.000000,0.204538,1.180435
7,28,0.000000,0.204538,1.180435
8,28,0.000000,0.252983,1.180435
9,28,0.000000,0.229861,1.273635
10,28,0.000000,0.287216,1.770819
1,29,0.000000,0.632335,8.516522
2,29,0.000000,0.652627,8.501533
3,29,0.000000,0.652627,8.685262
4,29,0.000000,0.652627,8.494892
5,29,0.000000,0.652627,8.494892
6,29,0.000000,0.652627,8.500931
7,29,0.000000,0.626645,8.500931
8,29,0.000000,0.626645,8.500931
9,29,0.000000,0.640569,8.500931
10,29,0.000000,0.640569,8.500931
1,30,0.000000,-0.404628,-4.360847
2,30,0.000000,-0.443434,-4.360847
3,30,0.000000,-0.432794,-4.360304
4,30,0.000000,-0.416290,-4.285653
5,30,0.000000,-0.416290,-4.159176
6,30,0.000000,-0.417062,-4.063514
7,30,0.000000,-0.417062,-4.063514
8,30,0.000000,-0.417062,-4.298568
9,30,0.000000,-0.421172,-4.219819
10,30,0.000000,-0.421172,-4.219819
1,31,0.000000,0.492790,-5.820638
2,31,0.000000,0.476265,-5.820638
3,31,0.000000,0.481949,-5.709925
4,31,0.000000,0.481949,-5.709925
5,31,0.000000,0.503389,-5.818729
6,31,0.000000,0.480182,-5.818729
7,31,0.000000,0.480182,-5.818729
8,31,0.000000,0.499445,-5.951415
9,31,0.000000,0.453238,-5.865262
10,31,0.000000,0.453238,-5.865262
1,32,0.000000,0.377944,2.301989
2,32,0.000000,0.335768,2.301989
3,32,0.000000,0.381323,2.072448
4,32,0.000000,0.381323,2.072448
5,32,0.000000,0.397794,1.989692
6,32,0.000000,0.364108,2.072354
7,32,0.000000,0.364108,2.072354
8,32,0.000000,0.355653,2.098675
9,32,0.000000,0.355653,2.098675
10,32,0.000000,0.362323,2.368652
1,33,0.000000,-0.322283,1.055473
2,33,0.000000,-0.325712,1.818068
3,33,0.000000,-0.243099,1.669947
4,33,0.000000,-0.250581,1.669947
5,33,0.000000,-0.273628,1.815314
6,33,0.000000,-0.258650,1.250271
7,33,0.000000,-0.141443,1.335522
8,33,0.000000,-0.253844,1.535009
9,33,0.000000,-0.298695,1.854122
10,33,0.000000,-0.327351,1.630795
1,34,0.000000,0.149002,-4.011027
2,34,0.000000,0.149002,-4.011027
3,34,0.000000,0.160011,-3.843157
4,34,0.000000,0.147153,-4.049080
5,34,0.000000,0.150780,-4.049080
6,34,0.000000,0.144548,-4.049080
7,34,0.000000,0.156995,-3.812397
8,34,0.000000,0.131031,-4.000910
9,34,0.000000,0.131031,-4.000910
10,34,0.000000,0.131031,-4.000910
1,35,0.000000,0.100531,2.835140
2,35,0.000000,0.100260,2.974523
3,35,0.000000,0.139701,2.710952
4,35,0.000000,0.091997,2.705247
5,35,0.000000,0.149617,2.705247
6,35,0.000000,0.096059,2.662838
7,35,0.000000,0.050485,2.587415
8,35,0.000000,0.088012,2.754291
9,35,0.000000,0.154569,2.754291
10,35,0.000000,0.154569,2.754291
1,36,0.000000,-0.040540,-2.865460
2,36,0.000000,-0.040540,-2.865460
3,36,0.000000,-0.027812,-2.865460
4,36,0.000000,-0.089610,-2.812859
5,36,0.000000,-0.046669,-3.325193
6,36,0.000000,-0.046669,-2.911280
7,36,0.000000,-0.062412,-3.420299
8,36,0.000000,-0.086493,-3.113293
9,36,0.000000,-0.086493,-3.113293
10,36,0.000000,-0.045035,-3.505033
1,37,0.000000,-0.335060,-7.918913
2,37,0.000000,-0.335060,-7.918913
3,37,0.000000,-0.346733,-8.149143
4,37,0.000000,-0.339461,-8.149143
5,37,0.000000,-0.339461,-8.149143
6,37,0.000000,-0.357065,-8.004730
7,37,0.000000,-0.357065,-8.215972
8,37,0.000000,-0.357065,-8.215972
9,37,0.000000,-0.357065,-8.215972
10,37,0.000000,-0.357065,-8.215972
1,38,0.000000,0.631340,-2.069310
2,38,0.000000,0.667330,-2.165229
3,38,0.000000,0.664986,-2.165229
4,38,0.000000,0.614853,-2.493522
5,38,0.000000,0.621538,-2.870200
6,38,0.000000,0.663796,-2.166629
7,38,0.000000,0.667240,-2.447172
8,38,0.000000,0.618732,-2.291567
9,38,0.000000,0.634332,-2.238199
10,38,0.000000,0.604310,-2.624955
1,39,0.000000,-0.108534,1.266178
2,39,0.000000,-0.046437,1.382493
3,39,0.000000,-0.059170,1.221377
4,39,0.000000,-0.090665,1.311657
5,39,0.000000,-0.091523,1.402222
6,39,0.000000,-0.086305,1.402222
7,39,0.000000,-0.109871,1.050163
8,39,0.000000,-0.105907,1.065742
9,39,0.000000,-0.086799,1.068103
10,39,0.000000,-0.094496,1.217771
1,40,0.000000,0.613271,-4.748872
2,40,0.000000,0.613271,-4.803100
3,40,0.000000,0.620532,-4.803100
4,40,0.000000,0.601799,-4.894063
5,40,0.000000,0.600008,-4.894063
6,40,0.000000,0.600008,-4.925675
7,40,0.000000,0.607604,-4.893917
8,40,0.000000,0.607604,-4.893917
9,40,0.000000,0.581512,-4.893917
10,40,0.000000,0.576493,-4.893917
1,41,0.000000,-0.297239,-2.085160
2,41,0.000000,-0.347041,-2.087552
3,41,0.000000,-0.324727,-2.078627
4,41,0.000000,-0.324392,-1.537977
5,41,0.000000,-0.324392,-1.866521
6,41,0.000000,-0.301396,-2.090312
7,41,0.000000,-0.301396,-1.912733
8,41,0.000000,-0.332343,-1.923661
9,41,0.000000,-0.329920,-2.135130
10,41,0.000000,-0.301241,-2.135130
1,42,0.000000,0.939337,0.049660
2,42,0.000000,0.939337,0.049660
3,42,0.000000,0.939337,0.049660
4,42,0.000000,0.939337,0.049660
5,42,0.000000,0.959150,0.049660
6,42,0.000000,0.968776,0.111157
7,42,0.000000,0.968776,0.111157
8,42,0.000000,0.968776,0.111157
9,42,0.000000,0.917131,-0.075829
10,42,0.000000,0.901830,-0.075829
1,43,0.000000,0.427186,1.273911
2,43,0.000000,0.416031,1.273911
3,43,0.000000,0.416031,1.273911
4,43,0.000000,0.439652,1.468103
5,43,0.000000,0.439652,1.468103
6,43,0.000000,0.439652,1.468103
7,43,0.000000,0.459998,1.566360
8,43,0.000000,0.406874,1.142522
9,43,0.000000,0.406874,1.142522
10,43,0.000000,0.380946,1.133801
1,44,0.000000,0.092453,-10.738003
2,44,0.000000,0.092453,-10.738003
3,44,0.000000,0.092453,-10.655859
4,44,0.000000,0.107862,-10.655859
5,44,0.000000,0.107862,-10.655859
6,44,0.000000,0.111559,-10.643112
7,44,0.000000,0.111559,-10.599326
8,44,0.000000,0.111559,-10.599326
9,44,0.000000,0.110792,-10.763399
10,44,0.000000,0.110792,-10.754225
1,45,0.000000,0.498759,1.039345
2,45,0.000000,0.498759,1.039345
3,45,0.000000,0.448754,1.039345
4,45,0.000000,0.430607,0.847021
5,45,0.000000,0.430607,0.847021
6,45,0.000000,0.430607,0.969682
7,45,0.000000,0.458179,0.969682
8,45,0.000000,0.458179,0.980119
9,45,0.000000,0.527446,1.291703
10,45,0.000000,0.504453,1.157164
1,46,0.000000,0.129165,-3.221049
2,46,0.000000,0.142485,-3.249637
3,46,0.000000,0.142485,-3.249637
4,46,0.000000,0.140130,-3.249637
5,46,0.000000,0.140130,-3.226837
6,46,0.000000,0.152598,-3.029068
7,46,0.000000,0.152598,-3.029068
8,46,0.000000,0.152598,-3.029068
9,46,0.000000,0.152598,-3.073277
10,46,0.000000,0.152598,-3.073277
1,47,0.000000,0.421019,0.955429
2,47,0.000000,0.421019,0.988040
3,47,0.000000,0.421019,0.988040
4,47,0.000000,0.423801,1.062296
5,47,0.000000,0.426976,1.062296
6,47,0.000000,0.422063,0.869153
7,47,0.000000,0.404579,1.047435
8,47,0.000000,0.404579,1.047435
9,47,0.000000,0.404579,0.916795
10,47,0.000000,0.404579,0.916795
1,48,0.000000,-0.347220,3.125229
2,48,0.000000,-0.327836,3.313717
3,48,0.000000,-0.314379,3.148409
4,48,0.000000,-0.329894,3.307283
5,48,0.000000,-0.343947,3.322511
6,48,0.000000,-0.323602,3.421989
7,48,0.000000,-0.330452,3.036046
8,48,0.000000,-0.330452,3.036046
9,48,0.000000,-0.330452,3.036046
10,48,0.000000,-0.332290,3.232436
1,49,0.000000,0.415779,4.978726
2,49,0.000000,0.442014,5.157433
3,49,0.000000,0.490858,4.801565
4,49,0.000000,0.252152,4.538828
5,49,0.000000,0.312529,4.913302
6,49,0.000000,0.273303,4.845633
7,49,0.000000,0.339607,4.813189
8,49,0.000000,0.371747,4.813189
9,49,0.000000,0.429876,4.730605
10,49,0.000000,0.243515,4.774305
1,50,0.000000,0.558867,1.458779
2,50,0.000000,0.564336,1.458779
3,50,0.000000,0.564336,1.458779
4,50,0.000000,0.564336,1.458779
5,50,0.000000,0.549266,1.458779
6,50,0.000000,0.586651,1.683083
7,50,0.000000,0.600639,1.683083
8,50,0.000000,0.600639,1.683083
9,50,0.000000,0.602704,1.683083
10,50,0.000000,0.602704,1.683083
1,51,0.000000,0.109397,-2.042152
2,51,0.000000,0.109397,-2.042152
3,51,0.000000,0.109397,-2.042152
4,51,0.000000,0.109397,-2.042152
5,51,0.000000,0.109397,-2.042152
6,51,0.000000,0.109397,-2.080681
7,51,0.000000,0.109397,-2.080681
8,51,0.000000,0.109397,-2.080681
9,51,0.000000,0.109397,-2.080681
10,51,0.000000,0.109397,-2.080681
1,52,0.000000,0.416024,-3.452586
2,52,0.000000,0.383723,-3.673814
3,52,0.000000,0.383723,-3.673814
4,52,0.000000,0.374581,-3.708805
5,52,0.000000,0.392040,-3.745256
6,52,0.000000,0.390874,-3.551756
7,52,0.000000,0.413816,-3.545926
8,52,0.000000,0.397613,-3.609171
9,52,0.000000,0.420582,-3.405682
10,52,0.000000,0.420582,-3.405682
1,53,0.000000,0.400841,-3.213008
2,53,0.000000,0.415440,-3.304875
3,53,0.000000,0.363387,-3.628148
4,53,0.000000,0.341236,-3.778490
5,53,0.000000,0.341236,-3.778490
6,53,0.000000,0.341236,-3.778490
7,53,0.000000,0.381265,-3.642280
8,53,0.000000,0.388436,-3.566987
9,53,0.000000,0.387493,-3.336509
10,53,0.000000,0.407208,-3.063727
1,54,0.000000,-0.039320,3.006628
2,54,0.000000,-0.052406,2.911128
3,54,0.000000,-0.052406,2.770848
4,54,0.000000,-0.052406,2.770848
5,54,0.000000,-0.065629,2.465487
6,54,0.000000,-0.088226,2.527226
7,54,0.000000,-0.088226,2.527226
8,54,0.000000,-0.088226,2.527226
9,54,0.000000,-0.083907,2.527226
10,54,0.000000,-0.074109,2.527226
1,55,0.000000,0.633063,-6.166833
2,55,0.000000,0.633063,-6.166833
3,55,0.000000,0.633063,-6.166833
4,55,0.000000,0.633063,-6.166833
5,55,0.000000,0.633063,-6.166833
6,55,0.000000,0.633063,-6.166833
7,55,0.000000,0.633063,-6.166833
8,55,0.000000,0.616552,-6.182582
9,55,0.000000,0.616552,-6.182582
10,55,0.000000,0.616552,-6.182582
1,56,0.000000,0.508565,1.919035
2,56,0.000000,0.507558,1.313360
3,56,0.000000,0.496826,1.934317
4,56,0.000000,0.484361,1.944038
5,56,0.000000,0.512364,1.944038
6,56,0.000000,0.512364,2.443871
7,56,0.000000,0.514570,1.901381
8,56,0.000000,0.547940,2.197924
9,56,0.000000,0.561558,2.096173
10,56,0.000000,0.490012,1.794575
1,57,0.000000,0.086574,0.351664
2,57,0.000000,0.075636,0.175775
3,57,0.000000,0.074696,0.141578
4,57,0.000000,0.074876,0.144857
5,57,0.000000,0.068943,0.144857
6,57,0.000000,0.033475,-0.128694
7,57,0.000000,0.090201,0.195902
8,57,0.000000,0.048841,0.245914
9,57,0.000000,0.048841,0.101555
10,57,0.000000,0.048841,0.101555
1,58,0.000000,-0.510254,-10.437142
2,58,0.000000,-0.539024,-10.821804
3,58,0.000000,-0.492461,-10.641630
4,58,0.000000,-0.492461,-10.020704
5,58,0.000000,-0.492461,-10.020704
6,58,0.000000,-0.490422,-10.207491
7,58,0.000000,-0.510087,-10.114129
8,58,0.000000,-0.515671,-10.513456
9,58,0.000000,-0.504834,-10.505527
10,58,0.000000,-0.508034,-10.505527
1,59,0.000000,0.104995,7.076292
2,59,0.000000,0.114551,7.020029
3,59,0.000000,0.130897,7.190309
4,59,0.000000,0.130897,7.012219
5,59,0.000000,0.120347,7.193254
6,59,0.000000,0.125357,7.034437
7,59,0.000000,0.164883,7.454785
8,59,0.000000,0.164883,7.048343
9,59,0.000000,0.102272,7.048343
10,59,0.000000,0.135839,7.358538
1,60,0.000000,0.668294,2.653674
2,60,0.000000,0.673573,2.750510
3,60,0.000000,0.673573,2.630865
4,60,0.000000,0.643270,2.696134
5,60,0.000000,0.677303,2.463636
6,60,0.000000,0.574485,2.481480
7,60,0.000000,0.574485,2.564052
8,60,0.000000,0.655081,2.564052
9,60,0.000000,0.655081,2.564052
10,60,0.000000,0.655081,2.564052
1,61,0.000000,0.535758,-6.005717
2,61,0.000000,0.535758,-5.918065
3,61,0.000000,0.548413,-5.811327
4,61,0.000000,0.594883,-5.813258
5,61,0.000000,0.599347,-5.813258
6,61,0.000000,0.599347,-5.813258
7,61,0.000000,0.599347,-5.746594
8,61,0.000000,0.599347,-5.768044
9,61,0.000000,0.599347,-5.768044
10,61,0.000000,0.599347,-5.768044
1,62,0.000000,0.843826,12.394292
2,62,0.000000,0.786518,12.257398
3,62,0.000000,0.803953,12.362899
4,62,0.000000,0.803953,12.316097
5,62,0.000000,0.803953,12.316097
6,62,0.000000,0.803953,12.316097
7,62,0.000000,0.803953,12.316097
8,62,0.000000,0.803953,12.395144
9,62,0.000000,0.851475,12.395144
10,62,0.000000,0.829991,12.405491
1,63,0.000000,-0.627603,-7.442463
2,63,0.000000,-0.627603,-7.442463
3,63,0.000000,-0.627603,-7.442463
4,63,0.000000,-0.652400,-7.787517
5,63,0.000000,-0.652400,-7.382872
6,63,0.000000,-0.662152,-7.911805
7,63,0.000000,-0.643242,-7.774815
8,63,0.000000,-0.646391,-7.625232
9,63,0.000000,-0.624933,-7.354081
10,63,0.000000,-0.624933,-7.205964
1,64,0.000000,0.041957,1.603413
2,64,0.000000,0.032699,1.549785
3,64,0.000000,0.036863,1.548185
4,64,0.000000,0.041764,1.719587
5,64,0.000000,0.057013,1.719587
6,64,0.000000,0.016924,1.759500
7,64,0.000000,0.071391,1.653242
8,64,0.000000,0.046282,1.653242
9,64,0.000000,0.046297,1.626823
10,64,0.000000,0.017903,1.626823
1,65,0.000000,0.065014,8.843780
2,65,0.000000,0.062127,8.831054
3,65,0.000000,0.062127,8.831054
4,65,0.000000,0.062127,8.831054
5,65,0.000000,0.035253,8.709155
6,65,0.000000,0.035253,8.709155
7,65,0.000000,0.021862,8.643198
8,65,0.000000,0.044486,8.656010
9,65,0.000000,0.027157,8.933679
10,65,0.000000,0.016878,8.780859
1,66,0.000000,0.616082,1.582245
2,66,0.000000,0.616082,1.582245
3,66,0.000000,0.614876,1.682050
4,66,0.000000,0.614876,1.718776
5,66,0.000000,0.611663,1.718776
6,66,0.000000,0.630286,1.724561
7,66,0.000000,0.630286,1.724561
8,66,0.000000,0.582847,1.729037
9,66,0.000000,0.610258,1.694282
10,66,0.000000,0.610258,1.694282
1,67,0.000000,-0.103031,16.227336
2,67,0.000000,-0.108244,16.377981
3,67,0.000000,-0.124976,17.409460
4,67,0.000000,-0.220835,17.390514
5,67,0.000000,-0.208304,17.176319
6,67,0.000000,-0.092650,16.641827
7,67,0.000000,-0.197764,17.436465
8,67,0.000000,-0.165135,17.768206
9,67,0.000000,-0.233505,17.531578
10,67,0.000000,-0.262819,17.829777
1,68,0.000000,-0.458077,3.607928
2,68,0.000000,-0.458077,3.607928
3,68,0.000000,-0.458077,3.705754
4,68,0.000000,-0.426198,4.074526
5,68,0.000000,-0.462632,3.666048
6,68,0.000000,-0.482803,3.072570
7,68,0.000000,-0.434503,3.681424
8,68,0.000000,-0.411344,4.006844
9,68,0.000000,-0.462920,3.344471
10,68,0.000000,-0.494173,3.298365
1,69,0.000000,-0.205121,5.236349
2,69,0.000000,-0.209102,5.236349
3,69,0.000000,-0.227567,5.275068
4,69,0.000000,-0.244954,5.224928
5,69,0.000000,-0.169657,5.363719
6,69,0.000000,-0.175161,5.521760
7,69,0.000000,-0.175161,5.521760
8,69,0.000000,-0.168524,5.712689
9,69,0.000000,-0.168524,5.560614
10,69,0.000000,-0.218980,4.992709
1,70,0.000000,-0.525287,3.956443
2,70,0.000000,-0.535042,3.822066
3,70,0.000000,-0.535042,4.037078
4,70,0.000000,-0.540109,2.954115
5,70,0.000000,-0.574650,3.594277
6,70,0.000000,-0.532277,3.640219
7,70,0.000000,-0.532277,3.559523
8,70,0.000000,-0.507455,3.469419
9,70,0.000000,-0.524841,3.579093
10,70,0.000000,-0.524841,3.579093
1,71,0.000000,-0.896869,2.886223
2,71,0.000000,-0.955825,2.744326
3,71,0.000000,-0.962045,3.171109
4,71,0.000000,-0.934432,3.605395
5,71,0.000000,-0.804611,3.530290
6,71,0.000000,-0.835733,3.937141
7,71,0.000000,-0.918385,3.171592
8,71,0.000000,-0.948848,3.440566
9,71,0.000000,-0.969514,3.095314
10,71,0.000000,-0.833172,3.164901
1,72,0.000000,-0.802909,-4.783881
2,72,0.000000,-0.766470,-4.799950
3,72,0.000000,-0.725587,-4.799950
4,72,0.000000,-0.725587,-5.069573
5,72,0.000000,-0.752025,-5.069573
6,72,0.000000,-0.752025,-5.045754
7,72,0.000000,-0.757110,-4.705375
8,72,0.000000,-0.749430,-4.713492
9,72,0.000000,-0.749430,-4.713492
10,72,0.000000,-0.739698,-4.618623
1,73,0.000000,0.127745,-0.315085
2,73,0.000000,0.127745,-0.315085
3,73,0.000000,0.139823,-0.454410
4,73,0.000000,0.128309,-0.390375
5,73,0.000000,0.101694,-0.784553
6,73,0.000000,0.100753,-0.520037
7,73,0.000000,0.100753,-0.520037
8,73,0.000000,0.101968,-0.484081
9,73,0.000000,0.101968,-0.484081
10,73,0.000000,0.101968,-0.484081
1,74,0.000000,0.254669,5.769628
2,74,0.000000,0.254669,5.769628
3,74,0.000000,0.288405,5.769628
4,74,0.000000,0.289597,5.769628
5,74,0.000000,0.289597,5.719015
6,74,0.000000,0.198119,5.737498
7,74,0.000000,0.237202,5.737498
8,74,0.000000,0.288141,5.737498
9,74,0.000000,0.288141,5.737498
10,74,0.000000,0.288141,5.737498
1,75,0.000000,-0.634796,-1.448321
2,75,0.000000,-0.664863,-1.585725
3,75,0.000000,-0.664952,-1.468846
4,75,0.000000,-0.690148,-1.468846
5,75,0.000000,-0.690148,-1.468846
6,75,0.000000,-0.659596,-1.468846
7,75,0.000000,-0.697151,-1.698353
8,75,0.000000,-0.683815,-1.638981
9,75,0.000000,-0.623438,-1.005824
10,75,0.000000,-0.638209,-1.048968
1,76,0.000000,0.160315,2.888095
2,76,0.000000,0.153601,2.559038
3,76,0.000000,0.067314,3.471124
4,76,0.000000,0.082563,2.959316
5,76,0.000000,0.082307,3.471316
6,76,0.000000,0.172159,3.169123
7,76,0.000000,0.110726,3.123544
8,76,0.000000,0.203501,3.123544
9,76,0.000000,0.079031,3.376227
10,76,0.000000,0.047103,3.376227
1,77,0.000000,0.276631,-7.661624
2,77,0.000000,0.276631,-7.555137
3,77,0.000000,0.281172,-7.847771
4,77,0.000000,0.305609,-7.576977
5,77,0.000000,0.285675,-7.508578
6,77,0.000000,0.263220,-7.508578
7,77,0.000000,0.266549,-7.226461
8,77,0.000000,0.266549,-7.391108
9,77,0.000000,0.272211,-7.244180
10,77,0.000000,0.302641,-7.026266
1,78,0.000000,0.585281,6.005578
2,78,0.000000,0.650957,6.214261
3,78,0.000000,0.615132,6.303173
4,78,0.000000,0.592085,5.655010
5,78,0.000000,0.604748,6.012138
6,78,0.000000,0.598266,6.012138
7,78,0.000000,0.565640,5.772999
8,78,0.000000,0.565640,5.772999
9,78,0.000000,0.488497,5.648293
10,78,0.000000,0.508330,5.648293
1,79,0.000000,-0.421988,-4.203135
2,79,0.000000,-0.421988,-3.582864
3,79,0.000000,-0.421988,-3.598254
4,79,0.000000,-0.444897,-3.980559
5,79,0.000000,-0.444897,-3.980559
6,79,0.000000,-0.439095,-4.181843
7,79,0.000000,-0.466628,-4.357902
8,79,0.000000,-0.466628,-4.297323
9,79,0.000000,-0.455145,-4.436640
10,79,0.000000,-0.468452,-4.436640
1,80,0.000000,0.404570,16.156116
2,80,0.000000,0.531049,16.734342
3,80,0.000000,0.261526,15.509453
4,80,0.000000,0.152647,17.722343
5,80,0.000000,0.305663,16.867227
6,80,0.000000,0.256263,17.107042
7,80,0.000000,0.360211,16.467014
8,80,0.000000,0.200322,16.743375
9,80,0.000000,0.187548,17.373839
10,80,0.000000,0.192046,17.295351
1,81,0.000000,-0.436808,-8.446861
2,81,0.000000,-0.402819,-8.285087
3,81,0.000000,-0.422868,-8.285087
4,81,0.000000,-0.419962,-8.097069
5,81,0.000000,-0.443340,-8.453239
6,81,0.000000,-0.443340,-8.453239
7,81,0.000000,-0.448208,-8.453239
8,81,0.000000,-0.419523,-8.453239
9,81,0.000000,-0.377626,-8.177038
10,81,0.000000,-0.468802,-8.825512
1,82,0.000000,-0.225225,0.223287
2,82,0.000000,-0.254389,0.223287
3,82,0.000000,-0.253720,0.265338
4,82,0.000000,-0.228688,0.306897
5,82,0.000000,-0.226456,0.402034
6,82,0.000000,-0.237018,0.212405
7,82,0.000000,-0.237018,0.212405
8,82,0.000000,-0.242621,0.178603
9,82,0.000000,-0.242621,0.169689
10,82,0.000000,-0.268009,0.169689
1,83,0.000000,-0.117933,-0.728399
2,83,0.000000,-0.155658,-0.748895
3,83,0.000000,-0.250833,-0.497880
4,83,0.000000,-0.196260,-0.550987
5,83,0.000000,-0.242354,-0.468831
6,83,0.000000,-0.247056,-0.543407
7,83,0.000000,-0.066989,-0.543407
8,83,0.000000,-0.119268,-0.768759
9,83,0.000000,-0.052024,-0.604172
10,83,0.000000,-0.069451,-0.496279
1,84,0.000000,-0.489570,-8.483369
2,84,0.000000,-0.489570,-8.483369
3,84,0.000000,-0.487720,-8.580821
4,84,0.000000,-0.487720,-8.691528
5,84,0.000000,-0.487720,-8.455180
6,84,0.000000,-0.454075,-8.022107
7,84,0.000000,-0.461320,-7.987810
8,84,0.000000,-0.449303,-8.086813
9,84,0.000000,-0.449303,-8.086813
10,84,0.000000,-0.449303,-8.086813
1,85,0.000000,-0.997986,-3.154703
2,85,0.000000,-1.026676,-3.154703
3,85,0.000000,-1.111183,-3.719784
4,85,0.000000,-1.133001,-3.787337
5,85,0.000000,-1.110719,-3.787337
6,85,0.000000,-1.111178,-3.325650
7,85,0.000000,-1.094386,-3.615322
8,85,0.000000,-1.027298,-3.462243
9,85,0.000000,-1.078221,-3.397900
10,85,0.000000,-1.129387,-3.853929
1,86,0.000000,0.291206,4.528174
2,86,0.000000,0.291206,4.528174
3,86,0.000000,0.291206,4.528174
4,86,0.000000,0.291206,4.528174
5,86,0.000000,0.291206,4.528174
6,86,0.000000,0.283130,4.493208
7,86,0.000000,0.283130,4.493208
8,86,0.000000,0.304417,4.389549
9,86,0.000000,0.292738,4.594149
10,86,0.000000,0.292738,4.594149
1,87,0.000000,0.576947,-6.608551
2,87,0.000000,0.566601,-6.637112
3,87,0.000000,0.577265,-6.439339
4,87,0.000000,0.639898,-6.501860
5,87,0.000000,0.600947,-6.501860
6,87,0.000000,0.632136,-6.442147
7,87,0.000000,0.674356,-6.266981
8,87,0.000000,0.674356,-6.266981
9,87,0.000000,0.676779,-6.266981
10,87,0.000000,0.676779,-6.390548
1,88,0.000000,-0.057842,-0.404547
2,88,0.000000,-0.052228,-0.953981
3,88,0.000000,-0.069119,-0.839879
4,88,0.000000,-0.071934,-0.839879
5,88,0.000000,-0.086778,-1.221085
6,88,0.000000,-0.086778,-1.221085
7,88,0.000000,-0.094545,-1.103049
8,88,0.000000,-0.093070,-0.933240
9,88,0.000000,-0.093070,-0.933240
10,88,0.000000,-0.112568,-1.382779
1,89,0.000000,-0.048604,-12.555940
2,89,0.000000,-0.048604,-12.672706
3,89,0.000000,-0.048604,-12.788538
4,89,0.000000,-0.048604,-12.521316
5,89,0.000000,-0.063601,-12.521316
6,89,0.000000,-0.071235,-13.070106
7,89,0.000000,-0.071235,-13.070106
8,89,0.000000,-0.060847,-12.806494
9,89,0.000000,-0.058281,-12.806494
10,89,0.000000,-0.058281,-12.806494
1,90,0.000000,0.418078,8.195539
2,90,0.000000,0.412929,8.195539
3,90,0.000000,0.426092,8.195539
4,90,0.000000,0.484172,8.195539
5,90,0.000000,0.376812,8.325492
6,90,0.000000,0.369815,8.215672
7,90,0.000000,0.369815,8.215672
8,90,0.000000,0.364149,8.106997
9,90,0.000000,0.359481,8.106997
10,90,0.000000,0.395305,8.310981
1,91,0.000000,-0.399443,10.981082
2,91,0.000000,-0.296759,10.927100
3,91,0.000000,-0.320710,10.386293
4,91,0.000000,-0.432698,10.139222
5,91,0.000000,-0.403288,10.370506
6,91,0.000000,-0.377226,11.243347
7,91,0.000000,0.070021,7.617781
8,91,0.000000,-0.053832,7.462474
9,91,0.000000,-0.011422,7.726069
10,91,0.000000,0.070653,7.477434
1,92,0.000000,-0.509073,-9.533052
2,92,0.000000,-0.468497,-9.533052
3,92,0.000000,-0.467599,-9.533052
4,92,0.000000,-0.484670,-9.367728
5,92,0.000000,-0.484670,-9.367728
6,92,0.000000,-0.484670,-9.367728
7,92,0.000000,-0.481579,-9.367728
8,92,0.000000,-0.481579,-9.367728
9,92,0.000000,-0.481579,-9.226222
10,92,0.000000,-0.481579,-9.598039
1,93,0.000000,-0.103220,-9.393328
2,93,0.000000,-0.113532,-9.393328
3,93,0.000000,-0.120065,-9.330186
4,93,0.000000,-0.091991,-9.138416
5,93,0.000000,-0.091991,-9.138416
6,93,0.000000,-0.118013,-9.518273
7,93,0.000000,-0.118013,-9.460382
8,93,0.000000,-0.118013,-9.460382
9,93,0.000000,-0.133893,-10.008291
10,93,0.000000,-0.124466,-9.682741
1,94,0.000000,0.064056,8.996189
2,94,0.000000,0.064056,8.820580
3,94,0.000000,0.064056,8.820580
4,94,0.000000,0.059235,8.820580
5,94,0.000000,0.063999,8.820580
6,94,0.000000,0.049649,8.694046
7,94,0.000000,0.049649,8.694046
8,94,0.000000,0.069383,8.881840
9,94,0.000000,0.071026,8.881840
10,94,0.000000,0.059751,9.046809
1,95,0.000000,-0.096960,-6.463067
2,95,0.000000,-0.096960,-6.463067
3,95,0.000000,-0.119884,-6.634691
4,95,0.000000,-0.119884,-6.738246
5,95,0.000000,-0.103583,-6.738246
6,95,0.000000,-0.103583,-6.352272
7,95,0.000000,-0.103583,-6.635387
8,95,0.000000,-0.113373,-6.625575
9,95,0.000000,-0.127262,-6.762741
10,95,0.000000,-0.127262,-6.762741
1,96,0.000000,0.201969,-3.063697
2,96,0.000000,0.201969,-3.703161
3,96,0.000000,0.180776,-3.471540
4,96,0.000000,0.233709,-2.917210
5,96,0.000000,0.248248,-2.917210
6,96,0.000000,0.231189,-3.104148
7,96,0.000000,0.256832,-2.879504
8,96,0.000000,0.211375,-3.351525
9,96,0.000000,0.211375,-3.364654
10,96,0.000000,0.195330,-3.364654
1,97,0.000000,-0.039251,1.207303
2,97,0.000000,-0.016984,1.087668
3,97,0.000000,-0.007187,0.908532
4,97,0.000000,0.010177,1.358030
5,97,0.000000,0.018963,1.048010
6,97,0.000000,0.044240,1.310145
7,97,0.000000,0.029014,1.310145
8,97,0.000000,0.029014,1.310145
9,97,0.000000,0.049601,1.392955
10,97,0.000000,0.050196,1.328980
1,98,0.000000,0.423222,-6.983355
2,98,0.000000,0.446086,-6.985361
3,98,0.000000,0.446086,-6.985361
4,98,0.000000,0.465448,-6.745627
5,98,0.000000,0.423085,-7.101257
6,98,0.000000,0.423085,-7.101257
7,98,0.000000,0.405458,-7.106032
8,98,0.000000,0.440859,-7.070489
9,98,0.000000,0.401608,-7.070489
10,98,0.000000,0.449560,-6.784314
1,99,0.000000,-0.069467,5.982249
2,99,0.000000,-0.047684,5.743729
3,99,0.000000,-0.068714,6.224818
4,99,0.000000,-0.134860,6.262386
5,99,0.000000,-0.132504,6.709124
6,99,0.000000,-0.059650,6.067804
7,99,0.000000,-0.182995,6.411268
8,99,0.000000,-0.001410,6.055751
9,99,0.000000,-0.007922,6.242143
10,99,0.000000,-0.047929,6.440567
1,100,0.000000,0.326046,-2.198153
2,100,0.000000,0.325438,-2.155150
3,100,0.000000,0.325438,-2.180965
4,100,0.000000,0.325438,-2.180965
5,100,0.000000,0.340663,-2.168638
6,100,0.000000,0.340663,-2.168638
7,100,0.000000,0.340663,-2.168638
8,100,0.000000,0.340663,-2.168638
9,100,0.000000,0.340663,-2.092806
10,100,0.000000,0.343693,-2.032871
1,101,0.000000,0.618365,-2.462460
2,101,0.000000,0.618365,-2.462460
3,101,0.000000,0.618365,-2.462460
4,101,0.000000,0.618365,-2.462460
5,101,0.000000,0.642164,-2.408517
6,101,0.000000,0.642164,-2.408517
7,101,0.000000,0.595665,-2.408517
8,101,0.000000,0.595665,-2.408517
9,101,0.000000,0.628038,-2.529901
10,101,0.000000,0.628038,-2.529901
1,102,0.000000,0.102793,5.575508
2,102,0.000000,0.082057,4.938975
3,102,0.000000,-0.006676,4.651941
4,102,0.000000,-0.004703,4.823088
5,102,0.000000,-0.044879,5.093465
6,102,0.000000,-0.044879,4.845716
7,102,0.000000,0.000343,5.880480
8,102,0.000000,0.021556,5.280682
9,102,0.000000,-0.115835,6.031572
10,102,0.000000,-0.062652,5.760432
1,103,0.000000,-0.128363,11.562409
2,103,0.000000,-0.057196,12.023608
3,103,0.000000,-0.124246,11.738313
4,103,0.000000,-0.137571,11.587511
5,103,0.000000,-0.043541,11.753515
6,103,0.000000,-0.043541,11.753515
7,103,0.000000,-0.067927,11.753515
8,103,0.000000,-0.067927,11.660789
9,103,0.000000,-0.067166,11.811355
10,103,0.000000,0.000273,11.811355
1,104,0.000000,0.442880,-3.895071
2,104,0.000000,0.442880,-3.723974
3,104,0.000000,0.442880,-3.723974
4,104,0.000000,0.442880,-3.723974
5,104,0.000000,0.475794,-3.606847
6,104,0.000000,0.471368,-3.590886
7,104,0.000000,0.471368,-3.590886
8,104,0.000000,0.471368,-3.590886
9,104,0.000000,0.460006,-3.744983
10,104,0.000000,0.460006,-3.723437
1,105,0.000000,-0.103498,10.935760
2,105,0.000000,-0.003451,11.267722
3,105,0.000000,0.014377,10.697686
4,105,0.000000,0.001063,10.790104
5,105,0.000000,-0.100732,11.002404
6,105,0.000000,-0.087251,11.358213
7,105,0.000000,0.042024,10.866536
8,105,0.000000,0.042024,10.941724
9,105,0.000000,0.039380,10.625429
10,105,0.000000,0.062425,10.610691
1,106,0.000000,1.202856,4.141905
2,106,0.000000,1.202856,3.967734
3,106,0.000000,1.211745,3.967734
4,106,0.000000,1.193402,3.967734
5,106,0.000000,1.185610,3.967734
6,106,0.000000,1.185610,3.967734
7,106,0.000000,1.185610,3.967734
8,106,0.000000,1.185610,4.078361
9,106,0.000000,1.182759,4.030284
10,106,0.000000,1.145842,4.030284
1,107,0.000000,-0.664838,-14.350405
2,107,0.000000,-0.664838,-14.350405
3,107,0.000000,-0.655385,-14.304691
4,107,0.000000,-0.632031,-13.580156
5,107,0.000000,-0.632031,-13.760324
6,107,0.000000,-0.632031,-13.760324
7,107,0.000000,-0.661510,-13.749054
8,107,0.000000,-0.647957,-13.831796
9,107,0.000000,-0.686121,-14.079277
10,107,0.000000,-0.671075,-14.707108
1,108,0.000000,0.741102,-1.276323
2,108,0.000000,0.611486,-1.367288
3,108,0.000000,0.644547,-1.367288
4,108,0.000000,0.823896,-1.432674
5,108,0.000000,0.746675,-1.432674
6,108,0.000000,0.683095,-1.043473
7,108,0.000000,0.596885,-1.433922
8,108,0.000000,0.629094,-1.425089
9,108,0.000000,0.604637,-1.567174
10,108,0.000000,0.763427,-1.372025
1,109,0.000000,0.439569,-3.038865
2,109,0.000000,0.408257,-3.208836
3,109,0.000000,0.328491,-3.208836
4,109,0.000000,0.373728,-3.208836
5,109,0.000000,0.478460,-2.870850
6,109,0.000000,0.479580,-2.758454
7,109,0.000000,0.475705,-2.955214
8,109,0.000000,0.402147,-2.912504
9,109,0.000000,0.400614,-3.176856
10,109,0.000000,0.401055,-3.060905
1,110,0.000000,-0.630030,-8.482568
2,110,0.000000,-0.695225,-9.332481
3,110,0.000000,-0.695225,-9.302427
4,110,0.000000,-0.721245,-9.659345
5,110,0.000000,-0.721245,-10.027784
6,110,0.000000,-0.721245,-9.940111
7,110,0.000000,-0.707322,-9.623626
8,110,0.000000,-0.705056,-9.397287
9,110,0.000000,-0.667714,-9.336033
10,110,0.000000,-0.667714,-9.336033
1,111,0.000000,0.212737,-13.829113
2,111,0.000000,0.171075,-14.081420
3,111,0.000000,0.171075,-14.081420
4,111,0.000000,0.171075,-14.081420
5,111,0.000000,0.166841,-13.890645
6,111,0.000000,0.150742,-14.085707
7,111,0.000000,0.124965,-14.286207
8,111,0.000000,0.131491,-14.286207
9,111,0.000000,0.115633,-14.286207
10,111,0.000000,0.154519,-14.173032
1,112,0.000000,-0.540715,-3.877536
2,112,0.000000,-0.540715,-3.877536
3,112,0.000000,-0.540715,-3.966142
4,112,0.000000,-0.476109,-3.531975
5,112,0.000000,-0.476109,-3.531975
6,112,0.000000,-0.454304,-3.379390
7,112,0.000000,-0.454304,-3.379390
8,112,0.000000,-0.454503,-3.379390
9,112,0.000000,-0.454503,-3.379390
10,112,0.000000,-0.491639,-3.899586
1,113,0.000000,0.298212,-1.312114
2,113,0.000000,0.283330,-1.467334
3,113,0.000000,0.282585,-1.497062
4,113,0.000000,0.298869,-1.497062
5,113,0.000000,0.298869,-1.262004
6,113,0.000000,0.318971,-1.285022
7,113,0.000000,0.313063,-1.285022
8,113,0.000000,0.313063,-1.277092
9,113,0.000000,0.302891,-1.277092
10,113,0.000000,0.256849,-1.681804
1,114,0.000000,-0.895170,-7.969384
2,114,0.000000,-0.895170,-7.982809
3,114,0.000000,-0.895170,-7.982809
4,114,0.000000,-0.895170,-7.982809
5,114,0.000000,-0.907419,-8.066503
6,114,0.000000,-0.918159,-7.983593
7,114,0.000000,-0.918159,-7.983593
8,114,0.000000,-0.916975,-8.126175
9,114,0.000000,-0.903452,-7.728582
10,114,0.000000,-0.901040,-8.017291
1,115,0.000000,-0.201082,-1.663059
2,115,0.000000,-0.198916,-1.666802
3,115,0.000000,-0.198916,-1.539761
4,115,0.000000,-0.198916,-1.539761
5,115,0.000000,-0.187467,-1.482127
6,115,0.000000,-0.187467,-1.603532
7,115,0.000000,-0.187467,-1.603532
8,115,0.000000,-0.187467,-1.603532
9,115,0.000000,-0.187467,-1.575837
10,115,0.000000,-0.187467,-1.571245
1,116,0.000000,0.213344,-7.791102
2,116,0.000000,0.213275,-7.368139
3,116,0.000000,0.260519,-7.203824
4,116,0.000000,0.231483,-7.203824
5,116,0.000000,0.189681,-7.615155
6,116,0.000000,0.189681,-7.615155
7,116,0.000000,0.168947,-7.723227
8,116,0.000000,0.182082,-7.631506
9,116,0.000000,0.204607,-7.635327
10,116,0.000000,0.204607,-7.635327
1,117,0.000000,0.152941,9.700625
2,117,0.000000,0.038875,9.460339
3,117,0.000000,0.073871,9.658052
4,117,0.000000,0.158614,9.638194
5,117,0.000000,0.124153,9.669480
6,117,0.000000,0.124153,9.669480
7,117,0.000000,0.148307,9.582457
8,117,0.000000,0.055227,9.582457
9,117,0.000000,0.130772,10.029221
10,117,0.000000,0.185503,9.810026
1,118,0.000000,-0.821700,9.412634
2,118,0.000000,-0.740893,9.909732
3,118,0.000000,-0.688910,10.025662
4,118,0.000000,-0.832300,9.619571
5,118,0.000000,-0.891138,10.654451
6,118,0.000000,-0.879610,10.107604
7,118,0.000000,-0.795247,9.667395
8,118,0.000000,-0.740643,9.699714
9,118,0.000000,-0.627023,8.953842
10,118,0.000000,-0.749898,9.900486
1,119,0.000000,1.034358,-5.374105
2,119,0.000000,1.097299,-5.037833
3,119,0.000000,1.097299,-5.037833
4,119,0.000000,1.093485,-5.037833
5,119,0.000000,1.093485,-5.037833
6,119,0.000000,1.093485,-5.037833
7,119,0.000000,1.093485,-5.037833
8,119,0.000000,1.104864,-5.037833
9,119,0.000000,1.104864,-5.037833
10,119,0.000000,1.104864,-5.037833
1,120,0.000000,0.485074,14.162764
2,120,0.000000,0.406176,14.549357
3,120,0.000000,0.392444,14.459064
4,120,0.000000,0.560852,13.236252
5,120,0.000000,0.461644,13.704213
6,120,0.000000,0.473472,13.899731
7,120,0.000000,0.409977,14.287641
8,120,0.000000,0.422773,14.139575
9,120,0.000000,0.486660,14.081990
10,120,0.000000,0.432090,14.095855
1,121,0.000000,0.023160,-3.621792
2,121,0.000000,0.007997,-3.598439
3,121,0.000000,0.003538,-3.370621
4,121,0.000000,0.026028,-3.370621
5,121,0.000000,0.041790,-3.326974
6,121,0.000000,0.054610,-3.110257
7,121,0.000000,0.064086,-3.259260
8,121,0.000000,0.041952,-3.122414
9,121,0.000000,0.017494,-3.353441
10,121,0.000000,-0.043303,-3.609381
1,122,0.000000,-0.001542,12.871814
2,122,0.000000,0.009784,12.793267
3,122,0.000000,-0.092936,12.488797
4,122,0.000000,-0.159946,12.488797
5,122,0.000000,-0.159946,12.634389
6,122,0.000000,-0.182641,12.358169
7,122,0.000000,-0.167813,12.416340
8,122,0.000000,-0.152211,12.691812
9,122,0.000000,-0.228741,12.804992
10,122,0.000000,-0.277146,13.008882
1,123,0.000000,-0.035174,15.847990
2,123,0.000000,0.181429,15.847990
3,123,0.000000,0.222133,15.859078
4,123,0.000000,0.344495,16.041311
5,123,0.000000,0.392340,16.150348
6,123,0.000000,0.274512,15.869298
7,123,0.000000,0.213712,15.621271
8,123,0.000000,-0.011012,15.428332
9,123,0.000000,-0.083943,15.077534
10,123,0.000000,-0.010529,15.185047
1,124,0.000000,-0.095000,8.659494
2,124,0.000000,-0.142547,8.692351
3,124,0.000000,-0.141973,8.665374
4,124,0.000000,-0.163622,8.694820
5,124,0.000000,-0.049651,9.227054
6,124,0.000000,-0.006387,8.828272
7,124,0.000000,-0.006387,9.448661
8,124,0.000000,-0.035467,9.291498
9,124,0.000000,-0.033420,9.437343
10,124,0.000000,-0.033420,9.437343
1,125,0.000000,0.176110,4.449290
2,125,0.000000,0.196496,4.405699
3,125,0.000000,0.122172,4.527672
4,125,0.000000,0.111145,3.659295
5,125,0.000000,0.123807,3.842536
6,125,0.000000,0.116423,3.827716
7,125,0.000000,0.117337,4.245806
8,125,0.000000,0.117337,4.245806
9,125,0.000000,0.135894,4.229367
10,125,0.000000,0.177920,4.094783
1,126,0.000000,-0.734217,-0.940890
2,126,0.000000,-0.754855,-1.261600
3,126,0.000000,-0.783269,-1.261600
4,126,0.000000,-0.713327,-0.569703
5,126,0.000000,-0.673133,-0.258552
6,126,0.000000,-0.640858,-0.344424
7,126,0.000000,-0.684218,-0.496891
8,126,0.000000,-0.744318,-0.392639
9,126,0.000000,-0.739925,-0.734801
10,126,0.000000,-0.751733,-0.683569
1,127,0.000000,-0.397926,7.208443
2,127,0.000000,-0.350371,6.771109
3,127,0.000000,-0.394658,7.176502
4,127,0.000000,-0.473129,7.112647
5,127,0.000000,-0.534400,7.595025
6,127,0.000000,-0.362238,7.630332
7,127,0.000000,-0.523501,7.382424
8,127,0.000000,-0.565887,7.656723
9,127,0.000000,-0.525182,7.724963
10,127,0.000000,-0.435095,7.762043
1,128,0.000000,-1.234702,6.723784
2,128,0.000000,-1.349948,5.684760
3,128,0.000000,-1.393300,5.410970
4,128,0.000000,-1.411689,5.825303
5,128,0.000000,-1.439077,5.941668
6,128,0.000000,-1.350811,5.922838
7,128,0.000000,-1.259957,6.195102
8,128,0.000000,-1.254921,6.383094
9,128,0.000000,-1.274942,6.042633
10,128,0.000000,-1.249289,6.138958
1,129,0.000000,0.393059,13.444903
2,129,0.000000,0.409804,13.637201
3,129,0.000000,0.297965,13.671297
4,129,0.000000,0.362280,13.671297
5,129,0.000000,0.339408,13.556451
6,129,0.000000,0.326754,13.638370
7,129,0.000000,0.326754,13.491323
8,129,0.000000,0.373935,13.432396
9,129,0.000000,0.394062,13.598571
10,129,0.000000,0.305516,13.380155
1,130,0.000000,-0.711341,10.878486
2,130,0.000000,-0.747584,10.509777
3,130,0.000000,-0.662371,10.529950
4,130,0.000000,-0.703286,10.635613
5,130,0.000000,-0.660598,10.945854
6,130,0.000000,-0.623787,10.892776
7,130,0.000000,-0.685732,10.249750
8,130,0.000000,-0.740183,10.498089
9,130,0.000000,-0.767929,11.033541
10,130,0.000000,-0.727333,10.489117
1,131,0.000000,0.364820,-8.296611
2,131,0.000000,0.364820,-8.296611
3,131,0.000000,0.364559,-8.141074
4,131,0.000000,0.358032,-8.141074
5,131,0.000000,0.358032,-8.141074
6,131,0.000000,0.375578,-8.063902
7,131,0.000000,0.375578,-8.063902
8,131,0.000000,0.375578,-8.051759
9,131,0.000000,0.423317,-8.051759
10,131,0.000000,0.424925,-7.878074
1,132,0.000000,-0.494997,-3.449051
2,132,0.000000,-0.479782,-2.967658
3,132,0.000000,-0.575717,-3.735026
4,132,0.000000,-0.544357,-3.639858
5,132,0.000000,-0.545600,-3.635814
6,132,0.000000,-0.553652,-4.281304
7,132,0.000000,-0.522425,-4.246124
8,132,0.000000,-0.516617,-4.100634
9,132,0.000000,-0.609306,-4.498487
10,132,0.000000,-0.583472,-4.193121
1,133,0.000000,0.264227,1.141683
2,133,0.000000,0.264227,1.008380
3,133,0.000000,0.246726,0.916030
4,133,0.000000,0.263937,0.859561
5,133,0.000000,0.263937,0.859561
6,133,0.000000,0.235398,0.757010
7,133,0.000000,0.235398,0.757010
8,133,0.000000,0.250049,0.757010
9,133,0.000000,0.250049,0.757010
10,133,0.000000,0.223325,0.464255
1,134,0.000000,0.457485,5.533929
2,134,0.000000,0.444449,5.713736
3,134,0.000000,0.370319,5.537684
4,134,0.000000,0.388267,5.759844
5,134,0.000000,0.383356,5.839671
6,134,0.000000,0.412616,5.686898
7,134,0.000000,0.412616,5.562722
8,134,0.000000,0.447085,5.672506
9,134,0.000000,0.417927,5.342629
10,134,0.000000,0.437976,5.538794
1,135,0.000000,-0.971548,2.799298
2,135,0.000000,-0.840852,2.473520
3,135,0.000000,-0.844809,2.702844
4,135,0.000000,-0.835354,2.127951
5,135,0.000000,-0.817698,2.528795
6,135,0.000000,-0.833248,2.142279
7,135,0.000000,-0.800527,2.776257
8,135,0.000000,-0.889993,2.437501
9,135,0.000000,-0.813976,2.268218
10,135,0.000000,-0.766067,2.365603
1,136,0.000000,1.263479,0.004786
2,136,0.000000,1.204485,-0.045197
3,136,0.000000,1.216529,-0.045197
4,136,0.000000,1.190649,-0.045197
5,136,0.000000,1.241415,0.170098
6,136,0.000000,1.353169,0.064841
7,136,0.000000,1.203018,0.064841
8,136,0.000000,1.288286,0.064841
9,136,0.000000,1.240091,0.214273
10,136,0.000000,1.233377,0.020686
1,137,0.000000,0.097809,4.488388
2,137,0.000000,0.097064,4.687348
3,137,0.000000,0.097064,4.269040
4,137,0.000000,-0.082087,4.175037
5,137,0.000000,0.107731,4.110305
6,137,0.000000,0.062190,4.469710
7,137,0.000000,0.119825,4.168278
8,137,0.000000,0.021143,4.308976
9,137,0.000000,-0.014986,4.557781
10,137,0.000000,0.041684,4.361115
1,138,0.000000,1.306581,-2.979698
2,138,0.000000,1.303430,-2.872458
3,138,0.000000,1.320089,-2.879815
4,138,0.000000,1.320211,-2.879815
5,138,0.000000,1.369049,-2.879815
6,138,0.000000,1.367706,-2.879815
7,138,0.000000,1.367706,-2.879815
8,138,0.000000,1.338483,-2.919953
9,138,0.000000,1.343769,-2.919953
10,138,0.000000,1.295798,-2.959592
1,139,0.000000,-0.371457,-16.385074
2,139,0.000000,-0.381572,-16.405348
3,139,0.000000,-0.377664,-16.405348
4,139,0.000000,-0.377664,-16.405348
5,139,0.000000,-0.377664,-16.405348
6,139,0.000000,-0.377664,-16.405348
7,139,0.000000,-0.387780,-16.733412
8,139,0.000000,-0.387780,-16.502049
9,139,0.000000,-0.384923,-16.740565
10,139,0.000000,-0.384923,-16.620733
1,140,0.000000,-0.658014,5.503429
2,140,0.000000,-0.744213,5.934757
3,140,0.000000,-0.789433,5.818362
4,140,0.000000,-0.825645,6.130920
5,140,0.000000,-0.849253,6.719569
6,140,0.000000,-0.806052,6.405454
7,140,0.000000,-0.783303,6.117957
8,140,0.000000,-0.653336,5.109032
9,140,0.000000,-0.657139,5.509058
10,140,0.000000,-0.624932,5.509058
1,141,0.000000,-0.342619,-1.435313
2,141,0.000000,-0.342619,-1.613738
3,141,0.000000,-0.295527,-1.370232
4,141,0.000000,-0.326082,-1.370232
5,141,0.000000,-0.326082,-1.126213
6,141,0.000000,-0.326082,-1.373214
7,141,0.000000,-0.326082,-1.373214
8,141,0.000000,-0.326082,-1.391223
9,141,0.000000,-0.332606,-0.934801
10,141,0.000000,-0.274323,-0.934801
1,142,0.000000,0.080679,-12.886836
2,142,0.000000,0.080679,-12.783821
3,142,0.000000,0.080679,-12.583849
4,142,0.000000,0.080679,-12.583849
5,142,0.000000,0.075813,-12.756159
6,142,0.000000,0.075813,-12.756159
7,142,0.000000,0.075813,-12.756159
8,142,0.000000,0.075813,-12.756159
9,142,0.000000,0.075813,-12.756159
10,142,0.000000,0.114598,-12.645313
1,143,0.000000,0.187836,4.463268
2,143,0.000000,0.164908,4.502074
3,143,0.000000,0.263357,4.491860
4,143,0.000000,0.057577,4.720737
5,143,0.000000,0.113338,4.648045
6,143,0.000000,0.349945,4.655287
7,143,0.000000,0.258040,4.655287
8,143,0.000000,0.229892,4.892806
9,143,0.000000,0.167054,4.693967
10,143,0.000000,0.206901,4.693967
1,144,0.000000,-0.392141,-6.590395
2,144,0.000000,-0.392141,-6.628362
3,144,0.000000,-0.392141,-6.628362
4,144,0.000000,-0.392141,-6.628362
5,144,0.000000,-0.401978,-6.861973
6,144,0.000000,-0.401978,-6.861973
7,144,0.000000,-0.383482,-6.450680
8,144,0.000000,-0.368941,-6.113292
9,144,0.000000,-0.367485,-6.113292
10,144,0.000000,-0.367485,-6.113292
1,145,0.000000,-0.443565,24.809276
2,145,0.000000,-0.411408,25.391045
3,145,0.000000,-0.348725,26.700636
4,145,0.000000,-0.137466,26.283436
5,145,0.000000,-0.341360,24.776159
6,145,0.000000,-0.125651,23.437627
7,145,0.000000,1.180541,10.694506
8,145,0.000000,0.986800,10.345280
9,145,0.000000,0.842621,10.577182
10,145,0.000000,0.258818,15.547574
1,146,0.000000,0.142112,-3.134489
2,146,0.000000,0.145733,-2.677401
3,146,0.000000,0.145733,-3.277856
4,146,0.000000,0.145733,-3.277856
5,146,0.000000,0.130088,-2.951808
6,146,0.000000,0.130088,-2.951808
7,146,0.000000,0.130088,-3.296520
8,146,0.000000,0.128421,-2.707060
9,146,0.000000,0.140496,-2.707060
10,146,0.000000,0.163734,-2.561631
1,147,0.000000,0.495288,-11.579976
2,147,0.000000,0.508081,-11.703461
3,147,0.000000,0.482391,-11.656116
4,147,0.000000,0.474357,-11.656116
5,147,0.000000,0.494025,-11.656116
6,147,0.000000,0.494025,-11.606191
7,147,0.000000,0.494025,-11.606191
8,147,0.000000,0.523825,-11.468110
9,147,0.000000,0.500372,-11.369572
10,147,0.000000,0.471949,-11.753457
1,148,0.000000,-0.048730,-2.116118
2,148,0.000000,-0.073203,-2.566230
3,148,0.000000,-0.073203,-2.566230
4,148,0.000000,-0.073203,-2.566230
5,148,0.000000,-0.096651,-2.585394
6,148,0.000000,-0.113542,-2.750464
7,148,0.000000,-0.124126,-2.797094
8,148,0.000000,-0.124126,-3.054231
9,148,0.000000,-0.109307,-3.054231
10,148,0.000000,-0.109307,-3.159011
1,149,0.000000,0.034010,1.779653
2,149,0.000000,0.034010,1.779653
3,149,0.000000,0.058087,1.779653
4,149,0.000000,0.058087,1.797124
5,149,0.000000,0.034664,1.797124
6,149,0.000000,0.026450,1.779411
7,149,0.000000,0.044083,1.779411
8,149,0.000000,0.044083,1.779411
9,149,0.000000,0.041031,1.698524
10,149,0.000000,0.041031,1.698524
1,150,0.000000,-0.048123,1.841825
2,150,0.000000,-0.010989,1.841825
3,150,0.000000,-0.016707,1.897193
4,150,0.000000,-0.016707,1.897193
5,150,0.000000,-0.016707,1.875612
6,150,0.000000,0.019377,1.875612
7,150,0.000000,0.049428,1.954141
8,150,0.000000,-0.043399,1.772484
9,150,0.000000,-0.100818,2.161829
10,150,0.000000,-0.042472,1.643600
1,151,0.000000,-0.865148,7.019470
2,151,0.000000,-0.865148,7.019470
3,151,0.000000,-0.913447,7.194845
4,151,0.000000,-0.932210,7.578801
5,151,0.000000,-0.958463,7.082864
6,151,0.000000,-0.892266,7.410732
7,151,0.000000,-1.035513,6.910722
8,151,0.000000,-0.938335,7.342114
9,151,0.000000,-1.101874,7.176183
10,151,0.000000,-0.956673,6.996538
1,152,0.000000,-0.320543,-1.107914
2,152,0.000000,-0.320543,-1.107914
3,152,0.000000,-0.312769,-0.700626
4,152,0.000000,-0.333551,-1.247182
5,152,0.000000,-0.323590,-1.247182
6,152,0.000000,-0.303043,-1.178403
7,152,0.000000,-0.303043,-1.259684
8,152,0.000000,-0.308675,-0.964726
9,152,0.000000,-0.308675,-0.964726
10,152,0.000000,-0.328327,-0.846137
1,153,0.000000,0.018220,4.430139
2,153,0.000000,0.018220,4.416874
3,153,0.000000,0.029356,4.403812
4,153,0.000000,0.010913,4.467780
5,153,0.000000,-0.024664,4.467780
6,153,0.000000,-0.077876,4.010066
7,153,0.000000,-0.058296,4.000608
8,153,0.000000,-0.046088,3.987552
9,153,0.000000,-0.044076,4.072402
10,153,0.000000,-0.044076,4.072402
1,154,0.000000,1.124523,11.046038
2,154,0.000000,1.053173,11.261106
3,154,0.000000,1.025820,11.087894
4,154,0.000000,1.067683,10.959361
5,154,0.000000,1.067683,10.865808
6,154,0.000000,1.030792,10.865808
7,154,0.000000,1.225500,10.938497
8,154,0.000000,1.246410,10.895899
9,154,0.000000,1.014153,11.169543
10,154,0.000000,1.038106,11.189051
1,155,0.000000,-0.486825,2.011703
2,155,0.000000,-0.484152,2.353730
3,155,0.000000,-0.484152,2.353730
4,155,0.000000,-0.545338,2.353730
5,155,0.000000,-0.544277,1.794267
6,155,0.000000,-0.490431,2.150843
7,155,0.000000,-0.480861,2.658083
8,155,0.000000,-0.455711,2.552619
9,155,0.000000,-0.538811,1.937341
10,155,0.000000,-0.539563,1.939775
1,156,0.000000,0.105679,13.534922
2,156,0.000000,0.117517,13.529259
3,156,0.000000,0.101908,13.529259
4,156,0.000000,0.083905,13.529259
5,156,0.000000,0.010646,13.125804
6,156,0.000000,-0.032734,12.614544
7,156,0.000000,-0.055455,12.562834
8,156,0.000000,-0.055455,12.467511
9,156,0.000000,-0.019776,12.467511
10,156,0.000000,-0.027206,12.618163
1,157,0.000000,0.585959,-4.771154
2,157,0.000000,0.585959,-4.771154
3,157,0.000000,0.585959,-4.771154
4,157,0.000000,0.585959,-4.771154
5,157,0.000000,0.582776,-4.812491
6,157,0.000000,0.582776,-4.812491
7,157,0.000000,0.582776,-4.812491
8,157,0.000000,0.600617,-4.812491
9,157,0.000000,0.600617,-4.812491
10,157,0.000000,0.600617,-4.812491
1,158,0.000000,-0.142664,-10.597238
2,158,0.000000,-0.145386,-10.664674
3,158,0.000000,-0.145386,-10.664674
4,158,0.000000,-0.145386,-10.664674
5,158,0.000000,-0.145386,-10.664674
6,158,0.000000,-0.145386,-10.548882
7,158,0.000000,-0.151849,-10.759707
8,158,0.000000,-0.124287,-10.666560
9,158,0.000000,-0.128962,-10.376235
10,158,0.000000,-0.128962,-10.401034
1,159,0.000000,-0.127066,7.136012
2,159,0.000000,-0.131586,6.883890
3,159,0.000000,-0.126437,6.812568
4,159,0.000000,-0.126437,6.812568
5,159,0.000000,-0.126437,7.034550
6,159,0.000000,-0.126437,7.034550
7,159,0.000000,-0.156257,6.539672
8,159,0.000000,-0.151729,6.821781
9,159,0.000000,-0.115568,7.023639
10,159,0.000000,-0.115568,7.023639
1,160,0.000000,-0.115868,2.817225
2,160,0.000000,-0.115868,2.817225
3,160,0.000000,-0.115868,2.728974
4,160,0.000000,-0.115868,2.728974
5,160,0.000000,-0.154541,2.467194
6,160,0.000000,-0.189489,2.776178
7,160,0.000000,-0.161737,2.567839
8,160,0.000000,-0.136305,2.459075
9,160,0.000000,-0.172708,2.815301
10,160,0.000000,-0.222886,2.311483
1,161,0.000000,0.280555,6.109126
2,161,0.000000,0.452681,5.370479
3,161,0.000000,0.486899,5.370479
4,161,0.000000,0.509107,5.636048
5,161,0.000000,0.458640,5.665848
6,161,0.000000,0.152393,6.116674
7,161,0.000000,0.167168,6.132607
8,161,0.000000,0.156429,6.132607
9,161,0.000000,0.192876,5.691666
10,161,0.000000,0.296449,5.616635
1,162,0.000000,-0.159225,17.077118
2,162,0.000000,-0.124529,16.851837
3,162,0.000000,-0.247696,16.308382
4,162,0.000000,-0.417786,16.787857
5,162,0.000000,-0.278142,16.852847
6,162,0.000000,-0.178481,16.309833
7,162,0.000000,-0.237960,15.841940
8,162,0.000000,-0.183993,16.183854
9,162,0.000000,-0.191727,16.658560
10,162,0.000000,-0.208213,16.108541
1,163,0.000000,-0.489193,5.807810
2,163,0.000000,-0.489193,5.807810
3,163,0.000000,-0.517098,5.807810
4,163,0.000000,-0.517098,5.543613
5,163,0.000000,-0.517327,4.993017
6,163,0.000000,-0.552744,5.076628
7,163,0.000000,-0.600841,4.741586
8,163,0.000000,-0.607837,4.576555
9,163,0.000000,-0.605673,4.539229
10,163,0.000000,-0.584788,4.282113
1,164,0.000000,-1.002678,3.455532
2,164,0.000000,-1.029430,3.877468
3,164,0.000000,-1.043530,3.464340
4,164,0.000000,-1.051887,3.938988
5,164,0.000000,-1.051887,2.862325
6,164,0.000000,-1.059039,3.114001
7,164,0.000000,-1.039908,3.811322
8,164,0.000000,-1.000457,3.811272
9,164,0.000000,-1.027790,4.111974
10,164,0.000000,-0.998051,4.305932
1,165,0.000000,0.380482,-1.652868
2,165,0.000000,0.380482,-1.657896
3,165,0.000000,0.378628,-1.729745
4,165,0.000000,0.392399,-1.764967
5,165,0.000000,0.397610,-1.528642
6,165,0.000000,0.399105,-1.528642
7,165,0.000000,0.399105,-1.528642
8,165,0.000000,0.346321,-1.560282
9,165,0.000000,0.409764,-1.654498
10,165,0.000000,0.308144,-1.700537
1,166,0.000000,-0.367532,3.670280
2,166,0.000000,-0.382940,3.381249
3,166,0.000000,-0.364571,3.795520
4,166,0.000000,-0.331383,3.795520
5,166,0.000000,-0.233973,4.116317
6,166,0.000000,-0.256284,4.167243
7,166,0.000000,-0.241252,4.088675
8,166,0.000000,-0.278394,4.088675
9,166,0.000000,-0.281353,4.019930
10,166,0.000000,-0.364335,3.437798
1,167,0.000000,-1.552151,3.995570
2,167,0.000000,-1.587089,5.399227
3,167,0.000000,-1.513752,5.346521
4,167,0.000000,-1.520430,5.285426
5,167,0.000000,-1.568023,4.379895
6,167,0.000000,-1.444265,5.185247
7,167,0.000000,-1.467814,4.711886
8,167,0.000000,-1.586413,4.994981
9,167,0.000000,-1.554856,5.184656
10,167,0.000000,-1.495081,4.391647
1,168,0.000000,0.648082,18.487712
2,168,0.000000,0.694262,18.470540
3,168,0.000000,0.599758,18.674174
4,168,0.000000,0.647676,19.364018
5,168,0.000000,0.703810,19.761988
6,168,0.000000,0.486751,19.886003
7,168,0.000000,0.581529,19.348467
8,168,0.000000,0.487724,20.276220
9,168,0.000000,0.415163,20.300216
10,168,0.000000,0.403892,21.517285
1,169,0.000000,0.711185,-5.295794
2,169,0.000000,0.713454,-5.191231
3,169,0.000000,0.735170,-4.943127
4,169,0.000000,0.675244,-5.433650
5,169,0.000000,0.698307,-5.367545
6,169,0.000000,0.662812,-5.367545
7,169,0.000000,0.662812,-5.367545
8,169,0.000000,0.650184,-5.367545
9,169,0.000000,0.615724,-5.367545
10,169,0.000000,0.625680,-5.376629
1,170,0.000000,0.020489,0.484358
2,170,0.000000,0.020489,0.484358
3,170,0.000000,0.020489,0.484358
4,170,0.000000,0.029560,0.515198
5,170,0.000000,0.029560,0.515198
6,170,0.000000,0.064180,0.655116
7,170,0.000000,0.064180,0.655116
8,170,0.000000,0.064283,0.655116
9,170,0.000000,0.064283,0.774693
10,170,0.000000,0.064283,0.774693
1,171,0.000000,-1.015560,-3.996259
2,171,0.000000,-1.015560,-4.057980
3,171,0.000000,-1.015560,-4.414630
4,171,0.000000,-1.045425,-4.238132
5,171,0.000000,-1.040848,-4.482327
6,171,0.000000,-0.980827,-3.968314
7,171,0.000000,-0.981181,-3.965256
8,171,0.000000,-0.981181,-3.965256
9,171,0.000000,-0.981181,-3.965256
10,171,0.000000,-0.966141,-3.901278
1,172,0.000000,-0.186890,-0.667639
2,172,0.000000,-0.233477,-0.655303
3,172,0.000000,-0.178329,-0.562450
4,172,0.000000,-0.113702,-0.562450
5,172,0.000000,-0.145139,-0.589536
6,172,0.000000,-0.145139,-0.589536
7,172,0.000000,-0.190076,-0.651237
8,172,0.000000,-0.190076,-0.684896
9,172,0.000000,-0.225211,-0.717745
10,172,0.000000,-0.118073,-0.717745
1,173,0.000000,0.557290,-4.008144
2,173,0.000000,0.557290,-4.008144
3,173,0.000000,0.557290,-3.933208
4,173,0.000000,0.557290,-3.933208
5,173,0.000000,0.557290,-3.933208
6,173,0.000000,0.548572,-4.077266
7,173,0.000000,0.548572,-4.077266
8,173,0.000000,0.548572,-4.077266
9,173,0.000000,0.548572,-4.077266
10,173,0.000000,0.548572,-4.077266
1,174,0.000000,-0.967101,-3.165901
2,174,0.000000,-0.878979,-3.262063
3,174,0.000000,-0.930517,-2.565490
4,174,0.000000,-0.988043,-3.058906
5,174,0.000000,-0.986947,-3.479491
6,174,0.000000,-0.960941,-3.479491
7,174,0.000000,-0.944050,-2.976267
8,174,0.000000,-0.899178,-2.976267
9,174,0.000000,-0.890981,-2.976267
10,174,0.000000,-0.945420,-3.144447
1,175,0.000000,-0.495558,-3.428111
2,175,0.000000,-0.468084,-2.687230
3,175,0.000000,-0.515817,-3.228778
4,175,0.000000,-0.515817,-3.228778
5,175,0.000000,-0.513294,-3.228778
6,175,0.000000,-0.489469,-2.976467
7,175,0.000000,-0.489469,-2.976467
8,175,0.000000,-0.502800,-3.535075
9,175,0.000000,-0.502800,-3.134589
10,175,0.000000,-0.517823,-3.293303
1,176,0.000000,0.068355,-5.702184
2,176,0.000000,0.038875,-5.640912
3,176,0.000000,0.018046,-5.861952
4,176,0.000000,0.018046,-5.861952
5,176,0.000000,0.013208,-5.861952
6,176,0.000000,-0.008660,-6.140078
7,176,0.000000,-0.008660,-6.140078
8,176,0.000000,0.009935,-6.032250
9,176,0.000000,0.009935,-6.032250
10,176,0.000000,0.009935,-5.905907
1,177,0.000000,0.554344,9.004506
2,177,0.000000,0.276321,8.894928
3,177,0.000000,0.219088,9.880564
4,177,0.000000,0.264242,10.788904
5,177,0.000000,0.206376,10.180176
6,177,0.000000,0.191242,9.228009
7,177,0.000000,0.305745,9.300556
8,177,0.000000,0.279432,10.383851
9,177,0.000000,0.436074,10.368017
10,177,0.000000,0.230056,10.170322
1,178,0.000000,0.102618,10.704099
2,178,0.000000,0.102618,10.764221
3,178,0.000000,0.102618,10.764221
4,178,0.000000,0.094530,10.530718
5,178,0.000000,0.094530,10.530718
6,178,0.000000,0.055081,10.356265
7,178,0.000000,0.066921,10.283102
8,178,0.000000,0.105388,10.665669
9,178,0.000000,0.105388,10.665669
10,178,0.000000,0.102066,10.598556
1,179,0.000000,0.241930,-3.302143
2,179,0.000000,0.232038,-3.473704
3,179,0.000000,0.241923,-3.302619
4,179,0.000000,0.238874,-3.392004
5,179,0.000000,0.238874,-3.392004
6,179,0.000000,0.229053,-3.608762
7,179,0.000000,0.214941,-3.585478
8,179,0.000000,0.214941,-3.651914
9,179,0.000000,0.248526,-3.336129
10,179,0.000000,0.248526,-3.283283
1,180,0.000000,-0.033730,-8.854302
2,180,0.000000,0.005220,-8.658760
3,180,0.000000,-0.008269,-8.699337
4,180,0.000000,-0.006720,-8.772180
5,180,0.000000,-0.047536,-8.711434
6,180,0.000000,-0.047536,-8.711434
7,180,0.000000,-0.074836,-8.858530
8,180,0.000000,-0.048736,-8.858530
9,180,0.000000,-0.040481,-8.858530
10,180,0.000000,-0.040481,-8.836228
1,181,0.000000,0.786073,2.261988
2,181,0.000000,0.786073,2.261988
3,181,0.000000,0.780220,2.261988
4,181,0.000000,0.778368,2.261988
5,181,0.000000,0.778368,2.261988
6,181,0.000000,0.778368,2.261988
7,181,0.000000,0.778368,2.261988
8,181,0.000000,0.778368,2.261988
9,181,0.000000,0.779731,2.261988
10,181,0.000000,0.803393,2.563990
1,182,0.000000,-1.024231,-9.101793
2,182,0.000000,-1.024231,-8.772979
3,182,0.000000,-1.002728,-8.666006
4,182,0.000000,-1.059621,-9.150359
5,182,0.000000,-1.046841,-9.052431
6,182,0.000000,-1.058830,-9.267947
7,182,0.000000,-0.980448,-8.844859
8,182,0.000000,-0.980448,-8.996902
9,182,0.000000,-1.077628,-9.692261
10,182,0.000000,-1.077628,-9.087366
1,183,0.000000,-0.292729,-0.391908
2,183,0.000000,-0.292729,-0.541580
3,183,0.000000,-0.320263,-0.470644
4,183,0.000000,-0.390651,-0.473094
5,183,0.000000,-0.304954,-0.338300
6,183,0.000000,-0.332427,-0.566384
7,183,0.000000,-0.332427,-0.566384
8,183,0.000000,-0.332427,-0.566384
9,183,0.000000,-0.332427,-0.566384
10,183,0.000000,-0.348721,-0.383675
1,184,0.000000,-0.031507,-1.276676
2,184,0.000000,-0.031507,-1.276676
3,184,0.000000,0.000867,-1.068846
4,184,0.000000,-0.003663,-1.233974
5,184,0.000000,-0.031889,-1.292318
6,184,0.000000,-0.031889,-1.292318
7,184,0.000000,0.009013,-1.007897
8,184,0.000000,0.003535,-1.007897
9,184,0.000000,-0.019803,-1.301559
10,184,0.000000,-0.032770,-1.417537
1,185,0.000000,0.611822,4.287066
2,185,0.000000,0.611822,4.278820
3,185,0.000000,0.611822,4.278820
4,185,0.000000,0.611822,4.278820
5,185,0.000000,0.606777,4.278820
6,185,0.000000,0.622274,4.177225
7,185,0.000000,0.622274,4.310692
8,185,0.000000,0.614825,4.243962
9,185,0.000000,0.614825,4.192077
10,185,0.000000,0.614825,4.192077
1,186,0.000000,0.151073,-0.367985
2,186,0.000000,0.166650,-0.212956
3,186,0.000000,0.153919,-0.212956
4,186,0.000000,0.157402,-0.231461
5,186,0.000000,0.132672,-0.228026
6,186,0.000000,0.137295,-0.161810
7,186,0.000000,0.137295,-0.498649
8,186,0.000000,0.137295,-0.498649
9,186,0.000000,0.090338,-0.498649
10,186,0.000000,0.090338,-0.498649
1,187,0.000000,1.147040,-6.459973
2,187,0.000000,1.147040,-6.459973
3,187,0.000000,1.147040,-6.459973
4,187,0.000000,1.121268,-6.459973
5,187,0.000000,1.163723,-6.392520
6,187,0.000000,1.163723,-6.392520
7,187,0.000000,1.163723,-6.392520
8,187,0.000000,1.168583,-6.363980
9,187,0.000000,1.168583,-6.363980
10,187,0.000000,1.190947,-6.215865
1,188,0.000000,0.110999,4.598671
2,188,0.000000,0.110999,4.506222
3,188,0.000000,0.099994,4.494203
4,188,0.000000,0.104796,4.507120
5,188,0.000000,0.118959,4.823858
6,188,0.000000,0.084384,4.486418
7,188,0.000000,0.107791,4.486180
8,188,0.000000,0.128200,4.704459
9,188,0.000000,0.128200,4.723153
10,188,0.000000,0.122853,4.723153
1,189,0.000000,-0.668181,-1.440107
2,189,0.000000,-0.573869,-1.135341
3,189,0.000000,-0.581702,-1.167306
4,189,0.000000,-0.623857,-1.439551
5,189,0.000000,-0.626547,-1.448214
6,189,0.000000,-0.602230,-1.299946
7,189,0.000000,-0.596749,-1.317241
8,189,0.000000,-0.594207,-1.550990
9,189,0.000000,-0.596161,-1.280422
10,189,0.000000,-0.596161,-1.280422
1,190,0.000000,0.864299,2.125825
2,190,0.000000,0.864299,2.299669
3,190,0.000000,0.864299,2.299669
4,190,0.000000,0.864299,2.299669
5,190,0.000000,0.866451,2.177531
6,190,0.000000,0.866451,2.177531
7,190,0.000000,0.866451,2.177531
8,190,0.000000,0.877827,2.271598
9,190,0.000000,0.877827,2.271598
10,190,0.000000,0.876827,2.271598
1,191,0.000000,-0.175045,-0.462008
2,191,0.000000,-0.135544,-0.079303
3,191,0.000000,-0.135544,-0.079303
4,191,0.000000,-0.147430,-0.065254
5,191,0.000000,-0.147430,-0.065254
6,191,0.000000,-0.147430,-0.154735
7,191,0.000000,-0.147430,-0.110207
8,191,0.000000,-0.147430,-0.110207
9,191,0.000000,-0.144229,-0.061136
10,191,0.000000,-0.178709,-0.084264
1,192,0.000000,0.324136,-11.179000
2,192,0.000000,0.315034,-11.294778
3,192,0.000000,0.315034,-11.294778
4,192,0.000000,0.315544,-11.285766
5,192,0.000000,0.311928,-11.285766
6,192,0.000000,0.311928,-11.285766
7,192,0.000000,0.311928,-11.074599
8,192,0.000000,0.343642,-11.074599
9,192,0.000000,0.345483,-11.074599
10,192,0.000000,0.345483,-11.074599
1,193,0.000000,-0.748380,13.866372
2,193,0.000000,-0.686052,13.582957
3,193,0.000000,-0.619693,13.308270
4,193,0.000000,-0.617665,13.540222
5,193,0.000000,-0.637878,13.559531
6,193,0.000000,-0.655978,14.168642
7,193,0.000000,-0.688090,14.160578
8,193,0.000000,-0.703969,14.144958
9,193,0.000000,-0.691886,13.890063
10,193,0.000000,-0.690580,13.752278
1,194,0.000000,0.295128,-2.205357
2,194,0.000000,0.295128,-2.205357
3,194,0.000000,0.295128,-2.205357
4,194,0.000000,0.295128,-2.205357
5,194,0.000000,0.295128,-2.205357
6,194,0.000000,0.295128,-2.205357
7,194,0.000000,0.295128,-2.205357
8,194,0.000000,0.310507,-2.161032
9,194,0.000000,0.313858,-2.143802
10,194,0.000000,0.313858,-2.143802
1,195,0.000000,-0.050829,-4.078901
2,195,0.000000,-0.030537,-4.101863
3,195,0.000000,-0.016153,-3.968871
4,195,0.000000,0.002417,-3.777020
5,195,0.000000,0.002417,-3.777020
6,195,0.000000,0.002417,-3.777020
7,195,0.000000,-0.015844,-4.005995
8,195,0.000000,-0.015844,-4.005995
9,195,0.000000,-0.016147,-4.005995
10,195,0.000000,-0.016147,-4.005995
1,196,0.000000,0.207257,-5.666133
2,196,0.000000,0.224736,-5.461132
3,196,0.000000,0.224736,-5.461132
4,196,0.000000,0.196078,-5.623114
5,196,0.000000,0.274500,-5.148872
6,196,0.000000,0.287021,-4.855039
7,196,0.000000,0.287021,-4.940057
8,196,0.000000,0.272445,-4.924674
9,196,0.000000,0.272445,-4.924674
10,196,0.000000,0.297735,-4.827190
1,197,0.000000,0.399251,2.077308
2,197,0.000000,0.363189,1.982719
3,197,0.000000,0.363189,2.004097
4,197,0.000000,0.348536,2.155262
5,197,0.000000,0.457727,2.018723
6,197,0.000000,0.521377,2.018723
7,197,0.000000,0.472867,2.124474
8,197,0.000000,0.472867,2.124474
9,197,0.000000,0.431690,2.124474
10,197,0.000000,0.386616,2.142750
1,198,0.000000,1.223443,3.767534
2,198,0.000000,1.203727,3.802457
3,198,0.000000,1.200658,3.662951
4,198,0.000000,1.281276,3.908968
5,198,0.000000,1.210596,3.725989
6,198,0.000000,1.265772,3.725989
7,198,0.000000,1.169675,3.725989
8,198,0.000000,1.159279,3.906142
9,198,0.000000,1.174664,3.777272
10,198,0.000000,1.238875,3.274233
1,199,0.000000,0.286129,-5.256022
2,199,0.000000,0.292755,-5.256022
3,199,0.000000,0.292755,-5.256022
4,199,0.000000,0.292755,-5.256022
5,199,0.000000,0.292755,-5.398283
6,199,0.000000,0.292755,-5.398283
7,199,0.000000,0.292755,-5.398283
8,199,0.000000,0.280212,-5.317076
9,199,0.000000,0.280212,-5.317076
10,199,0.000000,0.265386,-5.574791
1,200,0.000000,-0.462010,-5.947046
2,200,0.000000,-0.462010,-5.947046
3,200,0.000000,-0.457709,-5.947046
4,200,0.000000,-0.457709,-5.947046
5,200,0.000000,-0.419375,-5.146753
6,200,0.000000,-0.419375,-5.146753
7,200,0.000000,-0.419375,-5.386664
8,200,0.000000,-0.435344,-5.668300
9,200,0.000000,-0.435344,-5.352195
10,200,0.000000,-0.430778,-5.404010
1,201,0.000000,-0.625261,8.010585
2,201,0.000000,-0.635538,7.843072
3,201,0.000000,-0.648179,7.743726
4,201,0.000000,-0.651734,7.766892
5,201,0.000000,-0.651734,7.766892
6,201,0.000000,-0.631533,7.665709
7,201,0.000000,-0.644960,7.665709
8,201,0.000000,-0.640778,8.079643
9,201,0.000000,-0.651984,7.562237
10,201,0.000000,-0.620167,8.351261
1,202,0.000000,-0.981583,-3.361251
2,202,0.000000,-0.992791,-3.613678
3,202,0.000000,-0.992791,-3.613678
4,202,0.000000,-0.984491,-3.255067
5,202,0.000000,-0.955796,-3.031806
6,202,0.000000,-0.966878,-2.918072
7,202,0.000000,-0.967808,-3.177908
8,202,0.000000,-0.971233,-3.075784
9,202,0.000000,-0.992969,-3.005388
10,202,0.000000,-0.992969,-3.362225
1,203,0.000000,-0.467570,-6.815558
2,203,0.000000,-0.459501,-6.636773
3,203,0.000000,-0.459501,-6.636773
4,203,0.000000,-0.459219,-6.787955
5,203,0.000000,-0.459219,-6.649857
6,203,0.000000,-0.452635,-6.649857
7,203,0.000000,-0.452635,-6.649857
8,203,0.000000,-0.464742,-6.334431
9,203,0.000000,-0.443830,-6.446632
10,203,0.000000,-0.450896,-6.707885
1,204,0.000000,-0.373152,-6.965226
2,204,0.000000,-0.419137,-6.978126
3,204,0.000000,-0.438717,-7.150836
4,204,0.000000,-0.399024,-7.104050
5,204,0.000000,-0.354792,-6.569913
6,204,0.000000,-0.406658,-7.182406
7,204,0.000000,-0.403454,-6.863955
8,204,0.000000,-0.403454,-6.863955
9,204,0.000000,-0.403454,-7.060381
10,204,0.000000,-0.413573,-7.060381
1,205,0.000000,1.031810,1.235891
2,205,0.000000,1.031810,1.235891
3,205,0.000000,1.031810,1.235891
4,205,0.000000,1.046846,1.235891
5,205,0.000000,1.046846,1.386538
6,205,0.000000,1.046846,1.386538
7,205,0.000000,1.017018,1.384499
8,205,0.000000,1.122218,1.384499
9,205,0.000000,1.122218,1.384499
10,205,0.000000,1.061770,1.169301
1,206,0.000000,0.410887,8.563190
2,206,0.000000,0.419075,8.575838
3,206,0.000000,0.378569,8.575838
4,206,0.000000,0.378569,8.310301
5,206,0.000000,0.365180,8.310301
6,206,0.000000,0.387959,8.310301
7,206,0.000000,0.387959,8.310301
8,206,0.000000,0.325443,8.361213
9,206,0.000000,0.387756,8.614884
10,206,0.000000,0.387756,8.660001
1,207,0.000000,-0.250423,4.036788
2,207,0.000000,-0.250423,4.135158
3,207,0.000000,-0.251062,3.964307
4,207,0.000000,-0.233142,4.196342
5,207,0.000000,-0.203599,4.192265
6,207,0.000000,-0.309473,3.601271
7,207,0.000000,-0.326057,3.656867
8,207,0.000000,-0.326057,3.573285
9,207,0.000000,-0.335686,3.573285
10,207,0.000000,-0.296336,3.828645
1,208,0.000000,0.121388,10.222860
2,208,0.000000,0.121388,9.615377
3,208,0.000000,0.225373,9.742485
4,208,0.000000,0.110133,10.008716
5,208,0.000000,0.153790,10.091689
6,208,0.000000,0.100521,10.483574
7,208,0.000000,0.125409,10.012388
8,208,0.000000,0.138247,9.986996
9,208,0.000000,0.031570,10.322292
10,208,0.000000,0.027232,10.329765
1,209,0.000000,0.418859,6.300389
2,209,0.000000,0.392454,5.709972
3,209,0.000000,0.380775,5.908016
4,209,0.000000,0.380775,5.908016
5,209,0.000000,0.361950,5.908016
6,209,0.000000,0.380050,5.616547
7,209,0.000000,0.327562,5.654869
8,209,0.000000,0.327562,5.380140
9,209,0.000000,0.292609,5.132025
10,209,0.000000,0.292609,4.989469
1,210,0.000000,-0.656983,-7.626535
2,210,0.000000,-0.656983,-7.626535
3,210,0.000000,-0.656983,-7.520223
4,210,0.000000,-0.726790,-7.911236
5,210,0.000000,-0.719769,-8.248779
6,210,0.000000,-0.719769,-8.248779
7,210,0.000000,-0.720283,-8.279042
8,210,0.000000,-0.720283,-8.614611
9,210,0.000000,-0.725173,-8.787454
10,210,0.000000,-0.725173,-8.657831
1,211,0.000000,-0.506449,-1.104745
2,211,0.000000,-0.513315,-0.664195
3,211,0.000000,-0.532805,-1.589743
4,211,0.000000,-0.616489,-1.891393
5,211,0.000000,-0.593289,-1.977216
6,211,0.000000,-0.569753,-1.751403
7,211,0.000000,-0.615124,-2.197796
8,211,0.000000,-0.588600,-1.996134
9,211,0.000000,-0.588600,-1.996134
10,211,0.000000,-0.588600,-1.996134
1,212,0.000000,0.457061,-6.575835
2,212,0.000000,0.454325,-6.869721
3,212,0.000000,0.432572,-7.034251
4,212,0.000000,0.422817,-6.832393
5,212,0.000000,0.422817,-6.832393
6,212,0.000000,0.449631,-6.419096
7,212,0.000000,0.439929,-6.546885
8,212,0.000000,0.513488,-6.546885
9,212,0.000000,0.509483,-6.429395
10,212,0.000000,0.509483,-6.429395
1,213,0.000000,-0.134340,7.144011
2,213,0.000000,-0.089392,7.123367
3,213,0.000000,-0.070382,7.265402
4,213,0.000000,-0.111231,6.759112
5,213,0.000000,-0.079776,6.896185
6,213,0.000000,-0.100910,7.114652
7,213,0.000000,-0.134332,6.820760
8,213,0.000000,-0.134332,6.875216
9,213,0.000000,-0.067333,6.875216
10,213,0.000000,-0.067333,7.314154
1,214,0.000000,0.551582,8.799062
2,214,0.000000,0.551582,8.799062
3,214,0.000000,0.630002,9.051766
4,214,0.000000,0.630002,8.976189
5,214,0.000000,0.609496,8.849874
6,214,0.000000,0.534100,8.472480
7,214,0.000000,0.512546,8.406957
8,214,0.000000,0.512546,8.406957
9,214,0.000000,0.531361,8.489747
10,214,0.000000,0.572013,8.942757
1,215,0.000000,0.735062,-6.840565
2,215,0.000000,0.712719,-6.840565
3,215,0.000000,0.712719,-6.842627
4,215,0.000000,0.712719,-6.793994
5,215,0.000000,0.737853,-6.793994
6,215,0.000000,0.766800,-6.793994
7,215,0.000000,0.752851,-6.791575
8,215,0.000000,0.731678,-6.791575
9,215,0.000000,0.731678,-6.791575
10,215,0.000000,0.731678,-6.791575
1,216,0.000000,0.200267,2.017879
2,216,0.000000,0.200267,2.017879
3,216,0.000000,0.200267,2.262108
4,216,0.000000,0.309294,2.394930
5,216,0.000000,0.272886,2.370853
6,216,0.000000,0.237092,2.370853
7,216,0.000000,0.351454,2.370853
8,216,0.000000,0.248360,2.370853
9,216,0.000000,0.268324,2.370853
10,216,0.000000,0.268324,2.180435
1,217,0.000000,0.815321,-1.166111
2,217,0.000000,0.804719,-1.244393
3,217,0.000000,0.770569,-1.244393
4,217,0.000000,0.791175,-1.152137
5,217,0.000000,0.793011,-1.201926
6,217,0.000000,0.781730,-1.084601
7,217,0.000000,0.817107,-1.057039
8,217,0.000000,0.798381,-0.915984
9,217,0.000000,0.831081,-1.001370
10,217,0.000000,0.831081,-1.001370
1,218,0.000000,-0.003839,0.983954
2,218,0.000000,0.065209,1.650702
3,218,0.000000,0.065209,1.650702
4,218,0.000000,0.076821,1.601081
5,218,0.000000,0.060470,1.343648
6,218,0.000000,0.058188,1.481805
7,218,0.000000,0.043972,1.481805
8,218,0.000000,0.093125,1.481805
9,218,0.000000,0.047711,0.883136
10,218,0.000000,-0.003886,0.883136
1,219,0.000000,-0.278207,5.414765
2,219,0.000000,-0.279102,6.123501
3,219,0.000000,-0.279796,5.487336
4,219,0.000000,-0.477501,7.004478
5,219,0.000000,-0.504395,6.923629
6,219,0.000000,-0.468394,6.548277
7,219,0.000000,-0.461508,6.911400
8,219,0.000000,-0.532018,7.140181
9,219,0.000000,-0.569028,6.891452
10,219,0.000000,-0.526651,6.891452
1,220,0.000000,0.257848,3.797904
2,220,0.000000,0.269131,3.797904
3,220,0.000000,0.269131,3.797904
4,220,0.000000,0.266494,3.797904
5,220,0.000000,0.266494,3.797904
6,220,0.000000,0.266494,3.797904
7,220,0.000000,0.283110,3.873465
8,220,0.000000,0.288256,3.873465
9,220,0.000000,0.288256,3.794556
10,220,0.000000,0.288256,3.794556
1,221,0.000000,-0.552551,-2.983027
2,221,0.000000,-0.550094,-2.983027
3,221,0.000000,-0.550094,-3.080445
4,221,0.000000,-0.580284,-3.628006
5,221,0.000000,-0.582611,-3.510683
6,221,0.000000,-0.572929,-3.471658
7,221,0.000000,-0.578334,-3.457340
8,221,0.000000,-0.564891,-3.457340
9,221,0.000000,-0.564891,-3.207130
10,221,0.000000,-0.564891,-3.207130
1,222,0.000000,0.434572,9.818058
2,222,0.000000,0.458790,9.921314
3,222,0.000000,0.476315,9.921314
4,222,0.000000,0.469198,9.608716
5,222,0.000000,0.498930,9.773061
6,222,0.000000,0.504733,9.591393
7,222,0.000000,0.402253,9.912978
8,222,0.000000,0.311715,10.207597
9,222,0.000000,0.454204,10.258097
10,222,0.000000,0.464485,10.157537
1,223,0.000000,-0.698825,-2.725991
2,223,0.000000,-0.717868,-2.882030
3,223,0.000000,-0.690402,-3.098468
4,223,0.000000,-0.690402,-2.407614
5,223,0.000000,-0.694901,-2.008500
6,223,0.000000,-0.669937,-2.374329
7,223,0.000000,-0.655193,-1.979660
8,223,0.000000,-0.655193,-1.979660
9,223,0.000000,-0.684178,-2.252242
10,223,0.000000,-0.651793,-1.976496
1,224,0.000000,-0.928392,3.892086
2,224,0.000000,-0.984664,4.233415
3,224,0.000000,-1.009984,4.993275
4,224,0.000000,-1.053170,5.487081
5,224,0.000000,-1.025578,6.033041
6,224,0.000000,-1.034396,5.892260
7,224,0.000000,-1.032724,5.407697
8,224,0.000000,-0.989244,6.684080
9,224,0.000000,-1.136227,6.943645
10,224,0.000000,-1.138383,7.002067
1,225,0.000000,-1.230459,-2.512746
2,225,0.000000,-1.171663,-2.435395
3,225,0.000000,-1.239152,-2.554429
4,225,0.000000,-1.152103,-2.665496
5,225,0.000000,-1.273856,-2.781225
6,225,0.000000,-1.235899,-3.283405
7,225,0.000000,-1.282392,-3.572026
8,225,0.000000,-1.226867,-2.712520
9,225,0.000000,-1.243365,-3.455869
10,225,0.000000,-1.291848,-3.820906
1,226,0.000000,0.382694,-5.187102
2,226,0.000000,0.382694,-4.925828
3,226,0.000000,0.399320,-4.817526
4,226,0.000000,0.399320,-5.073366
5,226,0.000000,0.409857,-4.760707
6,226,0.000000,0.409857,-4.760707
7,226,0.000000,0.409857,-4.760707
8,226,0.000000,0.409857,-4.893347
9,226,0.000000,0.368763,-5.093726
10,226,0.000000,0.368763,-5.137498
1,227,0.000000,-0.619704,-0.949842
2,227,0.000000,-0.660206,-1.095321
3,227,0.000000,-0.653828,-1.165341
4,227,0.000000,-0.685248,-1.101884
5,227,0.000000,-0.685248,-1.101884
6,227,0.000000,-0.740060,-1.757697
7,227,0.000000,-0.740060,-1.757697
8,227,0.000000,-0.752750,-2.079459
9,227,0.000000,-0.725651,-1.581064
10,227,0.000000,-0.709138,-1.581064
1,228,0.000000,-0.646487,-1.417702
2,228,0.000000,-0.652672,-1.400793
3,228,0.000000,-0.652672,-1.400793
4,228,0.000000,-0.662072,-1.400793
5,228,0.000000,-0.633696,-1.339688
6,228,0.000000,-0.640987,-1.719274
7,228,0.000000,-0.672819,-1.564404
8,228,0.000000,-0.714685,-1.830264
9,228,0.000000,-0.731452,-1.735671
10,228,0.000000,-0.620089,-1.195577
1,229,0.000000,-0.526323,-6.571081
2,229,0.000000,-0.526323,-6.571081
3,229,0.000000,-0.541943,-6.571081
4,229,0.000000,-0.536376,-6.682398
5,229,0.000000,-0.536376,-6.682398
6,229,0.000000,-0.556047,-6.770528
7,229,0.000000,-0.556047,-6.770528
8,229,0.000000,-0.556047,-6.770528
9,229,0.000000,-0.556047,-6.915689
10,229,0.000000,-0.556047,-6.915689
1,230,0.000000,0.234840,12.239318
2,230,0.000000,0.211146,12.860432
3,230,0.000000,0.098409,12.698634
4,230,0.000000,0.231397,12.031743
5,230,0.000000,0.180386,12.499131
6,230,0.000000,0.368416,11.937957
7,230,0.000000,0.198135,12.118288
8,230,0.000000,0.123133,12.180776
9,230,0.000000,0.123133,12.529725
10,230,0.000000,0.247057,11.986212
1,231,0.000000,0.072605,-0.579057
2,231,0.000000,0.124448,-0.140669
3,231,0.000000,0.117542,-0.485766
4,231,0.000000,0.035929,-0.485766
5,231,0.000000,0.050024,-0.463158
6,231,0.000000,0.059256,-0.463158
7,231,0.000000,0.059256,-0.471620
8,231,0.000000,0.059256,-0.471620
9,231,0.000000,0.031189,-0.596527
10,231,0.000000,0.031189,-0.559732
1,232,0.000000,0.476212,1.327100
2,232,0.000000,0.476212,1.220935
3,232,0.000000,0.470480,1.220935
4,232,0.000000,0.457182,1.275339
5,232,0.000000,0.457182,1.275339
6,232,0.000000,0.457182,1.151031
7,232,0.000000,0.453974,1.207364
8,232,0.000000,0.441056,1.032867
9,232,0.000000,0.441056,1.032867
10,232,0.000000,0.441056,1.032867
1,233,0.000000,0.296906,-5.324778
2,233,0.000000,0.288021,-5.417883
3,233,0.000000,0.287154,-5.525290
4,233,0.000000,0.300617,-5.507797
5,233,0.000000,0.300617,-5.463404
6,233,0.000000,0.316846,-5.230057
7,233,0.000000,0.292632,-5.399867
8,233,0.000000,0.301865,-5.487538
9,233,0.000000,0.301865,-5.487538
10,233,0.000000,0.276669,-5.470138
1,234,0.000000,-0.104622,-7.519221
2,234,0.000000,-0.079327,-7.228368
3,234,0.000000,-0.079327,-7.228368
4,234,0.000000,-0.079327,-7.280959
5,234,0.000000,-0.081151,-7.331420
6,234,0.000000,-0.056476,-7.281775
7,234,0.000000,-0.081227,-7.281775
8,234,0.000000,-0.081227,-7.363811
9,234,0.000000,-0.081227,-7.363811
10,234,0.000000,-0.081788,-7.160329
1,235,0.000000,-0.510420,-8.808395
2,235,0.000000,-0.498383,-8.578815
3,235,0.000000,-0.490818,-8.120706
4,235,0.000000,-0.497868,-8.899854
5,235,0.000000,-0.497868,-8.921725
6,235,0.000000,-0.487026,-8.993368
7,235,0.000000,-0.511430,-8.632170
8,235,0.000000,-0.531288,-9.681388
9,235,0.000000,-0.531288,-8.915787
10,235,0.000000,-0.531288,-9.383948
1,236,0.000000,0.010218,1.693315
2,236,0.000000,0.019072,1.923620
3,236,0.000000,0.023376,2.090544
4,236,0.000000,0.001146,1.697171
5,236,0.000000,0.001146,1.823441
6,236,0.000000,0.001146,1.823441
7,236,0.000000,0.001146,1.694889
8,236,0.000000,0.001146,1.694889
9,236,0.000000,0.001146,1.694889
10,236,0.000000,0.001146,1.694889
1,237,0.000000,0.341057,-9.190085
2,237,0.000000,0.352588,-9.092139
3,237,0.000000,0.352588,-9.092139
4,237,0.000000,0.345708,-9.105568
5,237,0.000000,0.345708,-9.105568
6,237,0.000000,0.345708,-9.105568
7,237,0.000000,0.345708,-9.105568
8,237,0.000000,0.361240,-9.105568
9,237,0.000000,0.361240,-8.892133
10,237,0.000000,0.361240,-8.892133
1,238,0.000000,0.100537,5.866401
2,238,0.000000,0.100537,5.343450
3,238,0.000000,0.139323,5.643656
4,238,0.000000,0.078700,5.535185
5,238,0.000000,0.151430,5.677873
6,238,0.000000,0.123090,6.006506
7,238,0.000000,0.127282,5.532962
8,238,0.000000,0.144487,5.532962
9,238,0.000000,0.018758,5.726635
10,238,0.000000,0.018758,5.726635
1,239,0.000000,-0.157343,2.901588
2,239,0.000000,-0.157343,2.935947
3,239,0.000000,-0.157343,2.935947
4,239,0.000000,-0.157343,2.935947
5,239,0.000000,-0.159043,2.690774
6,239,0.000000,-0.163246,3.006384
7,239,0.000000,-0.152281,2.856516
8,239,0.000000,-0.157119,3.056564
9,239,0.000000,-0.157119,3.056564
10,239,0.000000,-0.155620,3.056564
1,240,0.000000,-0.697924,-3.315086
2,240,0.000000,-0.668656,-3.514838
3,240,0.000000,-0.689545,-3.642219
4,240,0.000000,-0.693295,-3.451579
5,240,0.000000,-0.703631,-3.657389
6,240,0.000000,-0.711299,-3.657389
7,240,0.000000,-0.711299,-3.657389
8,240,0.000000,-0.700247,-3.657389
9,240,0.000000,-0.685434,-3.705160
10,240,0.000000,-0.749457,-3.886751
1,241,0.000000,-0.313128,-11.432716
2,241,0.000000,-0.313128,-11.480793
3,241,0.000000,-0.311734,-11.336982
4,241,0.000000,-0.335791,-11.801803
5,241,0.000000,-0.281605,-11.145037
6,241,0.000000,-0.281605,-10.924379
7,241,0.000000,-0.313232,-11.623296
8,241,0.000000,-0.313232,-11.623296
9,241,0.000000,-0.320240,-11.279492
10,241,0.000000,-0.266869,-11.017016
1,242,0.000000,-0.176795,1.010994
2,242,0.000000,-0.176795,1.010994
3,242,0.000000,-0.176103,0.943678
4,242,0.000000,-0.185382,0.980224
5,242,0.000000,-0.185382,0.980224
6,242,0.000000,-0.185382,0.980224
7,242,0.000000,-0.167534,0.980224
8,242,0.000000,-0.175935,1.014002
9,242,0.000000,-0.186570,1.011185
10,242,0.000000,-0.186570,1.011185
1,243,0.000000,-0.517687,7.720734
2,243,0.000000,-0.529852,7.791113
3,243,0.000000,-0.564476,7.968912
4,243,0.000000,-0.500914,7.215853
5,243,0.000000,-0.554334,7.397157
6,243,0.000000,-0.414593,7.955225
7,243,0.000000,-0.373538,7.698933
8,243,0.000000,-0.523848,7.817956
9,243,0.000000,-0.498264,7.546640
10,243,0.000000,-0.586265,7.578136
1,244,0.000000,-0.565810,-0.421863
2,244,0.000000,-0.581072,-0.674084
3,244,0.000000,-0.581072,-0.768758
4,244,0.000000,-0.585609,-0.768758
5,244,0.000000,-0.585609,-0.892901
6,244,0.000000,-0.585609,-0.892901
7,244,0.000000,-0.585609,-1.023513
8,244,0.000000,-0.585367,-0.599890
9,244,0.000000,-0.570115,-0.625815
10,244,0.000000,-0.579503,-0.625815
1,245,0.000000,-0.693422,-10.971460
2,245,0.000000,-0.657034,-10.971460
3,245,0.000000,-0.642718,-10.768295
4,245,0.000000,-0.651793,-10.263068
5,245,0.000000,-0.637468,-10.449092
6,245,0.000000,-0.651960,-10.230912
7,245,0.000000,-0.652579,-10.536352
8,245,0.000000,-0.652579,-10.536352
9,245,0.000000,-0.644163,-10.362460
10,245,0.000000,-0.645412,-10.480997
1,246,0.000000,0.361846,-0.585861
2,246,0.000000,0.358059,-0.654864
3,246,0.000000,0.358059,-0.654864
4,246,0.000000,0.358059,-0.654864
5,246,0.000000,0.341998,-0.812344
6,246,0.000000,0.318627,-0.812344
7,246,0.000000,0.318627,-0.812344
8,246,0.000000,0.318627,-0.785936
9,246,0.000000,0.357657,-0.802122
10,246,0.000000,0.357657,-0.802122
1,247,0.000000,-0.885685,-2.179507
2,247,0.000000,-0.885685,-2.112438
3,247,0.000000,-0.852118,-1.667927
4,247,0.000000,-0.852118,-1.731967
5,247,0.000000,-0.839939,-2.359764
6,247,0.000000,-0.876234,-1.916603
7,247,0.000000,-0.865787,-1.723206
8,247,0.000000,-0.858109,-2.080944
9,247,0.000000,-0.833077,-1.826023
10,247,0.000000,-0.853082,-2.078662
1,248,0.000000,-0.134546,-0.906104
2,248,0.000000,-0.134546,-0.906104
3,248,0.000000,-0.125707,-0.906104
4,248,0.000000,-0.125707,-0.684356
5,248,0.000000,-0.159855,-1.392991
6,248,0.000000,-0.125237,-1.327022
7,248,0.000000,-0.192621,-1.437323
8,248,0.000000,-0.179522,-1.444508
9,248,0.000000,-0.179545,-1.396596
10,248,0.000000,-0.179545,-1.396596
1,249,0.000000,0.246309,-8.717410
2,249,0.000000,0.246309,-8.717410
3,249,0.000000,0.234005,-8.619321
4,249,0.000000,0.247379,-8.619321
5,249,0.000000,0.279537,-8.087819
6,249,0.000000,0.279537,-8.087819
7,249,0.000000,0.279537,-8.087819
8,249,0.000000,0.260282,-8.473333
9,249,0.000000,0.252249,-8.642176
10,249,0.000000,0.266901,-8.422713
1,250,0.000000,0.274375,-7.911732
2,250,0.000000,0.274375,-7.966955
3,250,0.000000,0.274375,-7.966955
4,250,0.000000,0.274375,-7.966955
5,250,0.000000,0.274375,-7.911929
6,250,0.000000,0.274375,-7.911929
7,250,0.000000,0.274375,-7.911929
8,250,0.000000,0.261408,-7.939000
9,250,0.000000,0.279088,-7.939000
10,250,0.000000,0.279088,-7.939000