id,eta_p0_SAEM,eta_alpha_SAEM,eta_tau_SAEM,eta_p0_mean,eta_alpha_mean,eta_tau_mean,eta_p0_sd,eta_alpha_sd,eta_tau_sd
1,0.000000,-0.221283,0.314562,0.000000,-0.219972,0.321826,0.000000,0.036951,0.173770
2,0.000000,0.191210,2.473419,0.000000,0.194385,2.477919,0.000000,0.026578,0.148671
3,0.000000,-0.525254,2.219936,0.000000,-0.519320,2.195296,0.000000,0.038988,0.231672
4,0.000000,0.225145,-8.481200,0.000000,0.230634,-8.449766,0.000000,0.025381,0.141747
5,0.000000,-0.203441,4.934693,0.000000,-0.202825,4.922631,0.000000,0.030076,0.210309
6,0.000000,0.657097,-10.933003,0.000000,0.642783,-11.050741,0.000000,0.040725,0.291451
7,0.000000,0.083071,-8.248703,0.000000,0.090366,-8.193322,0.000000,0.021541,0.134640
8,0.000000,0.100510,-12.683809,0.000000,0.095259,-12.720665,0.000000,0.022631,0.190800
9,0.000000,0.198844,-7.368731,0.000000,0.189050,-7.492988,0.000000,0.027441,0.141416
10,0.000000,-0.636087,5.525721,0.000000,-0.640145,5.476963,0.000000,0.042394,0.233860
11,0.000000,0.812877,-5.920316,0.000000,0.813846,-5.920905,0.000000,0.054577,0.173340
12,0.000000,0.013758,4.281831,0.000000,0.006770,4.218557,0.000000,0.035934,0.178520
13,0.000000,0.434545,-0.736683,0.000000,0.439967,-0.706749,0.000000,0.019366,0.087730
14,0.000000,0.772295,-2.954984,0.000000,0.767786,-3.013705,0.000000,0.025984,0.139932
15,0.000000,0.300708,10.193370,0.000000,0.307822,10.201406,0.000000,0.053274,0.113929
16,0.000000,-0.061695,-12.598941,0.000000,-0.067884,-12.700937,0.000000,0.026767,0.221745
17,0.000000,0.272025,0.446936,0.000000,0.272658,0.458824,0.000000,0.022205,0.119735
18,0.000000,-0.015451,-13.558240,0.000000,-0.018306,-13.612033,0.000000,0.023697,0.196676
19,0.000000,0.056331,4.919701,0.000000,0.053375,4.893446,0.000000,0.023799,0.140413
20,0.000000,-0.009534,-6.859033,0.000000,-0.010982,-6.893804,0.000000,0.023554,0.207783
21,0.000000,0.081563,-4.778201,0.000000,0.084355,-4.806564,0.000000,0.032616,0.223842
22,0.000000,-0.945977,7.108219,0.000000,-0.953188,6.971389,0.000000,0.073703,0.646838
23,0.000000,-0.300125,-2.623495,0.000000,-0.294696,-2.602614,0.000000,0.029794,0.234015
24,0.000000,-1.198709,7.189784,0.000000,-1.198495,6.905778,0.000000,0.061283,0.562066
25,0.000000,-0.243084,3.538987,0.000000,-0.228822,3.531134,0.000000,0.055413,0.211033
26,0.000000,0.633096,4.052960,0.000000,0.625155,4.057249,0.000000,0.094245,0.237885
27,0.000000,-0.299983,-2.778636,0.000000,-0.305479,-2.866622,0.000000,0.025905,0.219244
28,0.000000,0.266490,0.840569,0.000000,0.261352,0.803875,0.000000,0.022766,0.175278
29,0.000000,0.618085,7.373819,0.000000,0.615540,7.338369,0.000000,0.025941,0.082912
30,0.000000,-0.418958,-3.608609,0.000000,-0.417680,-3.611846,0.000000,0.025241,0.311107
31,0.000000,0.500131,-6.689748,0.000000,0.496821,-6.676601,0.000000,0.029925,0.113975
32,0.000000,0.364401,1.347360,0.000000,0.366890,1.355660,0.000000,0.032034,0.169210
33,0.000000,-0.260851,1.847180,0.000000,-0.253948,1.862275,0.000000,0.076994,0.323305
34,0.000000,0.140986,-4.469613,0.000000,0.134723,-4.548593,0.000000,0.018709,0.103756
35,0.000000,0.123730,2.257316,0.000000,0.123046,2.263505,0.000000,0.035899,0.108036
36,0.000000,-0.045107,-3.141614,0.000000,-0.044874,-3.159897,0.000000,0.026142,0.203683
37,0.000000,-0.351411,-7.583081,0.000000,-0.355245,-7.644547,0.000000,0.033858,0.284205
38,0.000000,0.614407,-3.764687,0.000000,0.615391,-3.798199,0.000000,0.034497,0.321025
39,0.000000,-0.078146,1.283055,0.000000,-0.072405,1.267397,0.000000,0.023770,0.209484
40,0.000000,0.598856,-5.913484,0.000000,0.599589,-5.938010,0.000000,0.023546,0.078141
41,0.000000,-0.334715,-1.664231,0.000000,-0.336546,-1.689643,0.000000,0.034223,0.180909
42,0.000000,0.911027,-1.372957,0.000000,0.911132,-1.403439,0.000000,0.019109,0.072241
43,0.000000,0.453931,0.576504,0.000000,0.451887,0.571949,0.000000,0.029722,0.131447
44,0.000000,0.109191,-11.021473,0.000000,0.106556,-11.050487,0.000000,0.042713,0.332910
45,0.000000,0.478696,0.185232,0.000000,0.493092,0.244580,0.000000,0.032496,0.146746
46,0.000000,0.158007,-3.599720,0.000000,0.160901,-3.609302,0.000000,0.019394,0.133178
47,0.000000,0.425994,0.150905,0.000000,0.439350,0.205785,0.000000,0.018456,0.075266
48,0.000000,-0.341668,3.669372,0.000000,-0.343037,3.612396,0.000000,0.021431,0.180878
49,0.000000,0.407543,4.037611,0.000000,0.401280,4.039769,0.000000,0.085349,0.131693
50,0.000000,0.571923,0.546905,0.000000,0.574829,0.549540,0.000000,0.018760,0.124653
51,0.000000,0.092734,-2.660364,0.000000,0.090979,-2.673217,0.000000,0.022419,0.136604
52,0.000000,0.408673,-4.381886,0.000000,0.412236,-4.381488,0.000000,0.017854,0.108947
53,0.000000,0.403164,-4.261494,0.000000,0.392680,-4.360352,0.000000,0.114021,0.796375
54,0.000000,-0.057316,2.616017,0.000000,-0.060013,2.572437,0.000000,0.027540,0.184252
55,0.000000,0.632786,-7.239067,0.000000,0.638886,-7.219793,0.000000,0.019176,0.081043
56,0.000000,0.502194,0.818255,0.000000,0.499205,0.784530,0.000000,0.032250,0.315148
57,0.000000,0.054864,-0.242957,0.000000,0.058348,-0.232081,0.000000,0.025749,0.170180
58,0.000000,-0.531457,-9.676987,0.000000,-0.526480,-9.617706,0.000000,0.027053,0.272594
59,0.000000,0.133013,6.677630,0.000000,0.133877,6.657665,0.000000,0.025218,0.175825
60,0.000000,0.647420,1.443253,0.000000,0.643493,1.373569,0.000000,0.032305,0.141029
61,0.000000,0.568385,-6.875270,0.000000,0.572831,-6.891474,0.000000,0.033801,0.079191
62,0.000000,0.804808,11.066208,0.000000,0.808298,11.075716,0.000000,0.031538,0.100621
63,0.000000,-0.622460,-6.072595,0.000000,-0.627130,-6.158178,0.000000,0.025364,0.339966
64,0.000000,0.046842,1.363615,0.000000,0.048502,1.362590,0.000000,0.021481,0.146314
65,0.000000,0.047720,8.402581,0.000000,0.050229,8.442530,0.000000,0.024133,0.139163
66,0.000000,0.602854,0.637006,0.000000,0.599061,0.603526,0.000000,0.026385,0.158198
67,0.000000,0.058661,14.777234,0.000000,0.038612,15.169467,0.000000,0.170395,1.790750
68,0.000000,-0.456929,4.312366,0.000000,-0.450481,4.333245,0.000000,0.036375,0.268443
69,0.000000,-0.230030,5.306562,0.000000,-0.228078,5.305418,0.000000,0.038928,0.215245
70,0.000000,-0.536630,4.619130,0.000000,-0.533166,4.564712,0.000000,0.028958,0.231269
71,0.000000,-0.870855,5.685610,0.000000,-0.871993,5.671139,0.000000,0.054421,0.349219
72,0.000000,-0.752835,-3.064065,0.000000,-0.751020,-3.063088,0.000000,0.035576,0.235779
73,0.000000,0.093187,-0.966176,0.000000,0.093925,-1.014949,0.000000,0.030572,0.218283
74,0.000000,0.222408,5.060044,0.000000,0.224902,5.032614,0.000000,0.038460,0.101281
75,0.000000,-0.660407,0.124482,0.000000,-0.660616,0.185577,0.000000,0.039433,0.218775
76,0.000000,0.078693,3.018854,0.000000,0.096681,2.924537,0.000000,0.113094,0.563177
77,0.000000,0.258780,-8.108488,0.000000,0.261242,-8.149810,0.000000,0.023585,0.179672
78,0.000000,0.578856,4.876641,0.000000,0.578182,4.855068,0.000000,0.036129,0.163907
79,0.000000,-0.423006,-3.210459,0.000000,-0.428786,-3.256536,0.000000,0.028013,0.236053
80,0.000000,0.452888,14.364235,0.000000,0.390165,15.637393,0.000000,0.362419,4.058890
81,0.000000,-0.413298,-7.556219,0.000000,-0.404286,-7.525742,0.000000,0.043017,0.395320
82,0.000000,-0.268386,0.387193,0.000000,-0.266859,0.397194,0.000000,0.045919,0.230285
83,0.000000,-0.219005,-0.338804,0.000000,-0.231072,-0.272421,0.000000,0.111618,0.454826
84,0.000000,-0.369480,-6.555770,0.000000,-0.355370,-6.467232,0.000000,0.054488,0.464268
85,0.000000,-1.019522,-0.283495,0.000000,-0.997846,-0.216938,0.000000,0.110996,0.315424
86,0.000000,0.285700,3.831223,0.000000,0.289920,3.836987,0.000000,0.025667,0.166907
87,0.000000,0.612205,-7.550578,0.000000,0.615778,-7.537197,0.000000,0.037149,0.103104
88,0.000000,-0.051025,-0.849909,0.000000,-0.058666,-0.938354,0.000000,0.029696,0.280422
89,0.000000,-0.055511,-12.856155,0.000000,-0.053177,-12.847522,0.000000,0.018652,0.151312
90,0.000000,0.361053,7.395591,0.000000,0.365702,7.363821,0.000000,0.044301,0.127908
91,0.000000,-0.075177,7.998486,0.000000,-0.063863,7.977684,0.000000,0.141154,1.244127
92,0.000000,-0.466375,-8.422540,0.000000,-0.466657,-8.455182,0.000000,0.028916,0.230724
93,0.000000,-0.129398,-9.661930,0.000000,-0.134313,-9.735926,0.000000,0.029986,0.307603
94,0.000000,0.040464,8.445726,0.000000,0.042113,8.424196,0.000000,0.051320,0.237446
95,0.000000,-0.111027,-6.598697,0.000000,-0.107335,-6.607933,0.000000,0.023343,0.186878
96,0.000000,0.195478,-4.063894,0.000000,0.211750,-3.966106,0.000000,0.042005,0.386193
97,0.000000,0.013569,0.892379,0.000000,0.016828,0.890312,0.000000,0.036952,0.223575
98,0.000000,0.414283,-7.966447,0.000000,0.407506,-8.025260,0.000000,0.027225,0.152617
99,0.000000,-0.098569,6.220623,0.000000,-0.093455,6.191943,0.000000,0.063345,0.296640
100,0.000000,0.361601,-2.831745,0.000000,0.360193,-2.853206,0.000000,0.027026,0.126861
101,0.000000,0.622743,-3.583282,0.000000,0.625166,-3.598042,0.000000,0.037847,0.100899
102,0.000000,-0.030227,5.193632,0.000000,-0.017199,5.148665,0.000000,0.132145,1.198995
103,0.000000,0.124734,10.365791,0.000000,0.078095,10.636307,0.000000,0.106621,0.630290
104,0.000000,0.443548,-4.685100,0.000000,0.446711,-4.680096,0.000000,0.019081,0.088641
105,0.000000,0.069123,10.408629,0.000000,0.049634,10.468480,0.000000,0.102553,0.418315
106,0.000000,1.187870,2.469959,0.000000,1.187900,2.448148,0.000000,0.040513,0.067222
107,0.000000,-0.707220,-13.280212,0.000000,-0.720737,-13.466632,0.000000,0.066778,0.881088
108,0.000000,0.697727,-2.516119,0.000000,0.696302,-2.526848,0.000000,0.084375,0.181725
109,0.000000,0.405978,-3.836938,0.000000,0.399346,-3.882863,0.000000,0.036427,0.121949
110,0.000000,-0.725284,-8.118092,0.000000,-0.713104,-8.032732,0.000000,0.060460,0.581100
111,0.000000,0.223634,-14.367676,0.000000,0.228084,-14.352170,0.000000,0.058032,0.187621
112,0.000000,-0.504359,-2.935610,0.000000,-0.500715,-2.903706,0.000000,0.047114,0.241135
113,0.000000,0.305093,-2.063982,0.000000,0.299623,-2.099643,0.000000,0.023795,0.123701
114,0.000000,-0.840892,-5.165395,0.000000,-0.853774,-5.251668,0.000000,0.050242,0.330047
115,0.000000,-0.136486,-0.940684,0.000000,-0.136579,-0.962484,0.000000,0.029357,0.243636
116,0.000000,0.212467,-8.114403,0.000000,0.221436,-8.064072,0.000000,0.019428,0.122116
117,0.000000,0.144298,9.301343,0.000000,0.143023,9.255992,0.000000,0.061339,0.224102
118,0.000000,-0.826467,12.284032,0.000000,-0.875964,12.873602,0.000000,0.166074,2.135944
119,0.000000,1.096687,-6.496590,0.000000,1.108148,-6.474101,0.000000,0.032442,0.102122
120,0.000000,0.504250,13.043155,0.000000,0.488097,13.189812,0.000000,0.199258,1.154540
121,0.000000,-0.003855,-3.698034,0.000000,0.001146,-3.692986,0.000000,0.036056,0.151057
122,0.000000,-0.182036,12.779357,0.000000,-0.171768,12.779850,0.000000,0.065270,0.300443
123,0.000000,0.039677,15.151052,0.000000,0.043799,15.147885,0.000000,0.091835,0.209433
124,0.000000,-0.028875,8.943354,0.000000,-0.024325,8.916113,0.000000,0.045498,0.219035
125,0.000000,0.135191,3.629504,0.000000,0.142659,3.656081,0.000000,0.035442,0.185202
126,0.000000,-0.727719,0.800312,0.000000,-0.722454,0.876708,0.000000,0.034898,0.216315
127,0.000000,-0.473467,8.417336,0.000000,-0.467441,8.386825,0.000000,0.079966,0.616768
128,0.000000,-1.307979,10.483097,0.000000,-1.299776,10.374246,0.000000,0.076561,0.509411
129,0.000000,0.359033,12.750009,0.000000,0.361943,12.733008,0.000000,0.061626,0.157756
130,0.000000,-0.697049,12.012501,0.000000,-0.698813,11.873196,0.000000,0.044937,0.356488
131,0.000000,0.392007,-8.871101,0.000000,0.386317,-8.935397,0.000000,0.031739,0.205676
132,0.000000,-0.525027,-2.604068,0.000000,-0.521370,-2.647468,0.000000,0.033176,0.285508
133,0.000000,0.241874,0.113669,0.000000,0.248058,0.145936,0.000000,0.021989,0.151677
134,0.000000,0.325996,5.269822,0.000000,0.403403,4.843451,0.000000,0.107576,0.559678
135,0.000000,-0.831072,4.467375,0.000000,-0.831312,4.454721,0.000000,0.072007,0.503046
136,0.000000,1.292859,-1.459417,0.000000,1.293157,-1.469963,0.000000,0.087779,0.074930
137,0.000000,0.033143,4.106267,0.000000,0.023729,4.131419,0.000000,0.063011,0.277828
138,0.000000,1.332071,-4.465301,0.000000,1.400939,-4.409928,0.000000,0.142582,0.160095
139,0.000000,-0.394837,-16.112091,0.000000,-0.389177,-16.003257,0.000000,0.033136,0.394995
140,0.000000,-0.811057,8.231647,0.000000,-0.828211,8.408954,0.000000,0.174172,1.467497
141,0.000000,-0.320722,-0.838883,0.000000,-0.322694,-0.888998,0.000000,0.024517,0.275617
142,0.000000,0.109554,-12.920465,0.000000,0.113274,-12.919180,0.000000,0.031368,0.212832
143,0.000000,0.190493,4.107254,0.000000,0.199941,4.046342,0.000000,0.063544,0.191713
144,0.000000,-0.398423,-6.161083,0.000000,-0.393207,-6.099135,0.000000,0.031152,0.440803
145,0.000000,0.385453,10.117137,0.000000,0.295201,11.185651,0.000000,0.327469,4.005047
146,0.000000,0.126043,-3.651869,0.000000,0.135488,-3.564977,0.000000,0.029933,0.320780
147,0.000000,0.528152,-12.423789,0.000000,0.539694,-12.379196,0.000000,0.032197,0.162174
148,0.000000,-0.090181,-2.712627,0.000000,-0.097580,-2.836392,0.000000,0.027501,0.308056
149,0.000000,0.030423,1.469588,0.000000,0.028728,1.469632,0.000000,0.031104,0.109368
150,0.000000,-0.014160,1.694323,0.000000,-0.032739,1.718300,0.000000,0.076797,0.210606
151,0.000000,-1.046004,10.515130,0.000000,-1.014564,10.118052,0.000000,0.073801,0.563375
152,0.000000,-0.311760,-0.617367,0.000000,-0.311625,-0.648085,0.000000,0.020078,0.249776
153,0.000000,-0.016849,4.008217,0.000000,-0.018608,3.996122,0.000000,0.041732,0.146194
154,0.000000,0.699315,10.920243,0.000000,0.827807,10.514160,0.000000,0.271259,1.077382
155,0.000000,-0.516275,3.183368,0.000000,-0.519005,3.166320,0.000000,0.054057,0.232212
156,0.000000,0.045290,12.703351,0.000000,0.041940,12.678772,0.000000,0.039092,0.192144
157,0.000000,0.635832,-5.540354,0.000000,0.633998,-5.565153,0.000000,0.024408,0.141209
158,0.000000,-0.124760,-10.410318,0.000000,-0.121274,-10.381020,0.000000,0.019604,0.265530
159,0.000000,-0.127079,6.970505,0.000000,-0.126692,6.931153,0.000000,0.027090,0.224819
160,0.000000,-0.181790,2.633879,0.000000,-0.170531,2.663371,0.000000,0.044352,0.194023
161,0.000000,0.287988,5.095250,0.000000,0.301014,5.046017,0.000000,0.139004,0.491024
162,0.000000,-0.239815,16.528097,0.000000,-0.228672,16.657196,0.000000,0.107178,0.448882
163,0.000000,-0.541820,6.293702,0.000000,-0.546614,6.176329,0.000000,0.030469,0.313190
164,0.000000,-1.024585,6.764542,0.000000,-1.023170,6.837086,0.000000,0.036000,0.400726
165,0.000000,0.346285,-2.582282,0.000000,0.343980,-2.628819,0.000000,0.027104,0.135450
166,0.000000,-0.350574,4.185176,0.000000,-0.345755,4.233648,0.000000,0.044251,0.167117
167,0.000000,-1.497885,10.643946,0.000000,-1.498669,10.382356,0.000000,0.069235,0.948199
168,0.000000,0.968970,15.907620,0.000000,0.784981,18.424418,0.000000,0.325516,3.177241
169,0.000000,0.667553,-6.466869,0.000000,0.672791,-6.459598,0.000000,0.029714,0.136019
170,0.000000,0.070449,0.465052,0.000000,0.069001,0.424345,0.000000,0.026497,0.168687
171,0.000000,-0.999423,-1.248915,0.000000,-1.000628,-1.297152,0.000000,0.036566,0.281454
172,0.000000,-0.188887,-0.701856,0.000000,-0.188863,-0.707855,0.000000,0.043878,0.141412
173,0.000000,0.584381,-4.890077,0.000000,0.585006,-4.908853,0.000000,0.020571,0.084421
174,0.000000,-0.941955,-0.603600,0.000000,-0.945932,-0.565164,0.000000,0.037628,0.295656
175,0.000000,-0.506980,-2.252993,0.000000,-0.509112,-2.316612,0.000000,0.025096,0.216646
176,0.000000,0.035158,-6.196709,0.000000,0.030895,-6.256064,0.000000,0.028044,0.145061
177,0.000000,0.481407,10.631435,0.000000,0.487138,10.343260,0.000000,0.349802,3.406541
178,0.000000,0.063674,10.100474,0.000000,0.064761,10.070817,0.000000,0.078426,0.460485
179,0.000000,0.239637,-4.062692,0.000000,0.234967,-4.118745,0.000000,0.023164,0.182144
180,0.000000,-0.035480,-8.983062,0.000000,-0.034733,-8.997248,0.000000,0.030479,0.111642
181,0.000000,0.804213,1.197390,0.000000,0.806826,1.178172,0.000000,0.031543,0.151406
182,0.000000,-1.014106,-5.935387,0.000000,-1.000584,-5.774248,0.000000,0.048072,0.330721
183,0.000000,-0.346137,-0.048562,0.000000,-0.350590,-0.078185,0.000000,0.053027,0.219106
184,0.000000,-0.001943,-1.401408,0.000000,0.006235,-1.318556,0.000000,0.018456,0.156055
185,0.000000,0.590883,3.088053,0.000000,0.584117,3.042489,0.000000,0.021183,0.096976
186,0.000000,0.103886,-0.886305,0.000000,0.101054,-0.925904,0.000000,0.033936,0.135153
187,0.000000,1.126070,-7.937144,0.000000,1.116631,-7.979332,0.000000,0.050354,0.178875
188,0.000000,0.128328,4.299617,0.000000,0.128760,4.296117,0.000000,0.035127,0.207896
189,0.000000,-0.706299,-0.275516,0.000000,-0.711830,-0.265076,0.000000,0.060912,0.233907
190,0.000000,0.854642,0.876699,0.000000,0.869609,0.931908,0.000000,0.020038,0.075158
191,0.000000,-0.170516,-0.167256,0.000000,-0.171012,-0.191369,0.000000,0.030632,0.177562
192,0.000000,0.346961,-11.844389,0.000000,0.351036,-11.861245,0.000000,0.042374,0.175416
193,0.000000,-0.663169,15.274442,0.000000,-0.653157,15.222337,0.000000,0.062175,0.579466
194,0.000000,0.269635,-3.094557,0.000000,0.263557,-3.131315,0.000000,0.022678,0.113875
195,0.000000,-0.009460,-4.153284,0.000000,-0.005762,-4.136586,0.000000,0.022980,0.191056
196,0.000000,0.260684,-5.748638,0.000000,0.248374,-5.869942,0.000000,0.035464,0.293682
197,0.000000,0.403285,1.207549,0.000000,0.406470,1.193584,0.000000,0.048125,0.092006
198,0.000000,1.254002,2.177351,0.000000,1.260885,2.122890,0.000000,0.059937,0.265895
199,0.000000,0.291025,-6.016089,0.000000,0.287979,-6.061110,0.000000,0.017319,0.127308
200,0.000000,-0.440919,-4.879166,0.000000,-0.448015,-5.017520,0.000000,0.021922,0.245996
201,0.000000,-0.614966,9.217404,0.000000,-0.612843,9.207664,0.000000,0.037815,0.278452
202,0.000000,-0.967981,-0.391684,0.000000,-0.969255,-0.433122,0.000000,0.035104,0.299377
203,0.000000,-0.458737,-5.888287,0.000000,-0.466186,-6.041446,0.000000,0.023260,0.182972
204,0.000000,-0.392456,-6.321230,0.000000,-0.381735,-6.257661,0.000000,0.031850,0.217316
205,0.000000,0.982546,-0.330113,0.000000,0.989171,-0.322101,0.000000,0.033886,0.076517
206,0.000000,0.348835,7.486000,0.000000,0.340387,7.395126,0.000000,0.036701,0.185581
207,0.000000,-0.283262,4.292521,0.000000,-0.282883,4.273109,0.000000,0.038687,0.186733
208,0.000000,0.221913,8.837611,0.000000,0.241243,8.690779,0.000000,0.164649,1.198943
209,0.000000,0.307748,4.445750,0.000000,0.322559,4.556725,0.000000,0.035245,0.312787
210,0.000000,-0.725401,-6.539612,0.000000,-0.726191,-6.546068,0.000000,0.032655,0.314930
211,0.000000,-0.589365,-0.712479,0.000000,-0.574406,-0.507595,0.000000,0.032994,0.398566
212,0.000000,0.426317,-7.782233,0.000000,0.427642,-7.794557,0.000000,0.053020,0.290848
213,0.000000,-0.101798,6.878958,0.000000,-0.102015,6.819934,0.000000,0.028031,0.227044
214,0.000000,0.578680,7.780529,0.000000,0.583397,7.759060,0.000000,0.036684,0.156099
215,0.000000,0.706498,-8.105754,0.000000,0.696560,-8.173276,0.000000,0.029805,0.102324
216,0.000000,0.280747,1.613720,0.000000,0.277534,1.616207,0.000000,0.059246,0.100909
217,0.000000,0.664957,-3.484411,0.000000,0.722471,-3.056690,0.000000,0.132425,1.005300
218,0.000000,0.041402,0.941568,0.000000,0.039564,0.908427,0.000000,0.020593,0.169222
219,0.000000,-0.312739,6.570556,0.000000,-0.319040,6.617092,0.000000,0.130223,0.970724
220,0.000000,0.281189,3.130657,0.000000,0.282617,3.118368,0.000000,0.024609,0.120987
221,0.000000,-0.588651,-2.328801,0.000000,-0.588275,-2.327295,0.000000,0.035756,0.348989
222,0.000000,0.555144,8.494926,0.000000,0.548404,8.524234,0.000000,0.163316,0.741619
223,0.000000,-0.680935,-0.819001,0.000000,-0.677088,-0.792071,0.000000,0.022622,0.252706
224,0.000000,-1.044217,9.050251,0.000000,-1.060999,9.374852,0.000000,0.107855,2.099280
225,0.000000,-1.213990,0.926107,0.000000,-1.211090,1.071811,0.000000,0.047146,0.410708
226,0.000000,0.345512,-6.067029,0.000000,0.344773,-6.079133,0.000000,0.027367,0.158878
227,0.000000,-0.700772,0.086592,0.000000,-0.699019,0.098191,0.000000,0.041447,0.236506
228,0.000000,-0.646350,0.058258,0.000000,-0.646213,-0.030934,0.000000,0.038686,0.201745
229,0.000000,-0.532460,-5.520911,0.000000,-0.530733,-5.515651,0.000000,0.021583,0.290079
230,0.000000,0.235438,11.647738,0.000000,0.208159,11.701344,0.000000,0.101968,0.270259
231,0.000000,0.034485,-0.863482,0.000000,0.035476,-0.869464,0.000000,0.039835,0.139122
232,0.000000,0.493398,0.462564,0.000000,0.489046,0.443852,0.000000,0.027803,0.146779
233,0.000000,0.307241,-6.084282,0.000000,0.304870,-6.123346,0.000000,0.022508,0.110153
234,0.000000,-0.083409,-7.437719,0.000000,-0.078624,-7.427039,0.000000,0.029346,0.195882
235,0.000000,-0.502757,-7.812588,0.000000,-0.506379,-7.908257,0.000000,0.019248,0.336262
236,0.000000,0.014782,1.638847,0.000000,0.010376,1.567188,0.000000,0.027992,0.241917
237,0.000000,0.345176,-9.860303,0.000000,0.347580,-9.865423,0.000000,0.020991,0.161463
238,0.000000,0.086000,5.364453,0.000000,0.091008,5.349663,0.000000,0.059073,0.230046
239,0.000000,-0.147206,3.098776,0.000000,-0.150565,3.061540,0.000000,0.022172,0.223526
240,0.000000,-0.673570,-1.896246,0.000000,-0.692846,-1.994746,0.000000,0.064100,0.283992
241,0.000000,-0.293268,-10.898372,0.000000,-0.285100,-10.831768,0.000000,0.029979,0.345740
242,0.000000,-0.201694,0.901544,0.000000,-0.202507,0.897063,0.000000,0.023431,0.214802
243,0.000000,-0.473726,8.558959,0.000000,-0.467714,8.527320,0.000000,0.065660,0.250347
244,0.000000,-0.576791,0.465294,0.000000,-0.576633,0.443612,0.000000,0.029392,0.229306
245,0.000000,-0.661799,-9.238994,0.000000,-0.658420,-9.223697,0.000000,0.021887,0.309345
246,0.000000,0.367950,-1.366820,0.000000,0.366138,-1.428673,0.000000,0.023165,0.113803
247,0.000000,-0.876304,0.035060,0.000000,-0.876076,-0.058295,0.000000,0.023555,0.273141
248,0.000000,-0.144887,-1.043113,0.000000,-0.143978,-1.074405,0.000000,0.027988,0.143840
249,0.000000,0.214523,-9.527578,0.000000,0.223604,-9.459272,0.000000,0.027413,0.246755
250,0.000000,0.250797,-8.757525,0.000000,0.251548,-8.757103,0.000000,0.026732,0.173027