rep,id,p0,alpha,tau
1,1,0.266866,0.027769,70.508887
2,1,0.266866,0.025715,71.031206
3,1,0.266866,0.026969,70.450439
4,1,0.266866,0.028058,70.687362
5,1,0.266866,0.028468,70.580935
6,1,0.266866,0.027970,70.744146
7,1,0.266866,0.027469,70.853580
8,1,0.266866,0.027469,70.853580
9,1,0.266866,0.027469,70.720640
10,1,0.266866,0.028800,70.714721
1,2,0.266866,0.042876,72.899320
2,2,0.266866,0.042876,72.899320
3,2,0.266866,0.042247,72.771537
4,2,0.266866,0.040561,72.803583
5,2,0.266866,0.040621,72.803583
6,2,0.266866,0.044111,73.099682
7,2,0.266866,0.044111,73.099682
8,2,0.266866,0.043218,73.030461
9,2,0.266866,0.043218,73.030461
10,2,0.266866,0.044312,73.030461
1,3,0.266866,0.020464,72.207749
2,3,0.266866,0.020662,72.722468
3,3,0.266866,0.021732,72.533892
4,3,0.266866,0.020893,72.682467
5,3,0.266866,0.021478,72.768759
6,3,0.266866,0.021829,72.563045
7,3,0.266866,0.021608,72.941249
8,3,0.266866,0.021608,72.699596
9,3,0.266866,0.021151,73.068659
10,3,0.266866,0.021209,72.742524
1,4,0.266866,0.046467,62.441780
2,4,0.266866,0.046467,62.328550
3,4,0.266866,0.046467,62.202228
4,4,0.266866,0.045847,62.202228
5,4,0.266866,0.045847,62.202228
6,4,0.266866,0.045847,62.202228
7,4,0.266866,0.045202,61.935891
8,4,0.266866,0.045202,61.935891
9,4,0.266866,0.042532,61.900607
10,4,0.266866,0.043751,62.014732
1,5,0.266866,0.028877,75.495156
2,5,0.266866,0.028877,75.495156
3,5,0.266866,0.028877,75.373126
4,5,0.266866,0.028037,75.410915
5,5,0.266866,0.029293,75.323237
6,5,0.266866,0.029278,75.287606
7,5,0.266866,0.029552,75.474729
8,5,0.266866,0.028848,75.630266
9,5,0.266866,0.029150,75.490172
10,5,0.266866,0.029131,75.600909
1,6,0.266866,0.065082,59.283098
2,6,0.266866,0.065855,59.226471
3,6,0.266866,0.065855,59.327680
4,6,0.266866,0.067273,59.327680
5,6,0.266866,0.067273,59.348682
6,6,0.266866,0.068705,59.550112
7,6,0.266866,0.068705,59.638399
8,6,0.266866,0.069783,59.554288
9,6,0.266866,0.067430,59.554288
10,6,0.266866,0.067430,59.554288
1,7,0.268754,0.038639,62.252324
2,7,0.268754,0.038104,62.104450
3,7,0.268754,0.038104,62.104450
4,7,0.268754,0.037769,62.104450
5,7,0.268754,0.037769,62.104450
6,7,0.268754,0.038092,62.123572
7,7,0.268754,0.036926,62.317156
8,7,0.268754,0.036926,62.317156
9,7,0.268754,0.036926,62.317156
10,7,0.268754,0.038775,62.249484
1,8,0.266866,0.037227,57.494493
2,8,0.266866,0.038324,57.731727
3,8,0.266866,0.038324,57.731727
4,8,0.266866,0.038413,57.535205
5,8,0.266866,0.038413,57.535205
6,8,0.266866,0.038442,58.110091
7,8,0.266866,0.038442,57.750726
8,8,0.266866,0.038078,57.750726
9,8,0.266866,0.038763,57.498444
10,8,0.266866,0.038763,57.444529
1,9,0.263213,0.041786,62.813589
2,9,0.263213,0.041786,62.813589
3,9,0.263213,0.041786,62.940806
4,9,0.263213,0.042049,62.940806
5,9,0.263213,0.043406,62.940806
6,9,0.263213,0.044336,62.998493
7,9,0.263213,0.044336,62.998493
8,9,0.263213,0.044336,62.998493
9,9,0.263213,0.044336,62.998493
10,9,0.263213,0.044404,63.297885
1,10,0.266866,0.019402,76.326162
2,10,0.266866,0.016973,76.021262
3,10,0.266866,0.017525,75.907784
4,10,0.266866,0.017903,76.224623
5,10,0.266866,0.018442,76.215871
6,10,0.266866,0.018620,76.461366
7,10,0.266866,0.018059,76.450230
8,10,0.266866,0.017363,76.482269
9,10,0.266866,0.017363,76.135298
10,10,0.266866,0.017517,76.039636
1,11,0.266866,0.081697,64.561935
2,11,0.266866,0.076239,64.296010
3,11,0.266866,0.077283,64.546091
4,11,0.266866,0.078264,64.816861
5,11,0.266866,0.071776,64.578886
6,11,0.266866,0.075137,64.393368
7,11,0.266866,0.080364,64.466776
8,11,0.266866,0.080074,64.592424
9,11,0.266866,0.083225,64.343220
10,11,0.266866,0.083135,64.343220
1,12,0.266866,0.036765,74.604411
2,12,0.266866,0.035321,74.667539
3,12,0.266866,0.036670,74.667539
4,12,0.266866,0.037283,74.705603
5,12,0.266866,0.037630,74.875091
6,12,0.266866,0.035973,74.814688
7,12,0.266866,0.034415,74.814688
8,12,0.266866,0.036068,74.706851
9,12,0.266866,0.035361,74.648787
10,12,0.266866,0.034879,74.591559
1,13,0.269461,0.055285,69.809202
2,13,0.269461,0.055285,69.809202
3,13,0.269461,0.055285,69.751429
4,13,0.269461,0.055085,69.751429
5,13,0.269461,0.055085,69.751429
6,13,0.269461,0.056061,69.928227
7,13,0.269461,0.056751,69.936610
8,13,0.269461,0.056751,69.936610
9,13,0.269461,0.053860,69.802085
10,13,0.269461,0.053937,69.802085
1,14,0.264827,0.072802,67.128916
2,14,0.264827,0.073188,67.257167
3,14,0.264827,0.073188,67.257167
4,14,0.264827,0.073188,67.361803
5,14,0.264827,0.073188,67.361803
6,14,0.264827,0.074606,67.361803
7,14,0.264827,0.076117,67.538957
8,14,0.264827,0.076173,67.538957
9,14,0.264827,0.076173,67.163581
10,14,0.264827,0.072882,67.163581
1,15,0.267053,0.051200,80.628915
2,15,0.267053,0.051200,80.628915
3,15,0.267053,0.051716,80.804190
4,15,0.267053,0.051168,80.748444
5,15,0.267053,0.048947,80.748444
6,15,0.267053,0.048260,80.788968
7,15,0.267053,0.048260,80.788968
8,15,0.267053,0.046815,80.727708
9,15,0.267053,0.044904,80.746630
10,15,0.267053,0.049490,80.750097
1,16,0.263390,0.032262,57.514503
2,16,0.263390,0.033456,57.874667
3,16,0.263390,0.031967,57.590503
4,16,0.263390,0.031967,57.590503
5,16,0.263390,0.031967,57.590503
6,16,0.263390,0.031967,57.587660
7,16,0.263390,0.031967,57.512384
8,16,0.263390,0.031967,57.512384
9,16,0.263390,0.032633,57.768549
10,16,0.263390,0.033351,57.926452
1,17,0.267919,0.047787,71.168344
2,17,0.267919,0.045959,70.932302
3,17,0.267919,0.045873,70.975481
4,17,0.267919,0.045873,70.975481
5,17,0.267919,0.045253,70.895538
6,17,0.267919,0.046392,70.792135
7,17,0.267919,0.046392,71.009573
8,17,0.267919,0.046392,71.009573
9,17,0.267919,0.044754,71.067024
10,17,0.267919,0.044754,71.067024
1,18,0.263918,0.033888,57.102558
2,18,0.263918,0.034395,56.921536
3,18,0.263918,0.034711,56.809948
4,18,0.263918,0.034944,56.874042
5,18,0.263918,0.034944,56.982831
6,18,0.263918,0.034344,56.710080
7,18,0.263918,0.033930,56.991810
8,18,0.263918,0.033930,57.092801
9,18,0.263918,0.035718,56.884008
10,18,0.263918,0.034650,56.516551
1,19,0.266866,0.039003,75.692837
2,19,0.266866,0.039473,75.718909
3,19,0.266866,0.038062,75.768942
4,19,0.266866,0.038346,75.414651
5,19,0.266866,0.037328,75.404576
6,19,0.266866,0.037328,75.404576
7,19,0.266866,0.037328,75.404576
8,19,0.266866,0.036531,75.236422
9,19,0.266866,0.035849,75.236422
10,19,0.266866,0.035849,75.109146
1,20,0.266866,0.034419,63.521166
2,20,0.266866,0.034419,63.521166
3,20,0.266866,0.034419,63.521166
4,20,0.266866,0.035066,63.519367
5,20,0.266866,0.035603,63.694746
6,20,0.266866,0.035415,63.652020
7,20,0.266866,0.035192,63.642115
8,20,0.266866,0.035054,63.641432
9,20,0.266866,0.035054,63.641432
10,20,0.266866,0.035054,63.585045
1,21,0.266866,0.038937,65.655718
2,21,0.266866,0.037962,65.657070
3,21,0.266866,0.037665,65.657070
4,21,0.266866,0.037665,65.694405
5,21,0.266866,0.038061,65.586623
6,21,0.266866,0.038061,65.586623
7,21,0.266866,0.036863,65.625469
8,21,0.266866,0.035807,65.514692
9,21,0.266866,0.035807,65.565784
10,21,0.266866,0.035807,65.565784
1,22,0.266866,0.013625,78.612707
2,22,0.266866,0.012749,78.339081
3,22,0.266866,0.012337,78.486545
4,22,0.266866,0.012513,77.410022
5,22,0.266866,0.012191,78.387581
6,22,0.266866,0.012088,78.687535
7,22,0.266866,0.012744,78.059768
8,22,0.266866,0.013488,78.284665
9,22,0.266866,0.012854,78.232311
10,22,0.266866,0.014404,77.242297
1,23,0.266866,0.027033,68.163880
2,23,0.266866,0.026325,67.810419
3,23,0.266866,0.026258,67.848327
4,23,0.266866,0.026258,67.848327
5,23,0.266866,0.025803,67.689982
6,23,0.266866,0.025343,67.689982
7,23,0.266866,0.025319,67.802741
8,23,0.266866,0.025319,67.802741
9,23,0.266866,0.027087,68.325027
10,23,0.266866,0.027369,67.988196
1,24,0.264033,0.011419,77.436807
2,24,0.264033,0.011606,76.852250
3,24,0.264033,0.010780,77.884995
4,24,0.264033,0.010498,78.021390
5,24,0.264033,0.010968,76.907159
6,24,0.264033,0.010525,76.682805
7,24,0.264033,0.011013,77.524530
8,24,0.264033,0.010186,77.528033
9,24,0.264033,0.010614,77.818223
10,24,0.264033,0.009408,78.415209
1,25,0.266866,0.030656,73.770796
2,25,0.266866,0.027151,74.205294
3,25,0.266866,0.026898,74.307805
4,25,0.266866,0.027646,73.865927
5,25,0.266866,0.028350,74.285618
6,25,0.266866,0.029263,73.701387
7,25,0.266866,0.029263,74.209985
8,25,0.266866,0.027184,73.925802
9,25,0.266866,0.027184,73.925802
10,25,0.266866,0.027184,73.925802
1,26,0.266866,0.074229,74.405045
2,26,0.266866,0.071467,74.405045
3,26,0.266866,0.068841,74.485745
4,26,0.266866,0.061375,74.521591
5,26,0.266866,0.068121,74.280469
6,26,0.266866,0.072435,74.417145
7,26,0.266866,0.072435,74.321129
8,26,0.266866,0.074281,74.375426
9,26,0.266866,0.071918,74.375426
10,26,0.266866,0.070240,74.375426
1,27,0.266866,0.026234,67.895842
2,27,0.266866,0.025828,67.613550
3,27,0.266866,0.027181,67.621459
4,27,0.266866,0.024569,67.226981
5,27,0.266866,0.025941,67.816384
6,27,0.266866,0.025524,67.379456
7,27,0.266866,0.025524,67.379456
8,27,0.266866,0.025494,67.455558
9,27,0.266866,0.025459,67.455558
10,27,0.266866,0.025459,67.507367
1,28,0.266866,0.046848,71.600821
2,28,0.266866,0.046848,71.600821
3,28,0.266866,0.045330,71.341744
4,28,0.266866,0.045147,71.213931
5,28,0.266866,0.045147,71.213931
6,28,0.266866,0.045338,71.213931
7,28,0.266866,0.044754,71.210737
8,28,0.266866,0.045225,71.131301
9,28,0.266866,0.046004,71.513304
10,28,0.266866,0.046004,71.513304
1,29,0.265360,0.064304,77.766537
2,29,0.265360,0.064304,77.766537
3,29,0.265360,0.064028,77.804584
4,29,0.265360,0.064028,77.804584
5,29,0.265360,0.064028,77.804584
6,29,0.265360,0.064028,77.804584
7,29,0.265360,0.064028,77.804584
8,29,0.265360,0.064028,77.804584
9,29,0.265360,0.064028,77.785458
10,29,0.265360,0.064028,77.785458
1,30,0.267089,0.022937,66.783690
2,30,0.267089,0.022937,66.783690
3,30,0.267089,0.023103,66.815707
4,30,0.267089,0.023103,66.913145
5,30,0.267089,0.023103,66.837583
6,30,0.267089,0.023103,66.837583
7,30,0.267089,0.023103,66.837583
8,30,0.267089,0.023734,67.343345
9,30,0.267089,0.023993,67.242670
10,30,0.267089,0.023993,67.107310
1,31,0.269510,0.056105,63.884878
2,31,0.269510,0.061210,64.015186
3,31,0.269510,0.057369,64.015186
4,31,0.269510,0.060051,63.953364
5,31,0.269510,0.060051,63.953364
6,31,0.269510,0.055152,63.798216
7,31,0.269510,0.055994,63.798216
8,31,0.269510,0.055994,63.743027
9,31,0.269510,0.058464,63.849075
10,31,0.269510,0.057489,63.727522
1,32,0.266866,0.050980,71.775035
2,32,0.266866,0.049711,71.775035
3,32,0.266866,0.049711,71.775035
4,32,0.266866,0.048670,71.479053
5,32,0.266866,0.050174,71.685594
6,32,0.266866,0.050174,71.722171
7,32,0.266866,0.048851,71.941406
8,32,0.266866,0.052014,71.941406
9,32,0.266866,0.049987,71.674097
10,32,0.266866,0.049987,71.723779
1,33,0.266866,0.027048,71.901426
2,33,0.266866,0.029887,71.901426
3,33,0.266866,0.032913,72.141471
4,33,0.266866,0.032996,71.724333
5,33,0.266866,0.029745,71.724333
6,33,0.266866,0.032646,71.730942
7,33,0.266866,0.031640,71.730942
8,33,0.266866,0.027224,72.383911
9,33,0.266866,0.027224,72.342249
10,33,0.266866,0.026451,72.469816
1,34,0.264625,0.039914,65.968373
2,34,0.264625,0.039914,65.868075
3,34,0.264625,0.039914,65.868075
4,34,0.264625,0.039914,65.868075
5,34,0.264625,0.039914,65.868075
6,34,0.264625,0.039914,65.868075
7,34,0.264625,0.040750,65.868075
8,34,0.264625,0.040750,65.904341
9,34,0.264625,0.039596,65.733384
10,34,0.264625,0.040626,65.942105
1,35,0.266866,0.040924,72.746776
2,35,0.266866,0.039111,72.820136
3,35,0.266866,0.039092,72.582538
4,35,0.266866,0.039092,72.692823
5,35,0.266866,0.039092,72.692823
6,35,0.266866,0.039092,72.692823
7,35,0.266866,0.038128,72.775793
8,35,0.266866,0.040910,72.772493
9,35,0.266866,0.040910,72.578518
10,35,0.266866,0.039131,72.627486
1,36,0.266866,0.035913,67.480211
2,36,0.266866,0.034014,67.595693
3,36,0.266866,0.033342,67.201623
4,36,0.266866,0.033591,67.201623
5,36,0.266866,0.033591,67.372917
6,36,0.266866,0.033591,67.372917
7,36,0.266866,0.033336,67.355476
8,36,0.266866,0.031461,67.191952
9,36,0.266866,0.035681,67.191952
10,36,0.266866,0.033440,67.107118
1,37,0.266866,0.026349,63.379602
2,37,0.266866,0.026349,63.385698
3,37,0.266866,0.026205,63.385698
4,37,0.266866,0.025703,63.168395
5,37,0.266866,0.024481,62.991319
6,37,0.266866,0.024481,62.610924
7,37,0.266866,0.024418,62.610924
8,37,0.266866,0.024003,62.676580
9,37,0.266866,0.023732,62.467853
10,37,0.266866,0.023732,62.467853
1,38,0.266866,0.064833,66.445613
2,38,0.266866,0.064833,66.445613
3,38,0.266866,0.067300,67.128205
4,38,0.266866,0.068207,66.995087
5,38,0.266866,0.069406,67.124518
6,38,0.266866,0.066267,66.546834
7,38,0.266866,0.064549,66.752538
8,38,0.266866,0.064549,66.778958
9,38,0.266866,0.063705,66.403707
10,38,0.266866,0.066495,66.960639
1,39,0.266866,0.031274,71.866811
2,39,0.266866,0.032593,71.927416
3,39,0.266866,0.031913,71.802047
4,39,0.266866,0.033498,71.542912
5,39,0.266866,0.033195,71.542912
6,39,0.266866,0.032655,71.735568
7,39,0.266866,0.033876,71.331632
8,39,0.266866,0.032740,72.001301
9,39,0.266866,0.032725,71.892241
10,39,0.266866,0.034674,71.775091
1,40,0.265902,0.063747,64.628892
2,40,0.265902,0.063747,64.628892
3,40,0.265902,0.064309,64.628892
4,40,0.265902,0.064309,64.628892
5,40,0.265902,0.064309,64.628892
6,40,0.265902,0.065036,64.709629
7,40,0.265902,0.065036,64.709629
8,40,0.265902,0.065847,64.428628
9,40,0.265902,0.063725,64.338511
10,40,0.265902,0.063801,64.338511
1,41,0.266866,0.023713,68.735731
2,41,0.266866,0.025753,68.735731
3,41,0.266866,0.026017,69.073835
4,41,0.266866,0.025784,68.857930
5,41,0.266866,0.025488,68.857930
6,41,0.266866,0.025488,68.777155
7,41,0.266866,0.024524,68.751334
8,41,0.266866,0.023163,68.535361
9,41,0.266866,0.023975,68.667317
10,41,0.266866,0.023772,68.839600
1,42,0.265753,0.091400,69.193538
2,42,0.265753,0.087798,69.164160
3,42,0.265753,0.087798,69.164160
4,42,0.265753,0.087798,69.164160
5,42,0.265753,0.084699,69.159074
6,42,0.265753,0.084878,68.879577
7,42,0.265753,0.085182,69.146771
8,42,0.265753,0.091754,69.146771
9,42,0.265753,0.092858,69.146771
10,42,0.265753,0.086298,69.103179
1,43,0.266866,0.056209,71.038195
2,43,0.266866,0.056209,71.038195
3,43,0.266866,0.056209,71.122021
4,43,0.266866,0.053481,71.017620
5,43,0.266866,0.053481,71.017620
6,43,0.266866,0.055299,71.036400
7,43,0.266866,0.055299,71.036400
8,43,0.266866,0.055299,71.036400
9,43,0.266866,0.055066,71.149360
10,43,0.266866,0.056044,71.129392
1,44,0.269357,0.039514,59.537681
2,44,0.269357,0.039514,59.534716
3,44,0.269357,0.039514,59.534716
4,44,0.269357,0.040549,59.656976
5,44,0.269357,0.040775,59.825485
6,44,0.269357,0.039643,59.685500
7,44,0.269357,0.039643,59.432933
8,44,0.269357,0.039260,59.357489
9,44,0.269357,0.039260,59.368590
10,44,0.269357,0.039260,59.368590
1,45,0.266866,0.060565,70.976024
2,45,0.266866,0.058578,70.868870
3,45,0.266866,0.058578,70.868870
4,45,0.266866,0.058578,70.847459
5,45,0.266866,0.058578,70.847459
6,45,0.266866,0.058578,70.847459
7,45,0.266866,0.058578,70.847459
8,45,0.266866,0.056859,70.712434
9,45,0.266866,0.058001,70.651313
10,45,0.266866,0.055063,70.651313
1,46,0.266470,0.041227,66.946230
2,46,0.266470,0.041508,66.946230
3,46,0.266470,0.041508,66.946230
4,46,0.266470,0.041508,66.946230
5,46,0.266470,0.041508,66.841619
6,46,0.266470,0.041314,66.841619
7,46,0.266470,0.041314,66.841619
8,46,0.266470,0.041314,66.736581
9,46,0.266470,0.041272,67.148143
10,46,0.266470,0.042872,67.192842
1,47,0.266866,0.055241,70.738799
2,47,0.266866,0.055241,70.738799
3,47,0.266866,0.055241,70.754151
4,47,0.266866,0.055241,70.754151
5,47,0.266866,0.055241,70.661839
6,47,0.266866,0.055241,70.661839
7,47,0.266866,0.055241,70.661839
8,47,0.266866,0.056113,70.763334
9,47,0.266866,0.053877,70.658613
10,47,0.266866,0.053877,70.658613
1,48,0.266866,0.024439,74.161118
2,48,0.266866,0.023720,73.570924
3,48,0.266866,0.024145,73.829673
4,48,0.266866,0.024347,73.829673
5,48,0.266866,0.024471,73.884951
6,48,0.266866,0.024471,73.884951
7,48,0.266866,0.025456,74.343694
8,48,0.266866,0.024645,73.971435
9,48,0.266866,0.025345,74.125643
10,48,0.266866,0.025760,74.038266
1,49,0.266866,0.055497,74.422984
2,49,0.266866,0.055937,74.430196
3,49,0.266866,0.051117,74.340815
4,49,0.266866,0.048035,74.430888
5,49,0.266866,0.047056,74.534887
6,49,0.266866,0.046825,74.534887
7,49,0.266866,0.045783,74.340385
8,49,0.266866,0.052231,74.681315
9,49,0.266866,0.052231,74.733725
10,49,0.266866,0.054873,74.563373
1,50,0.266866,0.061656,71.044616
2,50,0.266866,0.061656,71.044616
3,50,0.266866,0.061656,70.709496
4,50,0.266866,0.061656,70.993539
5,50,0.266866,0.064063,71.017999
6,50,0.266866,0.061290,71.042757
7,50,0.266866,0.061146,70.923653
8,50,0.266866,0.061146,70.923653
9,50,0.266866,0.061187,70.921337
10,50,0.266866,0.061187,70.921337
1,51,0.266866,0.039331,67.939887
2,51,0.266866,0.039355,67.939887
3,51,0.266866,0.038795,68.157451
4,51,0.266866,0.038793,67.930217
5,51,0.266866,0.038338,67.816593
6,51,0.266866,0.038338,67.816593
7,51,0.266866,0.038032,67.816593
8,51,0.266866,0.038032,67.816593
9,51,0.266866,0.038032,67.816593
10,51,0.266866,0.038032,67.816593
1,52,0.266866,0.052388,66.051504
2,52,0.266866,0.052388,66.051504
3,52,0.266866,0.052388,66.051504
4,52,0.266866,0.052900,66.142450
5,52,0.266866,0.052900,66.142450
6,52,0.266866,0.052900,66.142450
7,52,0.266866,0.052343,66.142450
8,52,0.266866,0.053100,66.142450
9,52,0.266866,0.053100,66.142450
10,52,0.266866,0.052816,66.101160
1,53,0.266866,0.044765,64.772856
2,53,0.266866,0.041085,64.042622
3,53,0.266866,0.040289,64.030641
4,53,0.266866,0.040868,64.156517
5,53,0.266866,0.042865,64.403732
6,53,0.266866,0.043824,65.002703
7,53,0.266866,0.045073,65.002703
8,53,0.266866,0.047641,65.286531
9,53,0.266866,0.050243,65.821452
10,53,0.266866,0.050243,65.821452
1,54,0.266866,0.033513,72.986808
2,54,0.266866,0.033555,72.959028
3,54,0.266866,0.033555,72.910569
4,54,0.266866,0.032386,72.910569
5,54,0.266866,0.033076,73.141405
6,54,0.266866,0.032973,72.792621
7,54,0.266866,0.032973,73.286580
8,54,0.266866,0.033291,73.374956
9,54,0.266866,0.033341,73.289046
10,54,0.266866,0.034127,73.028324
1,55,0.268309,0.066449,63.265399
2,55,0.268309,0.066449,63.215102
3,55,0.268309,0.066449,63.215102
4,55,0.268309,0.066912,63.262086
5,55,0.268309,0.066912,63.262086
6,55,0.268309,0.065145,63.168701
7,55,0.268309,0.067167,63.335705
8,55,0.268309,0.067167,63.335705
9,55,0.268309,0.067167,63.335705
10,55,0.268309,0.067167,63.335705
1,56,0.266866,0.060414,71.243426
2,56,0.266866,0.060328,71.243426
3,56,0.266866,0.058252,71.350449
4,56,0.266866,0.058269,71.206712
5,56,0.266866,0.056883,71.248285
6,56,0.266866,0.059082,70.976763
7,56,0.266866,0.056586,71.359401
8,56,0.266866,0.054816,71.265429
9,56,0.266866,0.054333,71.088253
10,56,0.266866,0.054333,70.955037
1,57,0.268202,0.037832,70.320113
2,57,0.268202,0.037832,70.272551
3,57,0.268202,0.037832,70.272551
4,57,0.268202,0.036052,70.170616
5,57,0.268202,0.039625,70.543108
6,57,0.268202,0.039625,70.543108
7,57,0.268202,0.038402,70.517881
8,57,0.268202,0.035726,69.978363
9,57,0.268202,0.036319,70.145279
10,57,0.268202,0.036724,70.145279
1,58,0.267230,0.020594,60.932950
2,58,0.267230,0.020644,60.932950
3,58,0.267230,0.020563,60.968074
4,58,0.267230,0.020563,60.825026
5,58,0.267230,0.021206,61.032617
6,58,0.267230,0.021197,61.052457
7,58,0.267230,0.021623,60.747502
8,58,0.267230,0.020997,61.269837
9,58,0.267230,0.021351,61.037544
10,58,0.267230,0.021486,61.258437
1,59,0.266866,0.040729,77.060757
2,59,0.266866,0.039273,77.132696
3,59,0.266866,0.039836,77.132696
4,59,0.266866,0.039836,77.132696
5,59,0.266866,0.040805,77.096731
6,59,0.266866,0.039561,77.339926
7,59,0.266866,0.039367,76.997698
8,59,0.266866,0.040427,76.997698
9,59,0.266866,0.040427,76.997698
10,59,0.266866,0.039319,76.997698
1,60,0.263015,0.070180,71.936354
2,60,0.263015,0.070180,71.936354
3,60,0.263015,0.067245,72.171485
4,60,0.263015,0.064514,71.855118
5,60,0.263015,0.065160,72.043338
6,60,0.263015,0.064967,72.043338
7,60,0.263015,0.067499,71.929204
8,60,0.263015,0.068100,71.845100
9,60,0.263015,0.068100,71.908510
10,60,0.263015,0.069371,71.856607
1,61,0.265367,0.062964,63.668600
2,61,0.265367,0.063757,63.649440
3,61,0.265367,0.063757,63.649440
4,61,0.265367,0.064681,63.640549
5,61,0.265367,0.063481,63.688874
6,61,0.265367,0.063481,63.688874
7,61,0.265367,0.063481,63.688874
8,61,0.265367,0.063481,63.688874
9,61,0.265367,0.062705,63.599646
10,61,0.265367,0.063547,63.660832
1,62,0.269264,0.075902,81.610134
2,62,0.269264,0.077487,81.453956
3,62,0.269264,0.077487,81.453956
4,62,0.269264,0.073741,81.453956
5,62,0.269264,0.073741,81.453956
6,62,0.269264,0.077218,81.581356
7,62,0.269264,0.077218,81.581356
8,62,0.269264,0.075863,81.657268
9,62,0.269264,0.077517,81.715601
10,62,0.269264,0.082577,81.700044
1,63,0.266866,0.018050,64.353164
2,63,0.266866,0.018050,63.831646
3,63,0.266866,0.018050,63.831646
4,63,0.266866,0.018053,64.211255
5,63,0.266866,0.018265,63.877111
6,63,0.266866,0.019161,64.736987
7,63,0.266866,0.019235,64.488060
8,63,0.266866,0.019235,64.262140
9,63,0.266866,0.019315,64.682961
10,63,0.266866,0.019315,64.940912
1,64,0.266866,0.035824,71.555613
2,64,0.266866,0.036153,71.864027
3,64,0.266866,0.036342,71.824526
4,64,0.266866,0.036716,71.689882
5,64,0.266866,0.037251,72.031834
6,64,0.266866,0.037443,72.039230
7,64,0.266866,0.037443,72.040948
8,64,0.266866,0.037443,72.040948
9,64,0.266866,0.037024,72.108486
10,64,0.266866,0.037024,72.108486
1,65,0.266866,0.035049,78.959330
2,65,0.266866,0.037986,78.959330
3,65,0.266866,0.037986,78.959330
4,65,0.266866,0.037986,78.959330
5,65,0.266866,0.036323,78.991416
6,65,0.266866,0.036024,78.879456
7,65,0.266866,0.037383,79.041299
8,65,0.266866,0.037899,78.767675
9,65,0.266866,0.035965,78.870510
10,65,0.266866,0.035965,78.834543
1,66,0.266866,0.064177,71.079319
2,66,0.266866,0.064658,70.946210
3,66,0.266866,0.065456,71.214854
4,66,0.266866,0.063910,71.088983
5,66,0.266866,0.062044,70.831054
6,66,0.266866,0.062044,70.743510
7,66,0.266866,0.062044,71.072274
8,66,0.266866,0.062051,71.072274
9,66,0.266866,0.062051,71.072274
10,66,0.266866,0.064001,71.072274
1,67,0.269720,0.032034,86.248882
2,67,0.269720,0.035594,86.094996
3,67,0.269720,0.034938,85.729527
4,67,0.269720,0.033753,85.894228
5,67,0.269720,0.036041,85.438907
6,67,0.269720,0.036932,85.072968
7,67,0.269720,0.036266,85.722924
8,67,0.269720,0.035264,85.318024
9,67,0.269720,0.036005,85.334974
10,67,0.269720,0.033322,85.458697
1,68,0.266866,0.024151,75.518559
2,68,0.266866,0.024151,75.471420
3,68,0.266866,0.022856,75.183842
4,68,0.266866,0.022598,75.183842
5,68,0.266866,0.022598,74.574212
6,68,0.266866,0.022598,74.574212
7,68,0.266866,0.021156,74.604478
8,68,0.266866,0.022183,74.554498
9,68,0.266866,0.022586,74.715921
10,68,0.266866,0.022232,74.715921
1,69,0.266866,0.029377,76.000456
2,69,0.266866,0.028825,75.872835
3,69,0.266866,0.028836,75.872835
4,69,0.266866,0.028836,75.872835
5,69,0.266866,0.028108,75.965394
6,69,0.266866,0.027846,75.798331
7,69,0.266866,0.027846,75.463941
8,69,0.266866,0.028245,75.577417
9,69,0.266866,0.028155,75.718103
10,69,0.266866,0.026065,75.858092
1,70,0.266866,0.021106,74.974763
2,70,0.266866,0.020510,75.206924
3,70,0.266866,0.020510,75.206924
4,70,0.266866,0.020810,75.171284
5,70,0.266866,0.021897,75.238181
6,70,0.266866,0.019945,75.318341
7,70,0.266866,0.021422,74.785573
8,70,0.266866,0.021324,74.542551
9,70,0.266866,0.020384,75.483981
10,70,0.266866,0.020825,75.681317
1,71,0.266866,0.015195,76.256567
2,71,0.266866,0.014967,76.377595
3,71,0.266866,0.013206,76.377360
4,71,0.266866,0.015276,76.004135
5,71,0.266866,0.015029,76.253175
6,71,0.266866,0.015887,76.201365
7,71,0.266866,0.015205,76.397278
8,71,0.266866,0.015419,76.318988
9,71,0.266866,0.015137,76.318988
10,71,0.266866,0.015137,76.068974
1,72,0.266866,0.016846,67.372636
2,72,0.266866,0.016591,67.161769
3,72,0.266866,0.016287,67.547722
4,72,0.266866,0.016294,67.375107
5,72,0.266866,0.015956,67.375107
6,72,0.266866,0.016937,67.542850
7,72,0.266866,0.015633,66.958839
8,72,0.266866,0.015175,67.098011
9,72,0.266866,0.016282,66.946122
10,72,0.266866,0.016282,67.588783
1,73,0.266866,0.037967,69.315525
2,73,0.266866,0.038144,69.349841
3,73,0.266866,0.037352,69.494536
4,73,0.266866,0.039816,69.494536
5,73,0.266866,0.039816,69.696094
6,73,0.266866,0.040022,69.616709
7,73,0.266866,0.039778,69.702037
8,73,0.266866,0.038103,69.752164
9,73,0.266866,0.038516,69.403185
10,73,0.266866,0.039132,69.560646
1,74,0.266866,0.044625,75.596466
2,74,0.266866,0.044854,75.498280
3,74,0.266866,0.044854,75.498280
4,74,0.266866,0.043188,75.498280
5,74,0.266866,0.046058,75.498280
6,74,0.266866,0.046795,75.624075
7,74,0.266866,0.042787,75.624075
8,74,0.266866,0.047134,75.483317
9,74,0.266866,0.046062,75.483317
10,74,0.266866,0.046062,75.483317
1,75,0.266866,0.018454,70.755896
2,75,0.266866,0.018454,70.755896
3,75,0.266866,0.018337,70.598029
4,75,0.266866,0.018337,70.584410
5,75,0.266866,0.017494,70.425830
6,75,0.266866,0.018065,70.394695
7,75,0.266866,0.018579,70.693504
8,75,0.266866,0.018579,70.622022
9,75,0.266866,0.018579,70.309519
10,75,0.266866,0.017562,70.589431
1,76,0.266866,0.032620,74.066370
2,76,0.266866,0.033539,73.690701
3,76,0.266866,0.037891,73.690701
4,76,0.266866,0.037043,73.730851
5,76,0.266866,0.037043,73.788768
6,76,0.266866,0.037544,73.880365
7,76,0.266866,0.033576,74.300340
8,76,0.266866,0.033684,74.293133
9,76,0.266866,0.033790,74.219836
10,76,0.266866,0.034063,74.383539
1,77,0.266866,0.046044,62.124347
2,77,0.266866,0.045176,62.553860
3,77,0.266866,0.045176,62.222633
4,77,0.266866,0.045176,62.222633
5,77,0.266866,0.045176,62.222633
6,77,0.266866,0.046234,62.480022
7,77,0.266866,0.044194,62.737858
8,77,0.266866,0.046422,62.509883
9,77,0.266866,0.046422,62.509883
10,77,0.266866,0.044679,62.418529
1,78,0.266866,0.061150,75.074326
2,78,0.266866,0.061366,75.201426
3,78,0.266866,0.064670,75.406434
4,78,0.266866,0.064699,75.406434
5,78,0.266866,0.061682,75.289609
6,78,0.266866,0.060455,75.289609
7,78,0.266866,0.060455,75.078249
8,78,0.266866,0.059365,75.078249
9,78,0.266866,0.059757,75.078249
10,78,0.266866,0.059279,75.059100
1,79,0.266866,0.021593,66.976355
2,79,0.266866,0.021593,66.978043
3,79,0.266866,0.021304,67.051609
4,79,0.266866,0.022446,67.086568
5,79,0.266866,0.022446,67.086568
6,79,0.266866,0.023297,67.255798
7,79,0.266866,0.023297,67.413720
8,79,0.266866,0.023297,67.413720
9,79,0.266866,0.023297,67.371877
10,79,0.266866,0.023297,67.371877
1,80,0.266866,0.038663,88.214973
2,80,0.266866,0.040061,86.878302
3,80,0.266866,0.049242,86.113278
4,80,0.266866,0.053628,86.766999
5,80,0.266866,0.043204,86.611968
6,80,0.266866,0.042615,86.245068
7,80,0.266866,0.039931,88.114720
8,80,0.266866,0.038907,88.757830
9,80,0.266866,0.036089,88.630192
10,80,0.266866,0.040672,87.853363
1,81,0.266866,0.022120,62.547353
2,81,0.266866,0.021525,62.283820
3,81,0.266866,0.023023,63.083946
4,81,0.266866,0.023588,63.021283
5,81,0.266866,0.023588,63.021283
6,81,0.266866,0.023306,63.120277
7,81,0.266866,0.023242,62.919216
8,81,0.266866,0.022973,62.931787
9,81,0.266866,0.022973,62.994020
10,81,0.266866,0.023374,63.023351
1,82,0.266866,0.026440,70.895404
2,82,0.266866,0.026896,70.902512
3,82,0.266866,0.027208,70.934483
4,82,0.266866,0.027983,71.131415
5,82,0.266866,0.026178,70.582933
6,82,0.266866,0.024597,70.582933
7,82,0.266866,0.025364,70.795799
8,82,0.266866,0.026622,71.140430
9,82,0.266866,0.024699,70.524605
10,82,0.266866,0.024699,70.475886
1,83,0.266866,0.028869,70.061343
2,83,0.266866,0.028940,69.955350
3,83,0.266866,0.028662,69.955350
4,83,0.266866,0.031349,70.024662
5,83,0.266866,0.027131,70.471245
6,83,0.266866,0.024425,70.861333
7,83,0.266866,0.024425,70.556010
8,83,0.266866,0.023428,70.839729
9,83,0.266866,0.024548,70.839729
10,83,0.266866,0.025684,70.177483
1,84,0.266866,0.024113,64.020683
2,84,0.266866,0.024833,64.020683
3,84,0.266866,0.024833,64.135090
4,84,0.266866,0.024833,64.135090
5,84,0.266866,0.024522,63.887504
6,84,0.266866,0.024522,64.120777
7,84,0.266866,0.024522,64.034989
8,84,0.266866,0.024522,63.926880
9,84,0.266866,0.024811,64.010761
10,84,0.266866,0.024277,63.682355
1,85,0.266866,0.011519,70.263980
2,85,0.266866,0.014517,70.375064
3,85,0.266866,0.014125,70.603967
4,85,0.266866,0.016373,70.603967
5,85,0.266866,0.013785,70.603967
6,85,0.266866,0.012820,70.603967
7,85,0.266866,0.012012,69.713671
8,85,0.266866,0.011251,70.019512
9,85,0.266866,0.014392,70.210708
10,85,0.266866,0.015236,70.129173
1,86,0.266866,0.046416,74.231525
2,86,0.266866,0.046416,74.201056
3,86,0.266866,0.047465,74.368800
4,86,0.266866,0.047229,74.368800
5,86,0.266866,0.047229,74.368800
6,86,0.266866,0.047440,74.368800
7,86,0.266866,0.047440,74.368800
8,86,0.266866,0.047440,74.311947
9,86,0.266866,0.045994,74.311947
10,86,0.266866,0.045994,74.311947
1,87,0.266866,0.067595,63.040685
2,87,0.266866,0.065700,62.962514
3,87,0.266866,0.065700,62.962514
4,87,0.266866,0.063182,62.962514
5,87,0.266866,0.067468,62.880411
6,87,0.266866,0.067468,62.880411
7,87,0.266866,0.067468,62.906212
8,87,0.266866,0.067468,62.906212
9,87,0.266866,0.065732,62.870022
10,87,0.266866,0.069313,62.976536
1,88,0.266866,0.032652,69.493983
2,88,0.266866,0.033415,69.482196
3,88,0.266866,0.033415,69.674951
4,88,0.266866,0.034167,69.626877
5,88,0.266866,0.032903,69.529240
6,88,0.266866,0.032903,69.257011
7,88,0.266866,0.033488,69.415989
8,88,0.266866,0.032849,69.653613
9,88,0.266866,0.032849,69.653613
10,88,0.266866,0.034008,69.675039
1,89,0.267689,0.032915,57.489562
2,89,0.267689,0.032915,57.489562
3,89,0.267689,0.032915,57.489562
4,89,0.267689,0.032759,57.489562
5,89,0.267689,0.032505,57.494359
6,89,0.267689,0.032505,57.494359
7,89,0.267689,0.032505,57.332413
8,89,0.267689,0.032505,57.332413
9,89,0.267689,0.032693,57.348092
10,89,0.267689,0.032643,57.328677
1,90,0.266866,0.050038,77.733558
2,90,0.266866,0.049958,77.705888
3,90,0.266866,0.049738,77.767401
4,90,0.266866,0.049753,77.800965
5,90,0.266866,0.049781,77.800965
6,90,0.266866,0.049781,77.768554
7,90,0.266866,0.051236,77.820477
8,90,0.266866,0.048924,77.820477
9,90,0.266866,0.047050,78.036316
10,90,0.266866,0.055901,77.810369
1,91,0.266866,0.032071,78.509666
2,91,0.266866,0.033398,77.889358
3,91,0.266866,0.032274,78.646374
4,91,0.266866,0.031844,78.646374
5,91,0.266866,0.031669,78.818832
6,91,0.266866,0.032370,78.976163
7,91,0.266866,0.033792,78.628280
8,91,0.266866,0.033368,78.464384
9,91,0.266866,0.031446,79.083089
10,91,0.266866,0.031824,78.461181
1,92,0.266866,0.021929,62.220834
2,92,0.266866,0.022453,62.294276
3,92,0.266866,0.022975,62.209997
4,92,0.266866,0.022627,62.298782
5,92,0.266866,0.021898,62.014617
6,92,0.266866,0.021814,62.014617
7,92,0.266866,0.021814,62.014617
8,92,0.266866,0.021709,61.793826
9,92,0.266866,0.021403,61.727859
10,92,0.266866,0.021256,62.096172
1,93,0.266866,0.031511,60.869462
2,93,0.266866,0.030093,60.686442
3,93,0.266866,0.030180,60.481881
4,93,0.266866,0.030927,60.769246
5,93,0.266866,0.030927,60.769246
6,93,0.266866,0.029752,60.467442
7,93,0.266866,0.029787,60.246476
8,93,0.266866,0.029787,60.525996
9,93,0.266866,0.030738,60.714299
10,93,0.266866,0.030738,60.714299
1,94,0.266866,0.035925,78.787758
2,94,0.266866,0.036098,78.841138
3,94,0.266866,0.035803,78.921708
4,94,0.266866,0.036721,79.112358
5,94,0.266866,0.036815,78.826811
6,94,0.266866,0.036815,78.805695
7,94,0.266866,0.038122,78.962290
8,94,0.266866,0.038764,79.163672
9,94,0.266866,0.038165,79.163672
10,94,0.266866,0.035519,78.870347
1,95,0.266866,0.030314,63.434591
2,95,0.266866,0.029854,63.328181
3,95,0.266866,0.030934,64.003659
4,95,0.266866,0.030934,63.868736
5,95,0.266866,0.030934,63.873041
6,95,0.266866,0.030434,63.603934
7,95,0.266866,0.031295,63.891173
8,95,0.266866,0.031373,63.891173
9,95,0.266866,0.031373,63.891173
10,95,0.266866,0.031712,63.891173
1,96,0.266866,0.046598,66.970600
2,96,0.266866,0.046598,67.277775
3,96,0.266866,0.046584,67.277775
4,96,0.266866,0.045533,66.721415
5,96,0.266866,0.045646,66.721415
6,96,0.266866,0.045375,67.040493
7,96,0.266866,0.042666,66.538616
8,96,0.266866,0.042666,66.768178
9,96,0.266866,0.042723,66.363048
10,96,0.266866,0.043698,66.430161
1,97,0.266866,0.036257,71.362362
2,97,0.266866,0.038062,71.475356
3,97,0.266866,0.034967,71.347059
4,97,0.266866,0.035293,71.024117
5,97,0.266866,0.036647,71.697494
6,97,0.266866,0.037634,71.676756
7,97,0.266866,0.037634,71.676756
8,97,0.266866,0.037634,71.656377
9,97,0.266866,0.037634,71.656377
10,97,0.266866,0.037177,71.468363
1,98,0.266386,0.052183,62.442496
2,98,0.266386,0.052183,62.442496
3,98,0.266386,0.050978,62.308452
4,98,0.266386,0.051680,62.308452
5,98,0.266386,0.051680,62.308452
6,98,0.266386,0.050725,62.308452
7,98,0.266386,0.050725,62.325033
8,98,0.266386,0.051152,62.325033
9,98,0.266386,0.051152,62.340254
10,98,0.266386,0.051152,62.340254
1,99,0.266866,0.030903,76.691239
2,99,0.266866,0.029013,77.204209
3,99,0.266866,0.029013,76.622345
4,99,0.266866,0.031220,76.977308
5,99,0.266866,0.032012,76.645293
6,99,0.266866,0.033364,76.645293
7,99,0.266866,0.033954,76.914914
8,99,0.266866,0.032121,76.521176
9,99,0.266866,0.030642,77.093561
10,99,0.266866,0.031097,77.227575
1,100,0.266866,0.052967,67.887692
2,100,0.266866,0.052967,67.887692
3,100,0.266866,0.052136,67.670994
4,100,0.266866,0.050259,67.670994
5,100,0.266866,0.050259,67.776909
6,100,0.266866,0.050259,67.776909
7,100,0.266866,0.050748,67.776909
8,100,0.266866,0.050748,67.776909
9,100,0.266866,0.050748,67.776909
10,100,0.266866,0.050748,67.776909
1,101,0.267535,0.067059,66.802502
2,101,0.267535,0.069790,66.930411
3,101,0.267535,0.068141,66.850889
4,101,0.267535,0.068141,66.850889
5,101,0.267535,0.068548,66.850889
6,101,0.267535,0.068548,66.850889
7,101,0.267535,0.066638,67.034994
8,101,0.267535,0.071217,66.972971
9,101,0.267535,0.066063,66.972971
10,101,0.267535,0.066063,66.972971
1,102,0.266866,0.034693,75.793497
2,102,0.266866,0.037169,74.464480
3,102,0.266866,0.039948,74.332806
4,102,0.266866,0.037470,75.058916
5,102,0.266866,0.038731,74.970860
6,102,0.266866,0.036461,74.677965
7,102,0.266866,0.037032,75.133460
8,102,0.266866,0.038412,75.297812
9,102,0.266866,0.033836,75.489924
10,102,0.266866,0.033425,75.566771
1,103,0.266866,0.034483,81.587345
2,103,0.266866,0.034362,81.542586
3,103,0.266866,0.032956,81.772824
4,103,0.266866,0.034148,81.678613
5,103,0.266866,0.035535,81.666213
6,103,0.266866,0.034526,81.666213
7,103,0.266866,0.034526,81.666213
8,103,0.266866,0.036305,81.092554
9,103,0.266866,0.036305,81.092554
10,103,0.266866,0.034970,81.146919
1,104,0.267718,0.053776,65.683840
2,104,0.266866,0.056288,65.821470
3,104,0.266866,0.056288,65.821470
4,104,0.266866,0.056288,65.821470
5,104,0.266866,0.054888,65.821470
6,104,0.266866,0.054888,65.821470
7,104,0.266866,0.054888,65.821470
8,104,0.266866,0.054888,65.821470
9,104,0.266866,0.054536,65.700913
10,104,0.266866,0.053114,65.713060
1,105,0.266866,0.043390,80.414690
2,105,0.266866,0.037812,80.585073
3,105,0.266866,0.037812,80.585073
4,105,0.266866,0.037812,80.267110
5,105,0.266866,0.038285,80.896429
6,105,0.266866,0.039457,80.853874
7,105,0.266866,0.039457,80.751380
8,105,0.266866,0.034282,81.527319
9,105,0.266866,0.034065,81.507746
10,105,0.266866,0.031006,81.669582
1,106,0.265390,0.119028,72.945568
2,106,0.265390,0.119028,72.945568
3,106,0.265390,0.111594,72.975206
4,106,0.265390,0.121331,72.975206
5,106,0.265390,0.113472,72.884817
6,106,0.265390,0.113472,72.925916
7,106,0.265390,0.115762,73.040468
8,106,0.265390,0.121942,73.040468
9,106,0.265390,0.115551,73.040468
10,106,0.265390,0.115246,72.862248
1,107,0.266866,0.016535,56.700195
2,107,0.266866,0.016535,55.910290
3,107,0.266866,0.016304,56.121261
4,107,0.266866,0.016605,56.560334
5,107,0.266866,0.016491,56.838005
6,107,0.266866,0.016577,56.752061
7,107,0.266866,0.016514,56.857595
8,107,0.266866,0.016897,57.293670
9,107,0.266866,0.017832,57.440467
10,107,0.266866,0.018558,57.895359
1,108,0.266866,0.074520,67.905403
2,108,0.266866,0.067679,68.225191
3,108,0.266866,0.065539,68.126923
4,108,0.266866,0.074399,68.176953
5,108,0.266866,0.074399,68.176953
6,108,0.266866,0.069436,67.848644
7,108,0.266866,0.066365,67.960445
8,108,0.266866,0.070087,67.932850
9,108,0.266866,0.070087,67.932850
10,108,0.266866,0.068307,67.845100
1,109,0.265792,0.051989,66.440775
2,109,0.265792,0.053327,66.565610
3,109,0.265792,0.053237,66.414232
4,109,0.265792,0.053768,66.414232
5,109,0.265792,0.052535,66.789459
6,109,0.265792,0.052535,66.680485
7,109,0.265792,0.052729,66.680485
8,109,0.265792,0.053316,66.539304
9,109,0.265792,0.052087,66.539304
10,109,0.265792,0.052087,66.539304
1,110,0.266866,0.016899,62.545878
2,110,0.266866,0.017082,62.545878
3,110,0.266866,0.016228,62.262066
4,110,0.266866,0.015689,61.422918
5,110,0.266866,0.015438,61.267455
6,110,0.266866,0.015747,61.428869
7,110,0.266866,0.014722,61.194530
8,110,0.266866,0.014866,61.555991
9,110,0.266866,0.015366,60.808873
10,110,0.266866,0.014408,60.530144
1,111,0.267817,0.044452,56.220823
2,111,0.267817,0.044452,56.220823
3,111,0.267817,0.044452,56.220823
4,111,0.267817,0.043419,56.050693
5,111,0.267817,0.042596,56.050693
6,111,0.267817,0.044903,56.161923
7,111,0.267817,0.045093,56.177642
8,111,0.267817,0.045093,56.177642
9,111,0.267817,0.044341,56.251283
10,111,0.267817,0.043745,56.251283
1,112,0.266866,0.021981,67.756733
2,112,0.266866,0.021981,67.756733
3,112,0.266866,0.022209,67.778192
4,112,0.266866,0.020500,67.711478
5,112,0.266866,0.020500,67.711478
6,112,0.266866,0.022395,67.630582
7,112,0.266866,0.020733,67.442436
8,112,0.266866,0.022050,67.912766
9,112,0.266866,0.022050,67.733543
10,112,0.266866,0.022758,67.733543
1,113,0.267663,0.048338,68.461840
2,113,0.267663,0.047460,68.461840
3,113,0.267663,0.047460,68.461840
4,113,0.267663,0.047460,68.461840
5,113,0.267663,0.047262,68.281829
6,113,0.267663,0.046730,68.281829
7,113,0.267663,0.046086,68.140436
8,113,0.267663,0.046542,68.373883
9,113,0.267663,0.046542,68.373883
10,113,0.267663,0.046542,68.373883
1,114,0.268031,0.015730,65.698209
2,114,0.268031,0.014948,65.158906
3,114,0.268031,0.016296,65.868960
4,114,0.268031,0.016720,65.430302
5,114,0.268031,0.015902,65.379911
6,114,0.268031,0.015902,65.517626
7,114,0.268031,0.015617,65.662794
8,114,0.268031,0.016078,65.667926
9,114,0.268031,0.015464,65.329319
10,114,0.268031,0.013977,65.339101
1,115,0.266866,0.029619,69.489004
2,115,0.266866,0.030072,69.550713
3,115,0.266866,0.029634,69.221035
4,115,0.266866,0.029606,69.396288
5,115,0.266866,0.031112,69.396288
6,115,0.266866,0.031112,69.396288
7,115,0.266866,0.029523,69.396288
8,115,0.266866,0.030093,69.705533
9,115,0.266866,0.030883,69.660278
10,115,0.266866,0.030914,69.601119
1,116,0.267853,0.042917,62.310576
2,116,0.267853,0.043404,62.445785
3,116,0.267853,0.043404,62.445785
4,116,0.267853,0.043404,62.200099
5,116,0.267853,0.044200,62.344248
6,116,0.267853,0.042182,62.288227
7,116,0.267853,0.042182,62.288227
8,116,0.267853,0.043025,62.412929
9,116,0.267853,0.043362,62.289218
10,116,0.267853,0.043362,62.289218
1,117,0.266866,0.041043,79.664467
2,117,0.266866,0.042765,79.857787
3,117,0.266866,0.046800,79.857787
4,117,0.266866,0.044950,79.579274
5,117,0.266866,0.044900,80.053955
6,117,0.266866,0.043536,80.258795
7,117,0.266866,0.041390,79.746088
8,117,0.266866,0.040933,79.627293
9,117,0.266866,0.040954,79.963070
10,117,0.266866,0.041184,79.867200
1,118,0.266866,0.018861,80.323596
2,118,0.266866,0.016731,80.951977
3,118,0.266866,0.017333,81.182172
4,118,0.266866,0.016166,81.598260
5,118,0.266866,0.015646,83.209905
6,118,0.266866,0.016110,81.684316
7,118,0.266866,0.014671,82.375012
8,118,0.266866,0.014229,82.334512
9,118,0.266866,0.015039,83.353345
10,118,0.266866,0.013795,84.746817
1,119,0.270518,0.100939,63.835202
2,119,0.270518,0.100939,63.835202
3,119,0.270518,0.103400,63.835202
4,119,0.270518,0.105086,63.835202
5,119,0.270518,0.098509,63.820306
6,119,0.270518,0.102656,64.030717
7,119,0.270518,0.102481,63.933315
8,119,0.270518,0.102481,63.751593
9,119,0.270518,0.102481,63.751593
10,119,0.270518,0.102481,63.963410
1,120,0.266866,0.051624,84.260863
2,120,0.266866,0.052633,83.726110
3,120,0.266866,0.055278,83.426188
4,120,0.266866,0.058149,82.962004
5,120,0.266866,0.060124,83.474871
6,120,0.266866,0.057271,82.930238
7,120,0.266866,0.056820,83.727009
8,120,0.266866,0.054583,84.353860
9,120,0.266866,0.054249,84.198830
10,120,0.266866,0.053741,84.224336
1,121,0.266866,0.034223,66.701096
2,121,0.266866,0.037176,66.837795
3,121,0.266866,0.035561,66.921934
4,121,0.266866,0.037313,66.921934
5,121,0.266866,0.037313,66.838017
6,121,0.266866,0.037313,66.838017
7,121,0.266866,0.032879,66.585094
8,121,0.266866,0.035814,66.858035
9,121,0.266866,0.035814,66.858035
10,121,0.266866,0.035814,66.858035
1,122,0.268241,0.033009,82.944211
2,122,0.268241,0.032709,82.933411
3,122,0.268241,0.031465,83.137220
4,122,0.268241,0.031208,83.137220
5,122,0.268241,0.031208,83.137220
6,122,0.268241,0.031110,83.216467
7,122,0.268241,0.030346,83.216467
8,122,0.268241,0.028638,83.380244
9,122,0.268241,0.031016,82.994375
10,122,0.268241,0.030733,82.941349
1,123,0.266866,0.036034,85.378128
2,123,0.266866,0.037027,85.357171
3,123,0.266866,0.038290,85.170546
4,123,0.266866,0.042062,85.273111
5,123,0.266866,0.039303,85.579046
6,123,0.266866,0.036582,85.579046
7,123,0.266866,0.034674,85.579046
8,123,0.266866,0.033350,85.292425
9,123,0.266866,0.032507,85.674519
10,123,0.266866,0.035939,85.852755
1,124,0.266866,0.032423,79.350916
2,124,0.266866,0.033436,79.310072
3,124,0.266866,0.031727,79.479956
4,124,0.266866,0.031819,78.820649
5,124,0.266866,0.031071,79.033761
6,124,0.266866,0.034430,79.251779
7,124,0.266866,0.037061,79.630456
8,124,0.266866,0.033576,79.801588
9,124,0.266866,0.035505,79.567281
10,124,0.266866,0.035155,79.567281
1,125,0.266866,0.040598,74.275243
2,125,0.266866,0.040598,74.329330
3,125,0.266866,0.039501,73.668653
4,125,0.266866,0.039821,74.026003
5,125,0.266866,0.040330,74.004346
6,125,0.266866,0.040716,74.456864
7,125,0.266866,0.040763,74.456864
8,125,0.266866,0.040692,74.362315
9,125,0.266866,0.041328,74.179535
10,125,0.266866,0.041115,74.257865
1,126,0.266866,0.017704,71.343411
2,126,0.266866,0.016573,71.343411
3,126,0.266866,0.015788,70.980247
4,126,0.266866,0.016599,71.449653
5,126,0.266866,0.016599,71.133989
6,126,0.266866,0.017297,71.568071
7,126,0.266866,0.016395,71.126565
8,126,0.266866,0.016696,71.126565
9,126,0.266866,0.017008,71.409961
10,126,0.266866,0.017245,71.099754
1,127,0.266866,0.020503,79.794836
2,127,0.266866,0.019580,79.794836
3,127,0.266866,0.019580,79.538318
4,127,0.266866,0.020156,79.767373
5,127,0.266866,0.020944,79.634353
6,127,0.266866,0.023118,78.664235
7,127,0.266866,0.023118,78.649386
8,127,0.266866,0.023231,78.581667
9,127,0.266866,0.023977,78.540091
10,127,0.266866,0.023229,78.869077
1,128,0.265832,0.010268,80.552196
2,128,0.265832,0.009477,81.088379
3,128,0.265832,0.009171,81.042186
4,128,0.265832,0.009142,80.789513
5,128,0.265832,0.009944,80.923404
6,128,0.265832,0.010486,81.117960
7,128,0.265832,0.010926,80.486639
8,128,0.265832,0.009353,80.704538
9,128,0.265832,0.009640,81.021157
10,128,0.265832,0.010247,79.961266
1,129,0.266866,0.046817,83.448803
2,129,0.266866,0.046412,83.289971
3,129,0.266866,0.046412,83.289971
4,129,0.266866,0.045366,83.234098
5,129,0.266866,0.045671,83.234098
6,129,0.266866,0.043338,83.583237
7,129,0.266866,0.057175,83.583237
8,129,0.266866,0.054469,83.231912
9,129,0.266866,0.052927,83.240241
10,129,0.266866,0.048490,83.156936
1,130,0.263658,0.017551,82.965274
2,130,0.263658,0.017167,82.230154
3,130,0.263658,0.017938,82.162802
4,130,0.263658,0.017396,82.398167
5,130,0.263658,0.017537,82.414402
6,130,0.263658,0.017111,82.582794
7,130,0.263658,0.017903,82.069019
8,130,0.263658,0.018204,81.759688
9,130,0.263658,0.018811,81.759688
10,130,0.263658,0.019567,82.518275
1,131,0.264431,0.055236,61.917255
2,131,0.264431,0.054489,61.860533
3,131,0.264431,0.053041,61.682260
4,131,0.264431,0.053429,61.809885
5,131,0.264431,0.053429,61.809885
6,131,0.264431,0.053429,61.809885
7,131,0.264431,0.052555,61.609613
8,131,0.264431,0.051954,61.600798
9,131,0.264431,0.050989,61.404868
10,131,0.264431,0.052203,61.558939
1,132,0.266824,0.019639,66.873970
2,132,0.266824,0.018807,67.110798
3,132,0.266824,0.019530,67.181002
4,132,0.266824,0.019215,66.999349
5,132,0.266824,0.020957,67.827065
6,132,0.266824,0.020957,67.738738
7,132,0.266824,0.020753,67.970983
8,132,0.266824,0.020753,67.970983
9,132,0.266824,0.020476,67.492190
10,132,0.266824,0.020476,67.723152
1,133,0.266866,0.045371,70.605447
2,133,0.266866,0.045371,70.605447
3,133,0.266866,0.045371,70.605447
4,133,0.266866,0.045541,70.545300
5,133,0.266866,0.045700,70.611541
6,133,0.266866,0.045700,70.611541
7,133,0.266866,0.046318,70.831423
8,133,0.266866,0.046607,70.878426
9,133,0.266866,0.047040,70.702225
10,133,0.266866,0.047040,70.702225
1,134,0.266866,0.054234,75.178930
2,134,0.266866,0.051536,75.538343
3,134,0.266866,0.050478,75.538343
4,134,0.266866,0.050478,75.538343
5,134,0.266866,0.046356,75.458219
6,134,0.266866,0.046793,75.827987
7,134,0.266866,0.048825,75.676950
8,134,0.266866,0.044967,75.534917
9,134,0.266866,0.045516,76.038140
10,134,0.266866,0.045028,75.817957
1,135,0.266866,0.015619,75.232114
2,135,0.266866,0.014934,75.094757
3,135,0.266866,0.014695,74.972006
4,135,0.266866,0.014962,74.559231
5,135,0.266866,0.017340,74.505675
6,135,0.266866,0.016461,74.648172
7,135,0.266866,0.016404,74.499667
8,135,0.266866,0.016432,74.985777
9,135,0.266866,0.016060,74.430289
10,135,0.266866,0.016009,74.345676
1,136,0.266849,0.120500,68.991920
2,136,0.266849,0.128796,68.991920
3,136,0.266849,0.132809,68.898698
4,136,0.266849,0.124450,68.898698
5,136,0.266849,0.137269,68.898698
6,136,0.266849,0.116947,69.079883
7,136,0.266849,0.115747,69.079883
8,136,0.266849,0.125428,69.079883
9,136,0.266849,0.134574,69.079883
10,136,0.266849,0.134574,69.074720
1,137,0.266866,0.035328,74.571650
2,137,0.266866,0.036113,74.571650
3,137,0.266866,0.036418,74.571650
4,137,0.266866,0.037065,74.571650
5,137,0.266866,0.037650,74.571650
6,137,0.266866,0.037701,74.661720
7,137,0.266866,0.037916,74.470590
8,137,0.266866,0.036043,74.708117
9,137,0.266866,0.036979,74.708117
10,137,0.266866,0.035137,74.803366
1,138,0.265670,0.107867,65.738287
2,138,0.265670,0.107867,65.738287
3,138,0.265670,0.122101,65.827923
4,138,0.265670,0.122101,65.905655
5,138,0.265670,0.119977,65.905655
6,138,0.265670,0.127537,65.905655
7,138,0.265670,0.121704,65.905655
8,138,0.265670,0.121704,65.918501
9,138,0.265670,0.121704,65.918501
10,138,0.265670,0.121704,65.918501
1,139,0.269860,0.023811,54.193943
2,139,0.269860,0.024130,54.863069
3,139,0.269860,0.024934,54.863069
4,139,0.269860,0.024934,54.844414
5,139,0.269860,0.025037,54.954538
6,139,0.269860,0.024348,54.978020
7,139,0.269860,0.024216,54.800151
8,139,0.269860,0.024491,54.554338
9,139,0.269860,0.024491,54.792883
10,139,0.269860,0.024491,54.792883
1,140,0.266866,0.014751,79.206964
2,140,0.266866,0.014628,79.172617
3,140,0.266866,0.015196,78.682540
4,140,0.266866,0.015717,77.770814
5,140,0.266866,0.015724,77.865577
6,140,0.266866,0.015871,78.457409
7,140,0.266866,0.015166,78.694701
8,140,0.266866,0.015186,78.766969
9,140,0.266866,0.015394,79.136248
10,140,0.266866,0.014293,79.169051
1,141,0.266866,0.025877,69.891518
2,141,0.266866,0.025877,69.750831
3,141,0.266866,0.025768,69.798017
4,141,0.266866,0.025166,69.228390
5,141,0.266866,0.025166,69.793852
6,141,0.266866,0.025166,69.427039
7,141,0.266866,0.025166,69.427039
8,141,0.266866,0.025275,69.427039
9,141,0.266866,0.025275,69.396093
10,141,0.266866,0.025275,69.354213
1,142,0.267034,0.041349,57.918978
2,142,0.267034,0.042204,57.888884
3,142,0.267034,0.038399,57.483583
4,142,0.267034,0.038399,57.486978
5,142,0.267034,0.039272,57.541754
6,142,0.267034,0.038812,57.427045
7,142,0.267034,0.039543,57.541346
8,142,0.267034,0.039543,57.541346
9,142,0.267034,0.039543,57.541346
10,142,0.267034,0.039596,57.798831
1,143,0.266866,0.043332,74.683082
2,143,0.266866,0.043735,74.524515
3,143,0.266866,0.041360,74.546010
4,143,0.266866,0.045101,74.263406
5,143,0.266866,0.045101,74.263406
6,143,0.266866,0.045503,74.371697
7,143,0.266866,0.045503,74.371697
8,143,0.266866,0.042648,74.371697
9,143,0.266866,0.045073,74.371697
10,143,0.266866,0.046440,74.656530
1,144,0.266866,0.023958,64.663287
2,144,0.266866,0.023958,64.663287
3,144,0.266866,0.023958,64.663287
4,144,0.266866,0.023939,64.715763
5,144,0.266866,0.023939,64.413443
6,144,0.266866,0.023939,64.532841
7,144,0.266866,0.023762,64.598697
8,144,0.266866,0.023762,64.598697
9,144,0.266866,0.024504,64.765084
10,144,0.266866,0.024504,64.765084
1,145,0.266866,0.048984,82.445287
2,145,0.266866,0.041130,81.458924
3,145,0.266866,0.051108,82.003705
4,145,0.266866,0.043695,81.527085
5,145,0.266866,0.046079,81.032136
6,145,0.266866,0.043234,80.983164
7,145,0.266866,0.049056,79.545735
8,145,0.266866,0.058401,79.582819
9,145,0.266866,0.060103,79.853499
10,145,0.266866,0.057983,79.179127
1,146,0.266866,0.040619,66.772758
2,146,0.266866,0.040619,66.772758
3,146,0.266866,0.040619,66.772758
4,146,0.266866,0.040619,66.772758
5,146,0.266866,0.038578,66.772758
6,146,0.266866,0.038685,66.742950
7,146,0.266866,0.039541,66.693004
8,146,0.266866,0.039541,66.693004
9,146,0.266866,0.039541,66.693004
10,146,0.266866,0.038884,66.539363
1,147,0.269444,0.056901,57.906040
2,147,0.269444,0.056226,57.906040
3,147,0.269444,0.059380,58.162281
4,147,0.269444,0.059380,58.162281
5,147,0.269444,0.056355,57.791962
6,147,0.269444,0.056669,57.791962
7,147,0.269444,0.056669,57.791962
8,147,0.269444,0.056669,57.791962
9,147,0.269444,0.058347,57.989143
10,147,0.269444,0.058347,57.989143
1,148,0.266866,0.033021,68.025792
2,148,0.266866,0.032335,68.185572
3,148,0.266866,0.032335,67.742139
4,148,0.266866,0.032335,67.742139
5,148,0.266866,0.032335,67.489387
6,148,0.266866,0.032667,67.857273
7,148,0.266866,0.032667,67.857273
8,148,0.266866,0.031544,67.471615
9,148,0.266866,0.032465,67.465520
10,148,0.266866,0.032465,67.465520
1,149,0.266866,0.034311,71.974170
2,149,0.266866,0.034151,71.735740
3,149,0.266866,0.034151,71.735740
4,149,0.266866,0.034151,71.735740
5,149,0.266866,0.034244,71.885343
6,149,0.266866,0.034244,71.885343
7,149,0.266866,0.036213,71.824940
8,149,0.266866,0.036856,71.869628
9,149,0.266866,0.036411,72.007917
10,149,0.266866,0.036411,72.007917
1,150,0.266866,0.033983,72.315064
2,150,0.266866,0.033088,72.254605
3,150,0.266866,0.033088,72.254605
4,150,0.266866,0.032685,72.509098
5,150,0.266866,0.032644,72.376356
6,150,0.266866,0.031828,72.523775
7,150,0.266866,0.031144,72.402383
8,150,0.266866,0.030524,72.065602
9,150,0.266866,0.030524,72.556185
10,150,0.266866,0.030787,72.395295
1,151,0.266866,0.012760,81.317772
2,151,0.266866,0.013293,80.183888
3,151,0.266866,0.013531,80.416733
4,151,0.266866,0.012993,80.214233
5,151,0.266866,0.012220,80.600762
6,151,0.266866,0.012220,81.177417
7,151,0.266866,0.012220,80.677511
8,151,0.266866,0.013104,81.040997
9,151,0.266866,0.012884,81.042973
10,151,0.266866,0.012277,80.832255
1,152,0.266866,0.026112,69.777213
2,152,0.266866,0.025967,70.068552
3,152,0.266866,0.025840,70.068552
4,152,0.266866,0.025856,70.052051
5,152,0.266866,0.025659,70.238200
6,152,0.266866,0.024583,69.734644
7,152,0.266866,0.025537,70.136145
8,152,0.266866,0.025503,69.768028
9,152,0.266866,0.025634,69.586926
10,152,0.266866,0.026031,70.272022
1,153,0.266866,0.035615,74.577371
2,153,0.266866,0.035957,74.577371
3,153,0.266866,0.035541,74.577371
4,153,0.266866,0.035606,74.672644
5,153,0.266866,0.037915,74.698509
6,153,0.266866,0.032593,74.606346
7,153,0.266866,0.034750,74.213078
8,153,0.266866,0.038552,74.885382
9,153,0.266866,0.038689,74.724765
10,153,0.266866,0.038142,74.473108
1,154,0.266866,0.108570,80.181436
2,154,0.266866,0.116369,79.602167
3,154,0.266866,0.112282,79.602167
4,154,0.266866,0.118388,79.602167
5,154,0.266866,0.116853,79.602167
6,154,0.266866,0.116476,79.902178
7,154,0.266866,0.116476,79.787684
8,154,0.266866,0.114129,79.787684
9,154,0.266866,0.108655,79.925550
10,154,0.266866,0.115123,79.637607
1,155,0.266866,0.020697,73.562561
2,155,0.266866,0.020228,73.735287
3,155,0.266866,0.021287,73.753746
4,155,0.266866,0.020928,73.993007
5,155,0.266866,0.023422,74.063768
6,155,0.266866,0.021365,73.502982
7,155,0.266866,0.021365,73.931052
8,155,0.266866,0.021365,73.262624
9,155,0.266866,0.020207,73.375273
10,155,0.266866,0.019667,73.728330
1,156,0.266866,0.035619,82.937358
2,156,0.266866,0.035619,82.937358
3,156,0.266866,0.036572,83.030280
4,156,0.266866,0.037016,83.030280
5,156,0.266866,0.035792,83.221981
6,156,0.266866,0.037281,83.387235
7,156,0.266866,0.038290,83.452606
8,156,0.266866,0.037016,83.169812
9,156,0.266866,0.036426,83.016287
10,156,0.266866,0.034636,83.019572
1,157,0.268176,0.066658,64.898105
2,157,0.268176,0.066658,64.898105
3,157,0.268176,0.066658,64.898105
4,157,0.268176,0.066658,64.898105
5,157,0.268176,0.066658,65.040435
6,157,0.268176,0.066115,64.981777
7,157,0.268176,0.066320,64.981777
8,157,0.268176,0.067764,64.981777
9,157,0.268176,0.067442,65.034912
10,157,0.268176,0.066429,65.034912
1,158,0.268007,0.031413,60.098564
2,158,0.268007,0.030493,60.325048
3,158,0.268007,0.030493,60.130555
4,158,0.268007,0.030917,60.082474
5,158,0.268007,0.030917,60.024025
6,158,0.268007,0.031360,60.024025
7,158,0.268007,0.031360,60.024025
8,158,0.268007,0.030574,60.301985
9,158,0.268007,0.031901,60.588595
10,158,0.268007,0.032129,60.588595
1,159,0.266866,0.031267,77.559749
2,159,0.266866,0.031267,77.559749
3,159,0.266866,0.030862,77.559749
4,159,0.266866,0.030953,77.325878
5,159,0.266866,0.030953,77.325878
6,159,0.266866,0.030953,77.268824
7,159,0.266866,0.031159,77.206186
8,159,0.266866,0.030646,77.687152
9,159,0.266866,0.030218,77.568446
10,159,0.266866,0.031190,77.528962
1,160,0.266866,0.029218,72.879533
2,160,0.266866,0.028993,72.803319
3,160,0.266866,0.027819,73.111671
4,160,0.266866,0.029519,73.111671
5,160,0.266866,0.029519,73.170495
6,160,0.266866,0.029519,73.170495
7,160,0.266866,0.028866,73.170495
8,160,0.266866,0.028866,73.170495
9,160,0.266866,0.029591,73.282105
10,160,0.266866,0.029015,73.282105
1,161,0.266866,0.045090,75.417221
2,161,0.266866,0.047666,75.324786
3,161,0.266866,0.043455,75.744239
4,161,0.266866,0.047857,75.557254
5,161,0.266866,0.048675,75.430815
6,161,0.266866,0.048382,75.553177
7,161,0.266866,0.045762,75.726965
8,161,0.266866,0.062186,74.676916
9,161,0.266866,0.061168,74.593616
10,161,0.266866,0.062359,74.984160
1,162,0.266866,0.025570,87.647286
2,162,0.266866,0.025778,87.958719
3,162,0.266866,0.025933,87.733025
4,162,0.266866,0.028832,86.516623
5,162,0.266866,0.029759,86.818700
6,162,0.266866,0.028309,86.426015
7,162,0.266866,0.026147,87.441773
8,162,0.266866,0.023088,87.088297
9,162,0.266866,0.025479,86.970031
10,162,0.266866,0.026258,87.551472
1,163,0.265372,0.019942,76.497731
2,163,0.265372,0.019493,76.114146
3,163,0.265372,0.019493,76.167389
4,163,0.265372,0.021478,76.910327
5,163,0.265372,0.020713,76.669077
6,163,0.265372,0.020484,76.684041
7,163,0.265372,0.020209,76.721369
8,163,0.265372,0.019507,76.618502
9,163,0.265372,0.020677,77.067143
10,163,0.265372,0.020759,76.700546
1,164,0.266866,0.013033,76.908964
2,164,0.266866,0.013602,77.881558
3,164,0.266866,0.012316,77.664717
4,164,0.266866,0.012778,76.727069
5,164,0.266866,0.012831,77.510649
6,164,0.266866,0.012981,76.865774
7,164,0.266866,0.012363,77.138115
8,164,0.266866,0.012591,77.549563
9,164,0.266866,0.012479,77.444684
10,164,0.266866,0.012465,76.932919
1,165,0.266866,0.050658,68.081189
2,165,0.266866,0.049896,68.081189
3,165,0.266866,0.049607,67.795486
4,165,0.266866,0.049607,68.000302
5,165,0.266866,0.049607,68.000302
6,165,0.266866,0.049607,67.819640
7,165,0.266866,0.045269,67.491659
8,165,0.266866,0.045269,67.538812
9,165,0.266866,0.048589,67.888192
10,165,0.266866,0.049657,67.888192
1,166,0.268205,0.023301,74.831840
2,166,0.268205,0.023512,74.567286
3,166,0.268205,0.025457,74.924569
4,166,0.268205,0.027409,74.880179
5,166,0.268205,0.025985,74.818534
6,166,0.268205,0.026797,74.818534
7,166,0.268205,0.024317,74.818534
8,166,0.268205,0.025657,74.671762
9,166,0.268205,0.024861,74.671762
10,166,0.268205,0.024861,74.671762
1,167,0.264759,0.008431,80.207806
2,167,0.264759,0.008161,79.379009
3,167,0.264759,0.008305,80.149199
4,167,0.264759,0.008480,80.366433
5,167,0.264759,0.007893,80.517834
6,167,0.264759,0.008039,80.748963
7,167,0.264759,0.008388,80.776766
8,167,0.264759,0.008973,80.161068
9,167,0.264759,0.008230,79.889988
10,167,0.264759,0.008708,80.001647
1,168,0.266866,0.097464,88.258798
2,168,0.266866,0.097632,86.751475
3,168,0.266866,0.083860,87.026706
4,168,0.266866,0.079158,86.206979
5,168,0.266866,0.076937,85.472060
6,168,0.266866,0.074100,87.228418
7,168,0.266866,0.074640,86.910634
8,168,0.266866,0.075292,87.469424
9,168,0.266866,0.081221,88.447018
10,168,0.266866,0.090848,88.697828
1,169,0.269118,0.071817,64.260442
2,169,0.269118,0.071817,64.110068
3,169,0.269118,0.070742,63.812667
4,169,0.269118,0.070742,63.796785
5,169,0.269118,0.065458,63.792435
6,169,0.269118,0.066140,63.824653
7,169,0.269118,0.067128,63.824653
8,169,0.269118,0.067128,63.824653
9,169,0.269118,0.069769,63.902006
10,169,0.269118,0.069769,64.078553
1,170,0.265399,0.038094,71.109640
2,170,0.265399,0.038094,71.109640
3,170,0.265399,0.038094,71.109640
4,170,0.265399,0.038094,71.109640
5,170,0.265399,0.038094,71.109640
6,170,0.265399,0.039428,71.109191
7,170,0.265399,0.038841,71.109191
8,170,0.265399,0.038363,71.109191
9,170,0.265399,0.038003,71.109191
10,170,0.265399,0.038906,71.109191
1,171,0.266866,0.013473,69.287175
2,171,0.266866,0.012752,68.996410
3,171,0.266866,0.012858,69.436489
4,171,0.266866,0.013122,68.983948
5,171,0.266866,0.013215,69.271683
6,171,0.266866,0.012849,69.010005
7,171,0.266866,0.013273,69.321734
8,171,0.266866,0.012566,69.297172
9,171,0.266866,0.012710,69.769530
10,171,0.266866,0.012710,68.812033
1,172,0.266866,0.027167,69.838447
2,172,0.266866,0.029721,69.838447
3,172,0.266866,0.029904,69.841221
4,172,0.266866,0.029932,69.680694
5,172,0.266866,0.029133,69.964986
6,172,0.266866,0.029427,69.494100
7,172,0.266866,0.030495,69.867778
8,172,0.266866,0.027587,69.738162
9,172,0.266866,0.028334,69.848047
10,172,0.266866,0.029493,69.721275
1,173,0.266866,0.065889,65.780579
2,173,0.266866,0.065889,65.780579
3,173,0.266866,0.065889,65.780579
4,173,0.266866,0.065889,65.825074
5,173,0.266866,0.065889,65.825074
6,173,0.266866,0.064614,65.493682
7,173,0.266866,0.061988,65.536300
8,173,0.266866,0.061988,65.536300
9,173,0.266866,0.061988,65.536300
10,173,0.266866,0.061988,65.536300
1,174,0.266530,0.013481,69.902553
2,174,0.266530,0.014298,69.799605
3,174,0.266530,0.014298,70.009353
4,174,0.266530,0.014030,69.655530
5,174,0.266530,0.014060,70.164600
6,174,0.266530,0.012610,70.200427
7,174,0.266530,0.012567,69.721782
8,174,0.266530,0.012599,70.175034
9,174,0.266530,0.013190,70.565893
10,174,0.266530,0.012897,69.831295
1,175,0.266866,0.020541,68.264895
2,175,0.266866,0.020541,68.447113
3,175,0.266866,0.021060,68.183046
4,175,0.266866,0.021060,68.180372
5,175,0.266866,0.021052,68.180372
6,175,0.266866,0.020905,68.286008
7,175,0.266866,0.020907,67.873169
8,175,0.266866,0.020907,68.119287
9,175,0.266866,0.020757,68.235161
10,175,0.266866,0.021373,68.093168
1,176,0.266866,0.036915,64.507996
2,176,0.266866,0.036380,64.452113
3,176,0.266866,0.036380,64.118356
4,176,0.266866,0.036380,64.118356
5,176,0.266866,0.036380,64.198905
6,176,0.266866,0.037951,64.327172
7,176,0.266866,0.037022,64.340391
8,176,0.266866,0.037022,64.340391
9,176,0.266866,0.037022,64.137387
10,176,0.266866,0.036385,64.137387
1,177,0.266866,0.038487,83.675807
2,177,0.266866,0.039277,84.862931
3,177,0.266866,0.034890,84.432981
4,177,0.266866,0.078787,80.240278
5,177,0.266866,0.079244,81.185215
6,177,0.266866,0.073072,80.830434
7,177,0.266866,0.062101,81.238694
8,177,0.266866,0.070457,79.549147
9,177,0.266866,0.057057,80.217510
10,177,0.266866,0.062342,78.658276
1,178,0.266866,0.041430,81.100535
2,178,0.266866,0.042011,81.328490
3,178,0.266866,0.042321,81.263702
4,178,0.266866,0.043159,81.233122
5,178,0.266866,0.041501,81.032453
6,178,0.266866,0.041736,81.032453
7,178,0.266866,0.041736,81.032453
8,178,0.266866,0.041128,81.032453
9,178,0.266866,0.041128,81.032453
10,178,0.266866,0.040526,81.032453
1,179,0.266866,0.043996,66.283846
2,179,0.266866,0.043996,66.283846
3,179,0.266866,0.043913,66.382753
4,179,0.266866,0.043913,66.382753
5,179,0.266866,0.043913,66.136020
6,179,0.266866,0.043913,66.304844
7,179,0.266866,0.044087,66.456453
8,179,0.266866,0.044755,66.433527
9,179,0.266866,0.044669,66.538087
10,179,0.266866,0.044669,66.538087
1,180,0.266866,0.034037,61.549665
2,180,0.266866,0.034037,61.501199
3,180,0.266866,0.036352,61.522454
4,180,0.266866,0.034496,61.423169
5,180,0.266866,0.034496,61.497314
6,180,0.266866,0.032769,61.372897
7,180,0.266866,0.032769,61.242538
8,180,0.266866,0.034696,61.242538
9,180,0.266866,0.032606,61.442342
10,180,0.266866,0.032606,61.442342
1,181,0.266386,0.078926,71.637566
2,181,0.266386,0.078926,71.637566
3,181,0.266386,0.078882,71.638133
4,181,0.266386,0.077673,71.657295
5,181,0.266386,0.081654,71.961629
6,181,0.266386,0.078141,71.380212
7,181,0.266386,0.076643,71.503981
8,181,0.266386,0.079432,71.636637
9,181,0.266386,0.078215,71.636637
10,181,0.266386,0.078480,71.766929
1,182,0.266866,0.013733,64.776720
2,182,0.266866,0.012223,64.475015
3,182,0.266866,0.013227,64.620064
4,182,0.266866,0.013375,64.518298
5,182,0.266866,0.013967,64.835201
6,182,0.266866,0.012638,65.131992
7,182,0.266866,0.013856,64.890207
8,182,0.266866,0.013445,64.426261
9,182,0.266866,0.012794,64.320663
10,182,0.266866,0.013225,64.864388
1,183,0.266866,0.024157,70.192390
2,183,0.266866,0.023900,70.234707
3,183,0.266866,0.023900,70.171395
4,183,0.266866,0.023707,70.092426
5,183,0.266866,0.023089,70.362898
6,183,0.266866,0.024357,70.413752
7,183,0.266866,0.025425,70.614448
8,183,0.266866,0.025234,70.477151
9,183,0.266866,0.026071,70.555721
10,183,0.266866,0.026161,70.684709
1,184,0.270180,0.037223,69.493851
2,184,0.270180,0.036101,69.495502
3,184,0.270180,0.034600,69.288551
4,184,0.270180,0.034600,69.098465
5,184,0.270180,0.034600,69.098465
6,184,0.270180,0.036186,69.189758
7,184,0.270180,0.036156,69.240996
8,184,0.270180,0.036156,69.240996
9,184,0.270180,0.036156,69.295880
10,184,0.270180,0.035272,69.295880
1,185,0.266866,0.063501,73.677336
2,185,0.266866,0.062563,73.588002
3,185,0.266866,0.065238,73.458992
4,185,0.266866,0.063917,73.675940
5,185,0.266866,0.064539,73.609749
6,185,0.266866,0.064539,73.609749
7,185,0.266866,0.064539,73.609749
8,185,0.266866,0.061739,73.510666
9,185,0.266866,0.063246,73.574234
10,185,0.266866,0.063384,73.574234
1,186,0.266866,0.041799,69.723777
2,186,0.266866,0.039891,69.697346
3,186,0.266866,0.039891,69.697346
4,186,0.266866,0.039891,69.697346
5,186,0.266866,0.039891,69.697346
6,186,0.266866,0.039499,69.697346
7,186,0.266866,0.038883,69.697346
8,186,0.266866,0.038883,69.697346
9,186,0.266866,0.041036,69.697346
10,186,0.266866,0.041072,69.637636
1,187,0.266821,0.108544,62.480187
2,187,0.266821,0.108544,62.480187
3,187,0.266821,0.108544,62.540117
4,187,0.266821,0.102886,62.415937
5,187,0.266821,0.103474,62.406251
6,187,0.266821,0.103474,62.406251
7,187,0.266821,0.105770,62.414484
8,187,0.266821,0.105770,62.414484
9,187,0.266821,0.105770,62.414484
10,187,0.266821,0.102064,62.406036
1,188,0.266866,0.039803,74.779443
2,188,0.266866,0.039803,74.779443
3,188,0.266866,0.042379,75.207687
4,188,0.266866,0.041845,75.108375
5,188,0.266866,0.041845,75.108375
6,188,0.266866,0.041184,74.580794
7,188,0.266866,0.038954,74.520364
8,188,0.266866,0.038954,74.760660
9,188,0.266866,0.040449,75.164207
10,188,0.266866,0.038327,74.725501
1,189,0.266866,0.017057,70.023609
2,189,0.266866,0.016730,70.023609
3,189,0.266866,0.016824,70.078047
4,189,0.266866,0.017567,69.891725
5,189,0.266866,0.016733,70.271056
6,189,0.266866,0.018237,70.271056
7,189,0.266866,0.019378,70.185220
8,189,0.266866,0.018730,70.051210
9,189,0.266866,0.015521,70.097353
10,189,0.266866,0.015516,70.252708
1,190,0.272254,0.085068,71.382531
2,190,0.272254,0.085068,71.534522
3,190,0.272254,0.084984,71.534522
4,190,0.272254,0.084984,71.534522
5,190,0.272254,0.086736,71.534522
6,190,0.272254,0.086736,71.540710
7,190,0.272254,0.086736,71.540710
8,190,0.272254,0.086736,71.540710
9,190,0.272254,0.086736,71.513489
10,190,0.272254,0.086736,71.513489
1,191,0.266866,0.028628,70.098331
2,191,0.266866,0.029595,70.400507
3,191,0.266866,0.030306,70.400507
4,191,0.266866,0.030306,70.308566
5,191,0.266866,0.028556,69.894076
6,191,0.266866,0.028556,70.372954
7,191,0.266866,0.029869,70.551109
8,191,0.266866,0.029869,70.319124
9,191,0.266866,0.029546,70.319124
10,191,0.266866,0.029558,70.496025
1,192,0.266866,0.050797,58.640798
2,192,0.266866,0.049024,58.662444
3,192,0.266866,0.050576,58.662444
4,192,0.266866,0.050761,58.614008
5,192,0.266866,0.047787,58.470870
6,192,0.266866,0.047787,58.417882
7,192,0.266866,0.047797,58.500248
8,192,0.266866,0.046431,58.364505
9,192,0.266866,0.046431,58.364505
10,192,0.266866,0.048631,58.574436
1,193,0.266866,0.017007,86.166248
2,193,0.266866,0.016686,86.174605
3,193,0.266866,0.016686,86.582790
4,193,0.266866,0.016635,86.990528
5,193,0.266866,0.016220,86.425028
6,193,0.266866,0.017763,86.098344
7,193,0.266866,0.017446,86.098344
8,193,0.266866,0.016481,86.366337
9,193,0.266866,0.017085,86.059597
10,193,0.266866,0.017050,85.656655
1,194,0.267230,0.045313,67.216605
2,194,0.267230,0.045313,67.311276
3,194,0.267230,0.044272,67.311276
4,194,0.267230,0.044749,67.311276
5,194,0.267230,0.044749,67.311276
6,194,0.267230,0.047940,67.560214
7,194,0.267230,0.047940,67.560214
8,194,0.267230,0.047940,67.560214
9,194,0.267230,0.047940,67.560214
10,194,0.267230,0.047940,67.664283
1,195,0.266866,0.034835,66.373915
2,195,0.266866,0.034835,66.373915
3,195,0.266866,0.034835,66.373915
4,195,0.266866,0.034505,66.222450
5,195,0.266866,0.034412,66.222450
6,195,0.266866,0.034412,66.222450
7,195,0.266866,0.034105,66.191048
8,195,0.266866,0.034146,66.325403
9,195,0.266866,0.035389,66.325403
10,195,0.266866,0.035389,66.325403
1,196,0.266866,0.044548,64.714297
2,196,0.266866,0.046379,64.879893
3,196,0.266866,0.047290,65.004250
4,196,0.266866,0.047290,65.004250
5,196,0.266866,0.047290,65.004250
6,196,0.266866,0.046474,64.800003
7,196,0.266866,0.046474,64.807796
8,196,0.266866,0.046064,64.671209
9,196,0.266866,0.046064,64.671209
10,196,0.266866,0.045828,64.613981
1,197,0.266866,0.056583,71.652266
2,197,0.266866,0.056583,71.652266
3,197,0.266866,0.056583,71.652266
4,197,0.266866,0.048809,71.830657
5,197,0.266866,0.048809,71.830657
6,197,0.266866,0.049247,71.734372
7,197,0.266866,0.051478,71.661598
8,197,0.266866,0.050511,71.661598
9,197,0.266866,0.058501,71.661598
10,197,0.266866,0.058485,71.661598
1,198,0.266866,0.116029,72.847474
2,198,0.266866,0.110569,72.279579
3,198,0.266866,0.110569,72.279579
4,198,0.266866,0.115917,72.887043
5,198,0.266866,0.137081,72.675863
6,198,0.266866,0.110874,73.016044
7,198,0.266866,0.118555,72.382178
8,198,0.266866,0.119354,72.502886
9,198,0.266866,0.121587,72.502886
10,198,0.266866,0.128665,72.827143
1,199,0.266240,0.045941,64.315562
2,199,0.266240,0.045941,64.315562
3,199,0.266240,0.045941,64.315562
4,199,0.266240,0.047183,64.454068
5,199,0.266240,0.047172,64.386204
6,199,0.266240,0.046239,64.306112
7,199,0.266240,0.047355,64.523556
8,199,0.266240,0.047355,64.523556
9,199,0.266240,0.047355,64.544995
10,199,0.266240,0.047355,64.627329
1,200,0.265782,0.021209,65.118505
2,200,0.265782,0.021209,65.118505
3,200,0.265782,0.021811,65.108585
4,200,0.265782,0.021798,65.055934
5,200,0.265782,0.021798,65.243518
6,200,0.265782,0.021798,65.243518
7,200,0.265782,0.022510,65.232960
8,200,0.265782,0.022510,65.346741
9,200,0.265782,0.022510,65.436445
10,200,0.265782,0.022114,65.518737
1,201,0.266866,0.019535,79.503526
2,201,0.266866,0.019569,79.656799
3,201,0.266866,0.018955,79.593112
4,201,0.266866,0.019148,80.209613
5,201,0.266866,0.017845,79.578780
6,201,0.266866,0.018842,79.437685
7,201,0.266866,0.018460,79.097986
8,201,0.266866,0.019924,79.721404
9,201,0.266866,0.018793,79.805408
10,201,0.266866,0.018985,79.949802
1,202,0.266866,0.013457,70.346299
2,202,0.266866,0.013669,70.502012
3,202,0.266866,0.014143,70.036663
4,202,0.266866,0.013011,70.121167
5,202,0.266866,0.014146,70.829060
6,202,0.266866,0.014174,69.966109
7,202,0.266866,0.013426,69.974875
8,202,0.266866,0.013426,70.546693
9,202,0.266866,0.012944,70.107082
10,202,0.266866,0.013225,70.491278
1,203,0.263866,0.021140,64.177638
2,203,0.263866,0.021644,64.306403
3,203,0.263866,0.021644,64.306403
4,203,0.263866,0.021644,64.306403
5,203,0.263866,0.021644,64.306403
6,203,0.263866,0.021515,64.363825
7,203,0.263866,0.022904,64.920075
8,203,0.263866,0.022356,64.855777
9,203,0.263866,0.022356,64.519196
10,203,0.263866,0.021019,64.493982
1,204,0.266866,0.023548,64.413076
2,204,0.266866,0.023548,64.413076
3,204,0.266866,0.024771,64.413076
4,204,0.266866,0.024771,64.665569
5,204,0.266866,0.024894,64.643239
6,204,0.266866,0.025199,64.625728
7,204,0.266866,0.024180,64.267443
8,204,0.266866,0.024542,64.235967
9,204,0.266866,0.024542,64.235967
10,204,0.266866,0.022886,64.065655
1,205,0.267920,0.090490,70.163258
2,205,0.267920,0.090282,70.158401
3,205,0.267920,0.090164,70.158401
4,205,0.267920,0.092671,70.158401
5,205,0.267920,0.099958,70.158401
6,205,0.267920,0.099958,70.158401
7,205,0.267920,0.099958,70.158401
8,205,0.267920,0.099462,70.205173
9,205,0.267920,0.099149,70.277254
10,205,0.267920,0.099149,70.277254
1,206,0.263357,0.050004,77.984151
2,206,0.263357,0.050004,77.984151
3,206,0.263357,0.050312,77.984151
4,206,0.263357,0.046785,77.699880
5,206,0.263357,0.046785,77.699880
6,206,0.263357,0.046785,77.699880
7,206,0.263357,0.045411,77.699880
8,206,0.263357,0.046765,77.817370
9,206,0.263357,0.052400,77.905030
10,206,0.263357,0.052400,77.889955
1,207,0.266866,0.025870,74.837395
2,207,0.266866,0.024826,74.487004
3,207,0.266866,0.024392,74.487004
4,207,0.266866,0.024701,74.784053
5,207,0.266866,0.024701,74.665035
6,207,0.266866,0.025385,74.640184
7,207,0.266866,0.024450,74.640184
8,207,0.266866,0.025207,74.448566
9,207,0.266866,0.025862,74.576368
10,207,0.266866,0.025487,74.748552
1,208,0.266866,0.060317,77.825136
2,208,0.266866,0.047742,78.368412
3,208,0.266866,0.046740,78.647898
4,208,0.266866,0.043690,79.085666
5,208,0.266866,0.046966,78.801039
6,208,0.266866,0.048584,78.058775
7,208,0.266866,0.048275,78.891873
8,208,0.266866,0.049679,78.612250
9,208,0.266866,0.051183,78.120764
10,208,0.266866,0.051577,78.264165
1,209,0.266866,0.050826,75.399524
2,209,0.266866,0.049197,75.399524
3,209,0.266866,0.049267,75.210304
4,209,0.266866,0.048882,75.288810
5,209,0.266866,0.048882,75.147492
6,209,0.266866,0.049141,75.177010
7,209,0.266866,0.049141,75.044460
8,209,0.266866,0.048442,75.104054
9,209,0.266866,0.049312,75.147145
10,209,0.266866,0.048837,75.122609
1,210,0.266955,0.016259,63.587064
2,210,0.266955,0.016259,63.587064
3,210,0.266955,0.015959,63.603268
4,210,0.266955,0.015959,63.603268
5,210,0.266955,0.016655,63.536862
6,210,0.266955,0.016637,64.099014
7,210,0.266955,0.016637,63.810860
8,210,0.266955,0.016637,63.810860
9,210,0.266955,0.017079,63.862369
10,210,0.266955,0.016606,63.930636
1,211,0.266866,0.020129,70.216978
2,211,0.266866,0.020258,70.216978
3,211,0.266866,0.019372,69.423643
4,211,0.266866,0.018836,69.828525
5,211,0.266866,0.018836,69.430877
6,211,0.266866,0.018980,69.430877
7,211,0.266866,0.018980,69.430877
8,211,0.266866,0.020330,70.448514
9,211,0.266866,0.020330,69.919847
10,211,0.266866,0.020395,70.531436
1,212,0.266866,0.054666,62.977669
2,212,0.266866,0.053683,62.951183
3,212,0.266866,0.055105,62.697074
4,212,0.266866,0.051604,62.593690
5,212,0.266866,0.053546,62.541798
6,212,0.266866,0.054446,62.924747
7,212,0.266866,0.056040,63.049792
8,212,0.266866,0.056040,63.049792
9,212,0.266866,0.057259,63.023339
10,212,0.266866,0.058733,62.990866
1,213,0.266866,0.033252,77.346417
2,213,0.266866,0.032116,77.696932
3,213,0.266866,0.032578,77.164517
4,213,0.266866,0.032578,77.164517
5,213,0.266866,0.031402,77.480163
6,213,0.266866,0.031294,76.968140
7,213,0.266866,0.031355,77.506300
8,213,0.266866,0.032198,77.506300
9,213,0.266866,0.029945,77.506300
10,213,0.266866,0.031309,77.510951
1,214,0.265096,0.063518,78.266522
2,214,0.265096,0.063987,78.266522
3,214,0.265096,0.060629,77.958778
4,214,0.265096,0.060629,77.958778
5,214,0.265096,0.063204,78.370208
6,214,0.265096,0.063204,78.370208
7,214,0.265096,0.060602,78.143326
8,214,0.265096,0.061968,78.143326
9,214,0.265096,0.061968,78.143326
10,214,0.265096,0.061968,78.164605
1,215,0.264572,0.070131,62.354807
2,215,0.264572,0.069806,62.233750
3,215,0.264572,0.069806,62.233750
4,215,0.264572,0.069806,62.233750
5,215,0.264572,0.068404,62.183488
6,215,0.264572,0.068404,62.183488
7,215,0.264572,0.069468,62.218804
8,215,0.264572,0.068649,62.218804
9,215,0.264572,0.068649,62.218804
10,215,0.264572,0.071948,62.307079
1,216,0.266866,0.049597,72.089692
2,216,0.266866,0.047266,72.089692
3,216,0.266866,0.047266,72.089692
4,216,0.266866,0.045959,72.064255
5,216,0.266866,0.044129,71.873033
6,216,0.266866,0.050872,72.123978
7,216,0.266866,0.044097,72.128339
8,216,0.266866,0.047300,72.128339
9,216,0.266866,0.046329,72.208002
10,216,0.266866,0.050278,72.208002
1,217,0.266866,0.063734,66.231145
2,217,0.266866,0.064517,66.708012
3,217,0.266866,0.064517,66.562580
4,217,0.266866,0.065111,66.489900
5,217,0.266866,0.063786,66.410522
6,217,0.266866,0.064479,66.339818
7,217,0.266866,0.064154,66.464375
8,217,0.266866,0.063997,66.464375
9,217,0.266866,0.061888,66.533607
10,217,0.266866,0.061328,66.455759
1,218,0.266866,0.036305,71.348950
2,218,0.266866,0.036305,71.121020
3,218,0.266866,0.036305,71.121020
4,218,0.266866,0.036305,71.586217
5,218,0.266866,0.037628,71.586217
6,218,0.266866,0.035905,71.227256
7,218,0.266866,0.035905,71.278065
8,218,0.266866,0.035905,71.278065
9,218,0.266866,0.035905,71.278065
10,218,0.266866,0.036754,71.331587
1,219,0.266866,0.026272,76.502194
2,219,0.266866,0.027060,76.976343
3,219,0.266866,0.025440,76.842035
4,219,0.266866,0.026076,76.703600
5,219,0.266866,0.029716,75.966552
6,219,0.266866,0.029477,75.811683
7,219,0.266866,0.029870,75.839308
8,219,0.266866,0.029288,76.368773
9,219,0.266866,0.029523,75.837021
10,219,0.266866,0.026181,76.868206
1,220,0.266866,0.044363,73.502286
2,220,0.266866,0.046146,73.502286
3,220,0.266866,0.045302,73.541168
4,220,0.266866,0.045302,73.541168
5,220,0.266866,0.046860,73.495596
6,220,0.266866,0.046860,73.495596
7,220,0.266866,0.044461,73.295879
8,220,0.266866,0.044461,73.295879
9,220,0.266866,0.047568,73.432466
10,220,0.266866,0.044940,73.532308
1,221,0.266866,0.019614,68.464531
2,221,0.266866,0.019068,68.033832
3,221,0.266866,0.018827,68.194715
4,221,0.266866,0.018827,68.160177
5,221,0.266866,0.018621,68.045768
6,221,0.266866,0.019006,68.045768
7,221,0.266866,0.020082,68.456911
8,221,0.266866,0.020082,68.183011
9,221,0.266866,0.020082,68.484774
10,221,0.266866,0.019887,68.501199
1,222,0.266866,0.060629,78.799729
2,222,0.266866,0.065469,78.755838
3,222,0.266866,0.067539,78.172016
4,222,0.266866,0.063381,78.937947
5,222,0.266866,0.062377,79.045697
6,222,0.266866,0.063337,78.727349
7,222,0.266866,0.061260,78.963570
8,222,0.266866,0.060851,78.963570
9,222,0.266866,0.060851,78.675131
10,222,0.266866,0.068269,78.197913
1,223,0.266866,0.017265,69.106173
2,223,0.266866,0.017876,69.866960
3,223,0.266866,0.017969,69.703275
4,223,0.266866,0.018638,70.119966
5,223,0.266866,0.017814,70.157379
6,223,0.266866,0.018251,70.005314
7,223,0.266866,0.018271,69.732066
8,223,0.266866,0.017723,69.516443
9,223,0.266866,0.017659,69.794027
10,223,0.266866,0.017759,69.650851
1,224,0.266866,0.013321,78.111404
2,224,0.266866,0.013321,78.111404
3,224,0.266866,0.014157,77.050479
4,224,0.266866,0.013964,77.090763
5,224,0.266866,0.013829,77.372220
6,224,0.266866,0.014389,77.871210
7,224,0.266866,0.014733,76.612987
8,224,0.266866,0.014750,75.925263
9,224,0.266866,0.015298,77.500179
10,224,0.266866,0.014123,78.043893
1,225,0.268659,0.010793,71.067608
2,225,0.268659,0.010719,71.566783
3,225,0.268659,0.010915,71.723274
4,225,0.268659,0.010037,71.104473
5,225,0.268659,0.010489,70.971108
6,225,0.268659,0.010253,72.021223
7,225,0.268659,0.010387,72.205642
8,225,0.268659,0.011148,71.634406
9,225,0.268659,0.011112,71.432140
10,225,0.268659,0.010014,70.904173
1,226,0.266866,0.049500,64.421224
2,226,0.266866,0.049500,64.421224
3,226,0.266866,0.049500,64.421224
4,226,0.266866,0.049627,64.320598
5,226,0.266866,0.049627,64.320598
6,226,0.266866,0.049627,64.320598
7,226,0.266866,0.048949,64.320598
8,226,0.266866,0.048671,64.320598
9,226,0.266866,0.049146,64.320598
10,226,0.266866,0.049146,64.320598
1,227,0.266866,0.017955,70.390105
2,227,0.266866,0.017949,70.611462
3,227,0.266866,0.016220,70.543218
4,227,0.266866,0.016938,70.624095
5,227,0.266866,0.018135,70.580451
6,227,0.266866,0.017015,70.679304
7,227,0.266866,0.016948,70.348185
8,227,0.266866,0.017291,70.901416
9,227,0.266866,0.019449,70.936245
10,227,0.266866,0.017715,70.332277
1,228,0.266866,0.019179,70.669338
2,228,0.266866,0.018728,70.728976
3,228,0.266866,0.018728,70.728976
4,228,0.266866,0.019957,70.451544
5,228,0.266866,0.018514,70.717451
6,228,0.266866,0.018966,70.364653
7,228,0.266866,0.018966,70.568703
8,228,0.266866,0.018079,70.462339
9,228,0.266866,0.016909,70.181659
10,228,0.266866,0.017858,70.654880
1,229,0.266866,0.020842,65.253383
2,229,0.266866,0.020501,64.846769
3,229,0.266866,0.020493,64.846769
4,229,0.266866,0.020464,64.846769
5,229,0.266866,0.020464,64.846769
6,229,0.266866,0.020464,64.669536
7,229,0.266866,0.020464,64.945935
8,229,0.266866,0.020464,64.911334
9,229,0.266866,0.020464,64.902807
10,229,0.266866,0.020307,64.809635
1,230,0.266866,0.042924,81.987841
2,230,0.266866,0.042588,81.987841
3,230,0.266866,0.044437,82.048428
4,230,0.266866,0.049423,82.176729
5,230,0.266866,0.040659,82.301717
6,230,0.266866,0.039050,82.223122
7,230,0.266866,0.042132,82.422062
8,230,0.266866,0.041132,81.886721
9,230,0.266866,0.043082,81.843457
10,230,0.266866,0.043680,82.456157
1,231,0.266866,0.035260,69.752606
2,231,0.266866,0.033789,69.752606
3,231,0.266866,0.036674,69.687552
4,231,0.266866,0.036471,69.687552
5,231,0.266866,0.038160,69.706041
6,231,0.266866,0.037523,69.723679
7,231,0.266866,0.034998,69.644544
8,231,0.266866,0.035271,69.314232
9,231,0.266866,0.035271,69.314232
10,231,0.266866,0.035238,69.305698
1,232,0.269928,0.056900,71.009932
2,232,0.269928,0.056900,71.009932
3,232,0.269928,0.056900,71.009932
4,232,0.269928,0.056891,70.965736
5,232,0.269928,0.057838,70.857198
6,232,0.269928,0.057838,70.844339
7,232,0.269928,0.054833,70.844339
8,232,0.269928,0.056424,70.769365
9,232,0.269928,0.054702,70.675176
10,232,0.269928,0.054702,70.675176
1,233,0.266866,0.047777,64.381991
2,233,0.266866,0.047777,64.381991
3,233,0.266866,0.047777,64.381991
4,233,0.266866,0.047777,64.381991
5,233,0.266866,0.047777,64.381991
6,233,0.266866,0.047777,64.389141
7,233,0.266866,0.047777,64.389141
8,233,0.266866,0.047777,64.389141
9,233,0.266866,0.046492,64.304371
10,233,0.266866,0.046659,64.227405
1,234,0.266866,0.031712,62.955967
2,234,0.266866,0.032235,62.955967
3,234,0.266866,0.032235,62.978727
4,234,0.266866,0.032683,63.140150
5,234,0.266866,0.032737,62.881731
6,234,0.266866,0.032582,62.881731
7,234,0.266866,0.032582,62.881731
8,234,0.266866,0.032582,62.881731
9,234,0.266866,0.032626,62.827361
10,234,0.266866,0.032440,62.827361
1,235,0.265448,0.021339,62.772349
2,235,0.265448,0.021339,62.772349
3,235,0.265448,0.021339,62.772349
4,235,0.265448,0.021619,63.021954
5,235,0.265448,0.021619,63.021954
6,235,0.265448,0.020517,62.145684
7,235,0.265448,0.020517,62.145684
8,235,0.265448,0.020366,62.342644
9,235,0.265448,0.021179,62.546328
10,235,0.265448,0.021179,62.714636
1,236,0.266866,0.035336,72.067989
2,236,0.266866,0.034197,71.718058
3,236,0.266866,0.034197,71.877200
4,236,0.266866,0.034197,71.766471
5,236,0.266866,0.034197,71.766471
6,236,0.266866,0.035131,72.018887
7,236,0.266866,0.035131,71.983635
8,236,0.266866,0.035131,71.983635
9,236,0.266866,0.034963,71.983635
10,236,0.266866,0.033691,71.759112
1,237,0.266866,0.050165,60.631253
2,237,0.266866,0.051940,60.727569
3,237,0.266866,0.050554,60.632481
4,237,0.266866,0.049082,60.753208
5,237,0.266866,0.047314,60.252741
6,237,0.266866,0.047314,60.298877
7,237,0.266866,0.048202,60.472959
8,237,0.266866,0.048202,60.472959
9,237,0.266866,0.048202,60.585496
10,237,0.266866,0.048202,60.519336
1,238,0.266866,0.038913,75.761352
2,238,0.266866,0.039197,75.597006
3,238,0.266866,0.039077,75.905242
4,238,0.266866,0.040265,75.517664
5,238,0.266866,0.035411,75.835548
6,238,0.266866,0.035204,75.861809
7,238,0.266866,0.036714,75.703374
8,238,0.266866,0.038955,75.715397
9,238,0.266866,0.039513,75.813561
10,238,0.266866,0.041256,75.695871
1,239,0.266866,0.030697,73.632399
2,239,0.266866,0.030697,73.632399
3,239,0.266866,0.030105,73.627985
4,239,0.266866,0.030891,73.700693
5,239,0.266866,0.030891,73.701759
6,239,0.266866,0.030663,73.753972
7,239,0.266866,0.030663,73.753972
8,239,0.266866,0.030797,73.835758
9,239,0.266866,0.029664,73.254161
10,239,0.266866,0.029664,73.254161
1,240,0.266866,0.018169,68.487487
2,240,0.266866,0.018169,68.959428
3,240,0.266866,0.017940,68.869841
4,240,0.266866,0.019361,68.869841
5,240,0.266866,0.019463,68.778926
6,240,0.266866,0.020278,69.130090
7,240,0.266866,0.019298,68.803620
8,240,0.266866,0.019298,68.803620
9,240,0.266866,0.018342,68.803620
10,240,0.266866,0.017498,68.281604
1,241,0.265704,0.025552,59.401344
2,241,0.265704,0.025007,59.042650
3,241,0.265704,0.025975,59.533858
4,241,0.265704,0.025975,59.533858
5,241,0.265704,0.026546,59.916033
6,241,0.265704,0.026760,59.709163
7,241,0.265704,0.026760,59.668070
8,241,0.265704,0.026352,59.575219
9,241,0.265704,0.026323,59.707714
10,241,0.265704,0.026633,59.960696
1,242,0.266866,0.028422,71.228297
2,242,0.266866,0.028422,70.971629
3,242,0.266866,0.028422,71.174953
4,242,0.266866,0.028324,71.372747
5,242,0.266866,0.028324,71.348265
6,242,0.266866,0.028393,71.348265
7,242,0.266866,0.028846,71.531050
8,242,0.266866,0.028846,71.504789
9,242,0.266866,0.028203,71.027827
10,242,0.266866,0.028899,71.589645
1,243,0.266866,0.023719,78.497732
2,243,0.266866,0.021618,79.096245
3,243,0.266866,0.021743,79.130824
4,243,0.266866,0.021596,79.214487
5,243,0.266866,0.020634,78.934160
6,243,0.266866,0.022362,79.120963
7,243,0.266866,0.021489,79.108336
8,243,0.266866,0.022521,79.014092
9,243,0.266866,0.018879,79.113908
10,243,0.266866,0.019399,79.113908
1,244,0.266866,0.019391,70.627047
2,244,0.266866,0.019391,70.705863
3,244,0.266866,0.019391,70.705863
4,244,0.266866,0.019676,71.286415
5,244,0.266866,0.020578,70.938189
6,244,0.266866,0.019386,70.796670
7,244,0.266866,0.019386,70.483584
8,244,0.266866,0.019386,70.598740
9,244,0.266866,0.019386,70.802082
10,244,0.266866,0.020302,71.395469
1,245,0.267841,0.018757,61.513432
2,245,0.267841,0.018342,61.658053
3,245,0.267841,0.018456,61.770072
4,245,0.267841,0.018420,61.465674
5,245,0.267841,0.018304,61.232951
6,245,0.267841,0.017755,61.232951
7,245,0.267841,0.017510,60.637012
8,245,0.267841,0.017934,61.113297
9,245,0.267841,0.019273,61.734119
10,245,0.267841,0.019273,61.460238
1,246,0.266866,0.051686,69.278196
2,246,0.266866,0.051686,69.177377
3,246,0.266866,0.051686,69.177377
4,246,0.266866,0.051686,69.271881
5,246,0.266866,0.051374,69.204925
6,246,0.266866,0.051374,69.204925
7,246,0.266866,0.051374,69.204925
8,246,0.266866,0.051374,69.204925
9,246,0.266866,0.051374,69.204925
10,246,0.266866,0.051872,69.204925
1,247,0.265633,0.014035,70.223784
2,247,0.265633,0.014031,70.269853
3,247,0.265633,0.014326,70.337631
4,247,0.265633,0.014422,70.121678
5,247,0.265633,0.014379,70.511942
6,247,0.265633,0.014463,70.286810
7,247,0.265633,0.013866,70.487022
8,247,0.265633,0.014390,70.446498
9,247,0.265633,0.014666,70.231030
10,247,0.265633,0.014666,70.231030
1,248,0.266866,0.029260,69.148488
2,248,0.266866,0.028710,69.138018
3,248,0.266866,0.028710,69.218552
4,248,0.266866,0.031369,69.548357
5,248,0.266866,0.029834,69.304185
6,248,0.266866,0.029834,69.304185
7,248,0.266866,0.029834,69.304185
8,248,0.266866,0.029834,69.304185
9,248,0.266866,0.030097,69.304185
10,248,0.266866,0.029519,69.304185
1,249,0.268403,0.043525,61.277204
2,249,0.268403,0.042556,60.987216
3,249,0.268403,0.042556,60.987216
4,249,0.268403,0.042556,60.680948
5,249,0.268403,0.043492,60.820244
6,249,0.268403,0.042206,60.838109
7,249,0.268403,0.041871,60.542566
8,249,0.268403,0.042025,60.812766
9,249,0.268403,0.042025,60.812766
10,249,0.268403,0.041599,60.806172
1,250,0.267798,0.042235,61.257794
2,250,0.267798,0.042235,61.257794
3,250,0.267798,0.044981,61.818674
4,250,0.267798,0.044981,61.574029
5,250,0.267798,0.043905,61.571300
6,250,0.267798,0.043905,61.571300
7,250,0.267798,0.043905,61.571300
8,250,0.267798,0.044131,61.571300
9,250,0.267798,0.044131,61.527511
10,250,0.267798,0.044131,61.527511