rep,id,eta_p0,eta_alpha,eta_tau
1,1,0.000000,-0.234382,0.028584
2,1,0.000000,-0.311243,0.550904
3,1,0.000000,-0.263625,-0.029864
4,1,0.000000,-0.224042,0.207060
5,1,0.000000,-0.209536,0.100633
6,1,0.000000,-0.227179,0.263844
7,1,0.000000,-0.245259,0.373278
8,1,0.000000,-0.245259,0.373278
9,1,0.000000,-0.245259,0.240337
10,1,0.000000,-0.197946,0.234419
1,2,0.000000,0.199988,2.419018
2,2,0.000000,0.199988,2.419018
3,2,0.000000,0.185217,2.291235
4,2,0.000000,0.144490,2.323281
5,2,0.000000,0.145982,2.323281
6,2,0.000000,0.228402,2.619379
7,2,0.000000,0.228402,2.619379
8,2,0.000000,0.207938,2.550158
9,2,0.000000,0.207938,2.550158
10,2,0.000000,0.232932,2.550158
1,3,0.000000,-0.539671,1.727446
2,3,0.000000,-0.530025,2.242166
3,3,0.000000,-0.479546,2.053589
4,3,0.000000,-0.518906,2.202165
5,3,0.000000,-0.491265,2.288456
6,3,0.000000,-0.475080,2.082743
7,3,0.000000,-0.485255,2.460946
8,3,0.000000,-0.485255,2.219293
9,3,0.000000,-0.506649,2.588356
10,3,0.000000,-0.503904,2.262221
1,4,0.000000,0.280419,-8.038523
2,4,0.000000,0.280419,-8.151753
3,4,0.000000,0.280419,-8.278074
4,4,0.000000,0.266991,-8.278074
5,4,0.000000,0.266991,-8.278074
6,4,0.000000,0.266991,-8.278074
7,4,0.000000,0.252828,-8.544412
8,4,0.000000,0.252828,-8.544412
9,4,0.000000,0.191951,-8.579696
10,4,0.000000,0.220198,-8.465570
1,5,0.000000,-0.195267,5.014854
2,5,0.000000,-0.195267,5.014854
3,5,0.000000,-0.195267,4.892824
4,5,0.000000,-0.224781,4.930612
5,5,0.000000,-0.180969,4.842934
6,5,0.000000,-0.181491,4.807304
7,5,0.000000,-0.172174,4.994427
8,5,0.000000,-0.196260,5.149963
9,5,0.000000,-0.185876,5.009869
10,5,0.000000,-0.186507,5.120607
1,6,0.000000,0.617340,-11.197205
2,6,0.000000,0.629137,-11.253831
3,6,0.000000,0.629137,-11.152622
4,6,0.000000,0.650440,-11.152622
5,6,0.000000,0.650440,-11.131620
6,6,0.000000,0.671509,-10.930190
7,6,0.000000,0.671509,-10.841904
8,6,0.000000,0.687075,-10.926015
9,6,0.000000,0.652780,-10.926015
10,6,0.000000,0.652780,-10.926015
1,7,0.000000,0.095952,-8.227979
2,7,0.000000,0.082012,-8.375852
3,7,0.000000,0.082012,-8.375852
4,7,0.000000,0.073169,-8.375852
5,7,0.000000,0.073169,-8.375852
6,7,0.000000,0.081694,-8.356730
7,7,0.000000,0.050610,-8.163146
8,7,0.000000,0.050610,-8.163146
9,7,0.000000,0.050610,-8.163146
10,7,0.000000,0.099455,-8.230819
1,8,0.000000,0.058728,-12.985810
2,8,0.000000,0.087757,-12.748575
3,8,0.000000,0.087757,-12.748575
4,8,0.000000,0.090077,-12.945097
5,8,0.000000,0.090077,-12.945097
6,8,0.000000,0.090833,-12.370212
7,8,0.000000,0.090833,-12.729576
8,8,0.000000,0.081316,-12.729576
9,8,0.000000,0.099154,-12.981858
10,8,0.000000,0.099154,-13.035773
1,9,0.000000,0.174245,-7.666714
2,9,0.000000,0.174245,-7.666714
3,9,0.000000,0.174245,-7.539496
4,9,0.000000,0.180511,-7.539496
5,9,0.000000,0.212292,-7.539496
6,9,0.000000,0.233474,-7.481809
7,9,0.000000,0.233474,-7.481809
8,9,0.000000,0.233474,-7.481809
9,9,0.000000,0.233474,-7.481809
10,9,0.000000,0.235012,-7.182417
1,10,0.000000,-0.592956,5.845859
2,10,0.000000,-0.726698,5.540960
3,10,0.000000,-0.694705,5.427481
4,10,0.000000,-0.673322,5.744321
5,10,0.000000,-0.643670,5.735568
6,10,0.000000,-0.634058,5.981064
7,10,0.000000,-0.664659,5.969927
8,10,0.000000,-0.703994,6.001966
9,10,0.000000,-0.703994,5.654995
10,10,0.000000,-0.695132,5.559333
1,11,0.000000,0.844703,-5.918368
2,11,0.000000,0.775554,-6.184293
3,11,0.000000,0.789163,-5.934211
4,11,0.000000,0.801778,-5.663441
5,11,0.000000,0.715241,-5.901417
6,11,0.000000,0.760994,-6.086934
7,11,0.000000,0.828246,-6.013526
8,11,0.000000,0.824631,-5.887878
9,11,0.000000,0.863236,-6.137083
10,11,0.000000,0.862146,-6.137083
1,12,0.000000,0.046224,4.124109
2,12,0.000000,0.006161,4.187236
3,12,0.000000,0.043645,4.187236
4,12,0.000000,0.060216,4.225300
5,12,0.000000,0.069495,4.394788
6,12,0.000000,0.024466,4.334385
7,12,0.000000,-0.019811,4.334385
8,12,0.000000,0.027097,4.226548
9,12,0.000000,0.007293,4.168485
10,12,0.000000,-0.006435,4.111257
1,13,0.000000,0.454179,-0.671101
2,13,0.000000,0.454179,-0.671101
3,13,0.000000,0.454179,-0.728874
4,13,0.000000,0.450568,-0.728874
5,13,0.000000,0.450568,-0.728874
6,13,0.000000,0.468125,-0.552076
7,13,0.000000,0.480365,-0.543693
8,13,0.000000,0.480365,-0.543693
9,13,0.000000,0.428070,-0.678218
10,13,0.000000,0.429496,-0.678218
1,14,0.000000,0.729433,-3.351387
2,14,0.000000,0.734720,-3.223136
3,14,0.000000,0.734720,-3.223136
4,14,0.000000,0.734720,-3.118499
5,14,0.000000,0.734720,-3.118499
6,14,0.000000,0.753905,-3.118499
7,14,0.000000,0.773962,-2.941345
8,14,0.000000,0.774687,-2.941345
9,14,0.000000,0.774687,-3.316721
10,14,0.000000,0.730533,-3.316721
1,15,0.000000,0.377428,10.148612
2,15,0.000000,0.377428,10.148612
3,15,0.000000,0.387452,10.323888
4,15,0.000000,0.376792,10.268141
5,15,0.000000,0.332425,10.268141
6,15,0.000000,0.318288,10.308665
7,15,0.000000,0.318288,10.308665
8,15,0.000000,0.287886,10.247406
9,15,0.000000,0.246210,10.266327
10,15,0.000000,0.343447,10.269795
1,16,0.000000,-0.084427,-12.965800
2,16,0.000000,-0.048077,-12.605636
3,16,0.000000,-0.093608,-12.889800
4,16,0.000000,-0.093608,-12.889800
5,16,0.000000,-0.093608,-12.889800
6,16,0.000000,-0.093608,-12.892643
7,16,0.000000,-0.093608,-12.967918
8,16,0.000000,-0.093608,-12.967918
9,16,0.000000,-0.072992,-12.711754
10,16,0.000000,-0.051224,-12.553851
1,17,0.000000,0.308446,0.688042
2,17,0.000000,0.269426,0.451999
3,17,0.000000,0.267569,0.495179
4,17,0.000000,0.267569,0.495179
5,17,0.000000,0.253946,0.415236
6,17,0.000000,0.278815,0.311832
7,17,0.000000,0.278815,0.529271
8,17,0.000000,0.278815,0.529271
9,17,0.000000,0.242865,0.586722
10,17,0.000000,0.242865,0.586722
1,18,0.000000,-0.035248,-13.377745
2,18,0.000000,-0.020413,-13.558766
3,18,0.000000,-0.011249,-13.670355
4,18,0.000000,-0.004576,-13.606261
5,18,0.000000,-0.004576,-13.497471
6,18,0.000000,-0.021901,-13.770223
7,18,0.000000,-0.034027,-13.488493
8,18,0.000000,-0.034027,-13.387502
9,18,0.000000,0.017346,-13.596294
10,18,0.000000,-0.013005,-13.963752
1,19,0.000000,0.105314,5.212534
2,19,0.000000,0.117311,5.238607
3,19,0.000000,0.080902,5.288639
4,19,0.000000,0.088343,4.934349
5,19,0.000000,0.061439,4.924273
6,19,0.000000,0.061439,4.924273
7,19,0.000000,0.061439,4.924273
8,19,0.000000,0.039838,4.756119
9,19,0.000000,0.021001,4.756119
10,19,0.000000,0.021001,4.628843
1,20,0.000000,-0.019710,-6.959137
2,20,0.000000,-0.019710,-6.959137
3,20,0.000000,-0.019710,-6.959137
4,20,0.000000,-0.001075,-6.960936
5,20,0.000000,0.014121,-6.785556
6,20,0.000000,0.008826,-6.828283
7,20,0.000000,0.002496,-6.838188
8,20,0.000000,-0.001418,-6.838870
9,20,0.000000,-0.001418,-6.838870
10,20,0.000000,-0.001418,-6.895257
1,21,0.000000,0.103630,-4.824585
2,21,0.000000,0.078266,-4.823233
3,21,0.000000,0.070404,-4.823233
4,21,0.000000,0.070404,-4.785897
5,21,0.000000,0.080876,-4.893679
6,21,0.000000,0.080876,-4.893679
7,21,0.000000,0.048894,-4.854833
8,21,0.000000,0.019836,-4.965610
9,21,0.000000,0.019836,-4.914519
10,21,0.000000,0.019836,-4.914519
1,22,0.000000,-0.946438,8.132404
2,22,0.000000,-1.012897,7.858778
3,22,0.000000,-1.045709,8.006242
4,22,0.000000,-1.031541,6.929719
5,22,0.000000,-1.057609,7.907279
6,22,0.000000,-1.066099,8.207233
7,22,0.000000,-1.013272,7.579465
8,22,0.000000,-0.956538,7.804362
9,22,0.000000,-1.004698,7.752008
10,22,0.000000,-0.890835,6.761994
1,23,0.000000,-0.261269,-2.316423
2,23,0.000000,-0.287806,-2.669884
3,23,0.000000,-0.290336,-2.631976
4,23,0.000000,-0.290336,-2.631976
5,23,0.000000,-0.307819,-2.790320
6,23,0.000000,-0.325798,-2.790320
7,23,0.000000,-0.326748,-2.677561
8,23,0.000000,-0.326748,-2.677561
9,23,0.000000,-0.259268,-2.155275
10,23,0.000000,-0.248906,-2.492106
1,24,0.000000,-1.123037,6.956504
2,24,0.000000,-1.106788,6.371947
3,24,0.000000,-1.180623,7.404692
4,24,0.000000,-1.207103,7.541087
5,24,0.000000,-1.163348,6.426857
6,24,0.000000,-1.204591,6.202502
7,24,0.000000,-1.159235,7.044227
8,24,0.000000,-1.237286,7.047730
9,24,0.000000,-1.196139,7.337920
10,24,0.000000,-1.316738,7.934906
1,25,0.000000,-0.135494,3.290493
2,25,0.000000,-0.256894,3.724991
3,25,0.000000,-0.266248,3.827502
4,25,0.000000,-0.238846,3.385625
5,25,0.000000,-0.213677,3.805315
6,25,0.000000,-0.182002,3.221084
7,25,0.000000,-0.182002,3.729682
8,25,0.000000,-0.255704,3.445500
9,25,0.000000,-0.255704,3.445500
10,25,0.000000,-0.255704,3.445500
1,26,0.000000,0.748842,3.924743
2,26,0.000000,0.710920,3.924743
3,26,0.000000,0.673488,4.005442
4,26,0.000000,0.558680,4.041289
5,26,0.000000,0.662965,3.800166
6,26,0.000000,0.724379,3.936843
7,26,0.000000,0.724379,3.840826
8,26,0.000000,0.749539,3.895123
9,26,0.000000,0.717215,3.895123
10,26,0.000000,0.693600,3.895123
1,27,0.000000,-0.291244,-2.584461
2,27,0.000000,-0.306864,-2.866753
3,27,0.000000,-0.255798,-2.858844
4,27,0.000000,-0.356843,-3.253322
5,27,0.000000,-0.302501,-2.663919
6,27,0.000000,-0.318678,-3.100846
7,27,0.000000,-0.318678,-3.100846
8,27,0.000000,-0.319856,-3.024745
9,27,0.000000,-0.321243,-3.024745
10,27,0.000000,-0.321243,-2.972935
1,28,0.000000,0.288603,1.120518
2,28,0.000000,0.288603,1.120518
3,28,0.000000,0.255651,0.861441
4,28,0.000000,0.251611,0.733628
5,28,0.000000,0.251611,0.733628
6,28,0.000000,0.255837,0.733628
7,28,0.000000,0.242863,0.730435
8,28,0.000000,0.253344,0.650998
9,28,0.000000,0.270416,1.033001
10,28,0.000000,0.270416,1.033001
1,29,0.000000,0.605308,7.286234
2,29,0.000000,0.605308,7.286234
3,29,0.000000,0.601005,7.324281
4,29,0.000000,0.601005,7.324281
5,29,0.000000,0.601005,7.324281
6,29,0.000000,0.601005,7.324281
7,29,0.000000,0.601005,7.324281
8,29,0.000000,0.601005,7.324281
9,29,0.000000,0.601005,7.305156
10,29,0.000000,0.601005,7.305156
1,30,0.000000,-0.425553,-3.696613
2,30,0.000000,-0.425553,-3.696613
3,30,0.000000,-0.418344,-3.664595
4,30,0.000000,-0.418344,-3.567158
5,30,0.000000,-0.418344,-3.642720
6,30,0.000000,-0.418344,-3.642720
7,30,0.000000,-0.418344,-3.642720
8,30,0.000000,-0.391411,-3.136958
9,30,0.000000,-0.380537,-3.237632
10,30,0.000000,-0.380537,-3.372993
1,31,0.000000,0.468913,-6.595425
2,31,0.000000,0.556003,-6.465116
3,31,0.000000,0.491181,-6.465116
4,31,0.000000,0.536886,-6.526939
5,31,0.000000,0.536886,-6.526939
6,31,0.000000,0.451770,-6.682087
7,31,0.000000,0.466929,-6.682087
8,31,0.000000,0.466929,-6.737276
9,31,0.000000,0.510097,-6.631227
10,31,0.000000,0.493286,-6.752780
1,32,0.000000,0.373122,1.294733
2,32,0.000000,0.347919,1.294733
3,32,0.000000,0.347919,1.294733
4,32,0.000000,0.326747,0.998750
5,32,0.000000,0.357175,1.205291
6,32,0.000000,0.357175,1.241869
7,32,0.000000,0.330468,1.461103
8,32,0.000000,0.393194,1.461103
9,32,0.000000,0.353457,1.193795
10,32,0.000000,0.353457,1.243477
1,33,0.000000,-0.260684,1.421124
2,33,0.000000,-0.160889,1.421124
3,33,0.000000,-0.064450,1.661169
4,33,0.000000,-0.061921,1.244031
5,33,0.000000,-0.165661,1.244031
6,33,0.000000,-0.072598,1.250639
7,33,0.000000,-0.103889,1.250639
8,33,0.000000,-0.254203,1.903608
9,33,0.000000,-0.254203,1.861947
10,33,0.000000,-0.283026,1.989513
1,34,0.000000,0.128420,-4.511929
2,34,0.000000,0.128420,-4.612228
3,34,0.000000,0.128420,-4.612228
4,34,0.000000,0.128420,-4.612228
5,34,0.000000,0.128420,-4.612228
6,34,0.000000,0.128420,-4.612228
7,34,0.000000,0.149135,-4.612228
8,34,0.000000,0.149135,-4.575961
9,34,0.000000,0.120424,-4.746918
10,34,0.000000,0.146098,-4.538197
1,35,0.000000,0.153399,2.266474
2,35,0.000000,0.108088,2.339833
3,35,0.000000,0.107611,2.102236
4,35,0.000000,0.107611,2.212521
5,35,0.000000,0.107611,2.212521
6,35,0.000000,0.107611,2.212521
7,35,0.000000,0.082623,2.295491
8,35,0.000000,0.153068,2.292190
9,35,0.000000,0.153068,2.098215
10,35,0.000000,0.108594,2.147183
1,36,0.000000,0.022784,-3.000091
2,36,0.000000,-0.031544,-2.884610
3,36,0.000000,-0.051508,-3.278679
4,36,0.000000,-0.044046,-3.278679
5,36,0.000000,-0.044046,-3.107386
6,36,0.000000,-0.044046,-3.107386
7,36,0.000000,-0.051674,-3.124826
8,36,0.000000,-0.109574,-3.288351
9,36,0.000000,0.016290,-3.288351
10,36,0.000000,-0.048564,-3.373185
1,37,0.000000,-0.286897,-7.100701
2,37,0.000000,-0.286897,-7.094605
3,37,0.000000,-0.292353,-7.094605
4,37,0.000000,-0.311723,-7.311908
5,37,0.000000,-0.360397,-7.488984
6,37,0.000000,-0.360397,-7.869378
7,37,0.000000,-0.362978,-7.869378
8,37,0.000000,-0.380145,-7.803722
9,37,0.000000,-0.391497,-8.012449
10,37,0.000000,-0.391497,-8.012449
1,38,0.000000,0.613498,-4.034689
2,38,0.000000,0.613498,-4.034689
3,38,0.000000,0.650847,-3.352098
4,38,0.000000,0.664233,-3.485215
5,38,0.000000,0.681655,-3.355785
6,38,0.000000,0.635375,-3.933469
7,38,0.000000,0.609117,-3.727764
8,38,0.000000,0.609117,-3.701344
9,38,0.000000,0.595943,-4.076596
10,38,0.000000,0.638808,-3.519664
1,39,0.000000,-0.115526,1.386508
2,39,0.000000,-0.074213,1.447114
3,39,0.000000,-0.095303,1.321744
4,39,0.000000,-0.046841,1.062610
5,39,0.000000,-0.055901,1.062610
6,39,0.000000,-0.072321,1.255266
7,39,0.000000,-0.035615,0.851329
8,39,0.000000,-0.069722,1.520999
9,39,0.000000,-0.070164,1.411938
10,39,0.000000,-0.012320,1.294789
1,40,0.000000,0.596611,-5.851410
2,40,0.000000,0.596611,-5.851410
3,40,0.000000,0.605386,-5.851410
4,40,0.000000,0.605386,-5.851410
5,40,0.000000,0.605386,-5.851410
6,40,0.000000,0.616624,-5.770673
7,40,0.000000,0.616624,-5.770673
8,40,0.000000,0.629015,-6.051675
9,40,0.000000,0.596261,-6.141791
10,40,0.000000,0.597457,-6.141791
1,41,0.000000,-0.392306,-1.744571
2,41,0.000000,-0.309781,-1.744571
3,41,0.000000,-0.299557,-1.406468
4,41,0.000000,-0.308562,-1.622372
5,41,0.000000,-0.320125,-1.622372
6,41,0.000000,-0.320125,-1.703148
7,41,0.000000,-0.358676,-1.728968
8,41,0.000000,-0.415763,-1.944942
9,41,0.000000,-0.381290,-1.812986
10,41,0.000000,-0.389791,-1.640703
1,42,0.000000,0.956929,-1.286764
2,42,0.000000,0.916724,-1.316143
3,42,0.000000,0.916724,-1.316143
4,42,0.000000,0.916724,-1.316143
5,42,0.000000,0.880783,-1.321228
6,42,0.000000,0.882904,-1.600725
7,42,0.000000,0.886477,-1.333531
8,42,0.000000,0.960795,-1.333531
9,42,0.000000,0.972755,-1.333531
10,42,0.000000,0.899494,-1.377124
1,43,0.000000,0.470754,0.557892
2,43,0.000000,0.470754,0.557892
3,43,0.000000,0.470754,0.641718
4,43,0.000000,0.421020,0.537317
5,43,0.000000,0.421020,0.537317
6,43,0.000000,0.454448,0.556097
7,43,0.000000,0.454448,0.556097
8,43,0.000000,0.454448,0.556097
9,43,0.000000,0.450220,0.669058
10,43,0.000000,0.467821,0.649090
1,44,0.000000,0.118339,-10.942621
2,44,0.000000,0.118339,-10.945587
3,44,0.000000,0.118339,-10.945587
4,44,0.000000,0.144205,-10.823327
5,44,0.000000,0.149750,-10.654818
6,44,0.000000,0.121601,-10.794803
7,44,0.000000,0.121601,-11.047369
8,44,0.000000,0.111887,-11.122813
9,44,0.000000,0.111887,-11.111713
10,44,0.000000,0.111887,-11.111713
1,45,0.000000,0.545401,0.495722
2,45,0.000000,0.512051,0.388567
3,45,0.000000,0.512051,0.388567
4,45,0.000000,0.512051,0.367157
5,45,0.000000,0.512051,0.367157
6,45,0.000000,0.512051,0.367157
7,45,0.000000,0.512051,0.367157
8,45,0.000000,0.482260,0.232132
9,45,0.000000,0.502153,0.171010
10,45,0.000000,0.450165,0.171010
1,46,0.000000,0.160784,-3.534072
2,46,0.000000,0.167564,-3.534072
3,46,0.000000,0.167564,-3.534072
4,46,0.000000,0.167564,-3.534072
5,46,0.000000,0.167564,-3.638684
6,46,0.000000,0.162889,-3.638684
7,46,0.000000,0.162889,-3.638684
8,46,0.000000,0.162889,-3.743722
9,46,0.000000,0.161882,-3.332159
10,46,0.000000,0.199913,-3.287461
1,47,0.000000,0.453382,0.258496
2,47,0.000000,0.453382,0.258496
3,47,0.000000,0.453382,0.273848
4,47,0.000000,0.453382,0.273848
5,47,0.000000,0.453382,0.181537
6,47,0.000000,0.453382,0.181537
7,47,0.000000,0.453382,0.181537
8,47,0.000000,0.469054,0.283032
9,47,0.000000,0.428388,0.178311
10,47,0.000000,0.428388,0.178311
1,48,0.000000,-0.362145,3.680816
2,48,0.000000,-0.391994,3.090621
3,48,0.000000,-0.374218,3.349370
4,48,0.000000,-0.365913,3.349370
5,48,0.000000,-0.360825,3.404649
6,48,0.000000,-0.360825,3.404649
7,48,0.000000,-0.321351,3.863392
8,48,0.000000,-0.353731,3.491133
9,48,0.000000,-0.325730,3.645341
10,48,0.000000,-0.309504,3.557964
1,49,0.000000,0.458021,3.942681
2,49,0.000000,0.465919,3.949894
3,49,0.000000,0.375805,3.860513
4,49,0.000000,0.313613,3.950585
5,49,0.000000,0.293015,4.054585
6,49,0.000000,0.288096,4.054585
7,49,0.000000,0.265600,3.860083
8,49,0.000000,0.397365,4.201013
9,49,0.000000,0.397365,4.253422
10,49,0.000000,0.446702,4.083071
1,50,0.000000,0.563250,0.564313
2,50,0.000000,0.563250,0.564313
3,50,0.000000,0.563250,0.229193
4,50,0.000000,0.563250,0.513237
5,50,0.000000,0.601549,0.537697
6,50,0.000000,0.557297,0.562454
7,50,0.000000,0.554949,0.443351
8,50,0.000000,0.554949,0.443351
9,50,0.000000,0.555624,0.441035
10,50,0.000000,0.555624,0.441035
1,51,0.000000,0.113686,-2.540415
2,51,0.000000,0.114296,-2.540415
3,51,0.000000,0.099985,-2.322851
4,51,0.000000,0.099922,-2.550086
5,51,0.000000,0.088120,-2.663709
6,51,0.000000,0.088120,-2.663709
7,51,0.000000,0.080121,-2.663709
8,51,0.000000,0.080121,-2.663709
9,51,0.000000,0.080121,-2.663709
10,51,0.000000,0.080121,-2.663709
1,52,0.000000,0.400365,-4.428798
2,52,0.000000,0.400365,-4.428798
3,52,0.000000,0.400365,-4.428798
4,52,0.000000,0.410079,-4.337853
5,52,0.000000,0.410079,-4.337853
6,52,0.000000,0.410079,-4.337853
7,52,0.000000,0.399499,-4.337853
8,52,0.000000,0.413861,-4.337853
9,52,0.000000,0.413861,-4.337853
10,52,0.000000,0.408506,-4.379142
1,53,0.000000,0.243106,-5.707446
2,53,0.000000,0.157331,-6.437681
3,53,0.000000,0.137761,-6.449661
4,53,0.000000,0.152025,-6.323786
5,53,0.000000,0.199732,-6.076571
6,53,0.000000,0.221868,-5.477599
7,53,0.000000,0.249976,-5.477599
8,53,0.000000,0.305389,-5.193771
9,53,0.000000,0.358548,-4.658851
10,53,0.000000,0.358548,-4.658851
1,54,0.000000,-0.046393,2.506505
2,54,0.000000,-0.045127,2.478725
3,54,0.000000,-0.045127,2.430267
4,54,0.000000,-0.080592,2.430267
5,54,0.000000,-0.059493,2.661103
6,54,0.000000,-0.062611,2.312318
7,54,0.000000,-0.062611,2.806278
8,54,0.000000,-0.053016,2.894654
9,54,0.000000,-0.051533,2.808743
10,54,0.000000,-0.028223,2.548022
1,55,0.000000,0.638118,-7.214904
2,55,0.000000,0.638118,-7.265200
3,55,0.000000,0.638118,-7.265200
4,55,0.000000,0.645067,-7.218217
5,55,0.000000,0.645067,-7.218217
6,55,0.000000,0.618298,-7.311602
7,55,0.000000,0.648865,-7.144597
8,55,0.000000,0.648865,-7.144597
9,55,0.000000,0.648865,-7.144597
10,55,0.000000,0.648865,-7.144597
1,56,0.000000,0.542909,0.763123
2,56,0.000000,0.541478,0.763123
3,56,0.000000,0.506470,0.870147
4,56,0.000000,0.506760,0.726409
5,56,0.000000,0.482678,0.767982
6,56,0.000000,0.520608,0.496461
7,56,0.000000,0.477438,0.879098
8,56,0.000000,0.445665,0.785126
9,56,0.000000,0.436820,0.607950
10,56,0.000000,0.436820,0.474735
1,57,0.000000,0.074850,-0.160189
2,57,0.000000,0.074850,-0.207751
3,57,0.000000,0.074850,-0.207751
4,57,0.000000,0.026635,-0.309686
5,57,0.000000,0.121146,0.062805
6,57,0.000000,0.121146,0.062805
7,57,0.000000,0.089784,0.037579
8,57,0.000000,0.017560,-0.501940
9,57,0.000000,0.034024,-0.335024
10,57,0.000000,0.045118,-0.335024
1,58,0.000000,-0.533317,-9.547353
2,58,0.000000,-0.530903,-9.547353
3,58,0.000000,-0.534810,-9.512229
4,58,0.000000,-0.534810,-9.655277
5,58,0.000000,-0.504021,-9.447686
6,58,0.000000,-0.504443,-9.427845
7,58,0.000000,-0.484563,-9.732800
8,58,0.000000,-0.513931,-9.210465
9,58,0.000000,-0.497204,-9.442758
10,58,0.000000,-0.490920,-9.221866
1,59,0.000000,0.148637,6.580454
2,59,0.000000,0.112235,6.652393
3,59,0.000000,0.126469,6.652393
4,59,0.000000,0.126469,6.652393
5,59,0.000000,0.150478,6.616429
6,59,0.000000,0.119541,6.859623
7,59,0.000000,0.114611,6.517396
8,59,0.000000,0.141184,6.517396
9,59,0.000000,0.141184,6.517396
10,59,0.000000,0.113394,6.517396
1,60,0.000000,0.692743,1.456051
2,60,0.000000,0.692743,1.456051
3,60,0.000000,0.650021,1.691182
4,60,0.000000,0.608565,1.374815
5,60,0.000000,0.618528,1.563036
6,60,0.000000,0.615562,1.563036
7,60,0.000000,0.653794,1.448901
8,60,0.000000,0.662657,1.364798
9,60,0.000000,0.662657,1.428207
10,60,0.000000,0.681151,1.376305
1,61,0.000000,0.584255,-6.811703
2,61,0.000000,0.596772,-6.830863
3,61,0.000000,0.596772,-6.830863
4,61,0.000000,0.611148,-6.839754
5,61,0.000000,0.592421,-6.791428
6,61,0.000000,0.592421,-6.791428
7,61,0.000000,0.592421,-6.791428
8,61,0.000000,0.592421,-6.791428
9,61,0.000000,0.580125,-6.880656
10,61,0.000000,0.593468,-6.819470
1,62,0.000000,0.771127,11.129832
2,62,0.000000,0.791796,10.973653
3,62,0.000000,0.791796,10.973653
4,62,0.000000,0.742250,10.973653
5,62,0.000000,0.742250,10.973653
6,62,0.000000,0.788323,11.101054
7,62,0.000000,0.788323,11.101054
8,62,0.000000,0.770612,11.176966
9,62,0.000000,0.792180,11.235298
10,62,0.000000,0.855416,11.219742
1,63,0.000000,-0.665151,-6.127138
2,63,0.000000,-0.665151,-6.648657
3,63,0.000000,-0.665151,-6.648657
4,63,0.000000,-0.664996,-6.269047
5,63,0.000000,-0.653336,-6.603191
6,63,0.000000,-0.605419,-5.743316
7,63,0.000000,-0.601578,-5.992242
8,63,0.000000,-0.601578,-6.218163
9,63,0.000000,-0.597414,-5.797341
10,63,0.000000,-0.597414,-5.539390
1,64,0.000000,0.020291,1.075310
2,64,0.000000,0.029438,1.383725
3,64,0.000000,0.034650,1.344224
4,64,0.000000,0.044901,1.209580
5,64,0.000000,0.059359,1.551531
6,64,0.000000,0.064504,1.558927
7,64,0.000000,0.064504,1.560646
8,64,0.000000,0.064504,1.560646
9,64,0.000000,0.053238,1.628183
10,64,0.000000,0.053238,1.628183
1,65,0.000000,-0.001558,8.479027
2,65,0.000000,0.078913,8.479027
3,65,0.000000,0.078913,8.479027
4,65,0.000000,0.078913,8.479027
5,65,0.000000,0.034130,8.511114
6,65,0.000000,0.025882,8.399154
7,65,0.000000,0.062913,8.560996
8,65,0.000000,0.076605,8.287372
9,65,0.000000,0.024229,8.390207
10,65,0.000000,0.024229,8.354241
1,66,0.000000,0.603332,0.599016
2,66,0.000000,0.610804,0.465908
3,66,0.000000,0.623064,0.734551
4,66,0.000000,0.599158,0.608680
5,66,0.000000,0.569533,0.350751
6,66,0.000000,0.569533,0.263208
7,66,0.000000,0.569533,0.591971
8,66,0.000000,0.569650,0.591971
9,66,0.000000,0.569650,0.591971
10,66,0.000000,0.600589,0.591971
1,67,0.000000,-0.091504,15.768580
2,67,0.000000,0.013850,15.614694
3,67,0.000000,-0.004740,15.249224
4,67,0.000000,-0.039248,15.413925
5,67,0.000000,0.026329,14.958604
6,67,0.000000,0.050771,14.592665
7,67,0.000000,0.032571,15.242621
8,67,0.000000,0.004541,14.837722
9,67,0.000000,0.025330,14.854671
10,67,0.000000,-0.052102,14.978394
1,68,0.000000,-0.373999,5.038257
2,68,0.000000,-0.373999,4.991117
3,68,0.000000,-0.429088,4.703540
4,68,0.000000,-0.440454,4.703540
5,68,0.000000,-0.440454,4.093910
6,68,0.000000,-0.440454,4.093910
7,68,0.000000,-0.506373,4.124176
8,68,0.000000,-0.459009,4.074195
9,68,0.000000,-0.440996,4.235618
10,68,0.000000,-0.456781,4.235618
1,69,0.000000,-0.178091,5.520153
2,69,0.000000,-0.197087,5.392532
3,69,0.000000,-0.196676,5.392532
4,69,0.000000,-0.196676,5.392532
5,69,0.000000,-0.222268,5.485092
6,69,0.000000,-0.231625,5.318028
7,69,0.000000,-0.231625,4.983638
8,69,0.000000,-0.217401,5.097115
9,69,0.000000,-0.220586,5.237801
10,69,0.000000,-0.297734,5.377790
1,70,0.000000,-0.508746,4.494461
2,70,0.000000,-0.537406,4.726622
3,70,0.000000,-0.537406,4.726622
4,70,0.000000,-0.522865,4.690981
5,70,0.000000,-0.471980,4.757878
6,70,0.000000,-0.565334,4.838039
7,70,0.000000,-0.493895,4.305270
8,70,0.000000,-0.498505,4.062249
9,70,0.000000,-0.543574,5.003678
10,70,0.000000,-0.522142,5.201014
1,71,0.000000,-0.837346,5.776265
2,71,0.000000,-0.852452,5.897293
3,71,0.000000,-0.977647,5.897058
4,71,0.000000,-0.832058,5.523833
5,71,0.000000,-0.848350,5.772873
6,71,0.000000,-0.792826,5.721062
7,71,0.000000,-0.836720,5.916975
8,71,0.000000,-0.822682,5.838685
9,71,0.000000,-0.841170,5.838685
10,71,0.000000,-0.841170,5.588672
1,72,0.000000,-0.734192,-3.107666
2,72,0.000000,-0.749437,-3.318533
3,72,0.000000,-0.767967,-2.932581
4,72,0.000000,-0.767528,-3.105196
5,72,0.000000,-0.788464,-3.105196
6,72,0.000000,-0.728797,-2.937452
7,72,0.000000,-0.808944,-3.521464
8,72,0.000000,-0.838677,-3.382292
9,72,0.000000,-0.768227,-3.534180
10,72,0.000000,-0.768227,-2.891519
1,73,0.000000,0.078410,-1.164778
2,73,0.000000,0.083065,-1.130461
3,73,0.000000,0.062059,-0.985767
4,73,0.000000,0.125944,-0.985767
5,73,0.000000,0.125944,-0.784208
6,73,0.000000,0.131102,-0.863593
7,73,0.000000,0.124990,-0.778265
8,73,0.000000,0.081987,-0.728139
9,73,0.000000,0.092746,-1.077118
10,73,0.000000,0.108631,-0.919656
1,74,0.000000,0.239969,5.116163
2,74,0.000000,0.245101,5.017977
3,74,0.000000,0.245101,5.017977
4,74,0.000000,0.207254,5.017977
5,74,0.000000,0.271578,5.017977
6,74,0.000000,0.287453,5.143772
7,74,0.000000,0.197927,5.143772
8,74,0.000000,0.294679,5.003014
9,74,0.000000,0.271668,5.003014
10,74,0.000000,0.271668,5.003014
1,75,0.000000,-0.643020,0.275594
2,75,0.000000,-0.643020,0.275594
3,75,0.000000,-0.649370,0.117727
4,75,0.000000,-0.649370,0.104107
5,75,0.000000,-0.696470,-0.054473
6,75,0.000000,-0.664363,-0.085607
7,75,0.000000,-0.636292,0.213201
8,75,0.000000,-0.636292,0.141720
9,75,0.000000,-0.636292,-0.170784
10,75,0.000000,-0.692599,0.109129
1,76,0.000000,-0.073404,3.586068
2,76,0.000000,-0.045607,3.210399
3,76,0.000000,0.076404,3.210399
4,76,0.000000,0.053761,3.250548
5,76,0.000000,0.053761,3.308466
6,76,0.000000,0.067188,3.400062
7,76,0.000000,-0.044494,3.820037
8,76,0.000000,-0.041284,3.812830
9,76,0.000000,-0.038135,3.739534
10,76,0.000000,-0.030104,3.903236
1,77,0.000000,0.271290,-8.355955
2,77,0.000000,0.252241,-7.926443
3,77,0.000000,0.252241,-8.257670
4,77,0.000000,0.252241,-8.257670
5,77,0.000000,0.252241,-8.257670
6,77,0.000000,0.275401,-8.000281
7,77,0.000000,0.230267,-7.742445
8,77,0.000000,0.279458,-7.970419
9,77,0.000000,0.279458,-7.970419
10,77,0.000000,0.241182,-8.061774
1,78,0.000000,0.555011,4.594024
2,78,0.000000,0.558537,4.721124
3,78,0.000000,0.610978,4.926132
4,78,0.000000,0.611439,4.926132
5,78,0.000000,0.563674,4.809306
6,78,0.000000,0.543590,4.809306
7,78,0.000000,0.543590,4.597947
8,78,0.000000,0.525398,4.597947
9,78,0.000000,0.531969,4.597947
10,78,0.000000,0.523942,4.578797
1,79,0.000000,-0.485927,-3.503948
2,79,0.000000,-0.485927,-3.502259
3,79,0.000000,-0.499409,-3.428694
4,79,0.000000,-0.447219,-3.393735
5,79,0.000000,-0.447219,-3.393735
6,79,0.000000,-0.410008,-3.224504
7,79,0.000000,-0.410008,-3.066582
8,79,0.000000,-0.410008,-3.066582
9,79,0.000000,-0.410008,-3.108425
10,79,0.000000,-0.410008,-3.108425
1,80,0.000000,0.096562,17.734671
2,80,0.000000,0.132077,16.397999
3,80,0.000000,0.338438,15.632976
4,80,0.000000,0.423759,16.286697
5,80,0.000000,0.207616,16.131666
6,80,0.000000,0.193886,15.764766
7,80,0.000000,0.128848,17.634417
8,80,0.000000,0.102848,18.277528
9,80,0.000000,0.027680,18.149889
10,80,0.000000,0.147217,17.373060
1,81,0.000000,-0.461848,-7.932949
2,81,0.000000,-0.489093,-8.196483
3,81,0.000000,-0.421802,-7.396357
4,81,0.000000,-0.397564,-7.459020
5,81,0.000000,-0.397564,-7.459020
6,81,0.000000,-0.409609,-7.360026
7,81,0.000000,-0.412339,-7.561087
8,81,0.000000,-0.424004,-7.548516
9,81,0.000000,-0.424004,-7.486283
10,81,0.000000,-0.406692,-7.456951
1,82,0.000000,-0.283432,0.415101
2,82,0.000000,-0.266324,0.422209
3,82,0.000000,-0.254811,0.454181
4,82,0.000000,-0.226723,0.651112
5,82,0.000000,-0.293399,0.102631
6,82,0.000000,-0.355695,0.102631
7,82,0.000000,-0.324966,0.315496
8,82,0.000000,-0.276595,0.660127
9,82,0.000000,-0.351563,0.044302
10,82,0.000000,-0.351563,-0.004417
1,83,0.000000,-0.195531,-0.418960
2,83,0.000000,-0.193103,-0.524952
3,83,0.000000,-0.202732,-0.524952
4,83,0.000000,-0.113140,-0.455641
5,83,0.000000,-0.257622,-0.009057
6,83,0.000000,-0.362721,0.381031
7,83,0.000000,-0.362721,0.075708
8,83,0.000000,-0.404399,0.359427
9,83,0.000000,-0.357683,0.359427
10,83,0.000000,-0.312453,-0.302820
1,84,0.000000,-0.375567,-6.459620
2,84,0.000000,-0.346123,-6.459620
3,84,0.000000,-0.346123,-6.345213
4,84,0.000000,-0.346123,-6.345213
5,84,0.000000,-0.358724,-6.592799
6,84,0.000000,-0.358724,-6.359525
7,84,0.000000,-0.358724,-6.445314
8,84,0.000000,-0.358724,-6.553423
9,84,0.000000,-0.347029,-6.469542
10,84,0.000000,-0.368768,-6.797947
1,85,0.000000,-1.114283,-0.216322
2,85,0.000000,-0.882988,-0.105239
3,85,0.000000,-0.910397,0.123664
4,85,0.000000,-0.762709,0.123664
5,85,0.000000,-0.934730,0.123664
6,85,0.000000,-1.007347,0.123664
7,85,0.000000,-1.072445,-0.766631
8,85,0.000000,-1.137837,-0.460791
9,85,0.000000,-0.891671,-0.269595
10,85,0.000000,-0.834654,-0.351129
1,86,0.000000,0.279332,3.751222
2,86,0.000000,0.279332,3.720753
3,86,0.000000,0.301679,3.888498
4,86,0.000000,0.296698,3.888498
5,86,0.000000,0.296698,3.888498
6,86,0.000000,0.301157,3.888498
7,86,0.000000,0.301157,3.888498
8,86,0.000000,0.301157,3.831645
9,86,0.000000,0.270197,3.831645
10,86,0.000000,0.270197,3.831645
1,87,0.000000,0.655222,-7.439617
2,87,0.000000,0.626787,-7.517788
3,87,0.000000,0.626787,-7.517788
4,87,0.000000,0.587697,-7.517788
5,87,0.000000,0.653339,-7.599892
6,87,0.000000,0.653339,-7.599892
7,87,0.000000,0.653339,-7.574090
8,87,0.000000,0.653339,-7.574090
9,87,0.000000,0.627268,-7.610280
10,87,0.000000,0.680322,-7.503767
1,88,0.000000,-0.072424,-0.986319
2,88,0.000000,-0.049301,-0.998107
3,88,0.000000,-0.049301,-0.805351
4,88,0.000000,-0.027066,-0.853425
5,88,0.000000,-0.064744,-0.951062
6,88,0.000000,-0.064744,-1.223291
7,88,0.000000,-0.047128,-1.064314
8,88,0.000000,-0.066389,-0.826689
9,88,0.000000,-0.066389,-0.826689
10,88,0.000000,-0.031705,-0.805264
1,89,0.000000,-0.064376,-12.990740
2,89,0.000000,-0.064376,-12.990740
3,89,0.000000,-0.064376,-12.990740
4,89,0.000000,-0.069144,-12.990740
5,89,0.000000,-0.076929,-12.985944
6,89,0.000000,-0.076929,-12.985944
7,89,0.000000,-0.076929,-13.147890
8,89,0.000000,-0.076929,-13.147890
9,89,0.000000,-0.071156,-13.132211
10,89,0.000000,-0.072682,-13.151625
1,90,0.000000,0.354478,7.253256
2,90,0.000000,0.352875,7.225585
3,90,0.000000,0.348451,7.287099
4,90,0.000000,0.348758,7.320663
5,90,0.000000,0.349321,7.320663
6,90,0.000000,0.349321,7.288252
7,90,0.000000,0.378133,7.340174
8,90,0.000000,0.331958,7.340174
9,90,0.000000,0.292888,7.556014
10,90,0.000000,0.465276,7.330067
1,91,0.000000,-0.090348,8.029364
2,91,0.000000,-0.049809,7.409055
3,91,0.000000,-0.084046,8.166071
4,91,0.000000,-0.097477,8.166071
5,91,0.000000,-0.102968,8.338530
6,91,0.000000,-0.081087,8.495861
7,91,0.000000,-0.038092,8.147978
8,91,0.000000,-0.050710,7.984081
9,91,0.000000,-0.110033,8.602787
10,91,0.000000,-0.098082,7.980879
1,92,0.000000,-0.470493,-8.259469
2,92,0.000000,-0.446875,-8.186027
3,92,0.000000,-0.423892,-8.270306
4,92,0.000000,-0.439182,-8.181520
5,92,0.000000,-0.471940,-8.465686
6,92,0.000000,-0.475771,-8.465686
7,92,0.000000,-0.475771,-8.465686
8,92,0.000000,-0.480576,-8.686476
9,92,0.000000,-0.494799,-8.752444
10,92,0.000000,-0.501671,-8.384130
1,93,0.000000,-0.107964,-9.610841
2,93,0.000000,-0.154027,-9.793861
3,93,0.000000,-0.151149,-9.998421
4,93,0.000000,-0.126679,-9.711057
5,93,0.000000,-0.126679,-9.711057
6,93,0.000000,-0.165411,-10.012861
7,93,0.000000,-0.164228,-10.233827
8,93,0.000000,-0.164228,-9.954306
9,93,0.000000,-0.132812,-9.766004
10,93,0.000000,-0.132812,-9.766004
1,94,0.000000,0.023108,8.307455
2,94,0.000000,0.027932,8.360835
3,94,0.000000,0.019725,8.441405
4,94,0.000000,0.045030,8.632055
5,94,0.000000,0.047602,8.346508
6,94,0.000000,0.047602,8.325393
7,94,0.000000,0.082474,8.481987
8,94,0.000000,0.099173,8.683370
9,94,0.000000,0.083615,8.683370
10,94,0.000000,0.011746,8.390045
1,95,0.000000,-0.146696,-7.045712
2,95,0.000000,-0.162005,-7.152121
3,95,0.000000,-0.126470,-6.476644
4,95,0.000000,-0.126470,-6.611566
5,95,0.000000,-0.126470,-6.607262
6,95,0.000000,-0.142758,-6.876369
7,95,0.000000,-0.114866,-6.589129
8,95,0.000000,-0.112353,-6.589129
9,95,0.000000,-0.112353,-6.589129
10,95,0.000000,-0.101605,-6.589129
1,96,0.000000,0.283251,-3.509703
2,96,0.000000,0.283251,-3.202528
3,96,0.000000,0.282953,-3.202528
4,96,0.000000,0.260130,-3.758888
5,96,0.000000,0.262609,-3.758888
6,96,0.000000,0.256657,-3.439809
7,96,0.000000,0.195077,-3.941686
8,96,0.000000,0.195077,-3.712125
9,96,0.000000,0.196413,-4.117255
10,96,0.000000,0.218991,-4.050141
1,97,0.000000,0.032317,0.882059
2,97,0.000000,0.080903,0.995054
3,97,0.000000,-0.003907,0.866756
4,97,0.000000,0.005360,0.543814
5,97,0.000000,0.043012,1.217192
6,97,0.000000,0.069580,1.196453
7,97,0.000000,0.069580,1.196453
8,97,0.000000,0.069580,1.176074
9,97,0.000000,0.069580,1.176074
10,97,0.000000,0.057376,0.988060
1,98,0.000000,0.396451,-8.037806
2,98,0.000000,0.396451,-8.037806
3,98,0.000000,0.373081,-8.171851
4,98,0.000000,0.386762,-8.171851
5,98,0.000000,0.386762,-8.171851
6,98,0.000000,0.368104,-8.171851
7,98,0.000000,0.368104,-8.155269
8,98,0.000000,0.376496,-8.155269
9,98,0.000000,0.376496,-8.140049
10,98,0.000000,0.376496,-8.140049
1,99,0.000000,-0.127446,6.210937
2,99,0.000000,-0.190577,6.723907
3,99,0.000000,-0.190577,6.142043
4,99,0.000000,-0.117263,6.497005
5,99,0.000000,-0.092209,6.164991
6,99,0.000000,-0.050831,6.164991
7,99,0.000000,-0.033294,6.434611
8,99,0.000000,-0.088797,6.040873
9,99,0.000000,-0.135937,6.613259
10,99,0.000000,-0.121194,6.747273
1,100,0.000000,0.411358,-2.592611
2,100,0.000000,0.411358,-2.592611
3,100,0.000000,0.395532,-2.809308
4,100,0.000000,0.358880,-2.809308
5,100,0.000000,0.358880,-2.703394
6,100,0.000000,0.358880,-2.703394
7,100,0.000000,0.368555,-2.703394
8,100,0.000000,0.368555,-2.703394
9,100,0.000000,0.368555,-2.703394
10,100,0.000000,0.368555,-2.703394
1,101,0.000000,0.647256,-3.677801
2,101,0.000000,0.687175,-3.549892
3,101,0.000000,0.663260,-3.629414
4,101,0.000000,0.663260,-3.629414
5,101,0.000000,0.669226,-3.629414
6,101,0.000000,0.669226,-3.629414
7,101,0.000000,0.640963,-3.445309
8,101,0.000000,0.707419,-3.507331
9,101,0.000000,0.632289,-3.507331
10,101,0.000000,0.632289,-3.507331
1,102,0.000000,-0.011776,5.313194
2,102,0.000000,0.057156,3.984177
3,102,0.000000,0.129252,3.852504
4,102,0.000000,0.065227,4.578613
5,102,0.000000,0.098326,4.490557
6,102,0.000000,0.037918,4.197662
7,102,0.000000,0.053475,4.653158
8,102,0.000000,0.090066,4.817509
9,102,0.000000,-0.036785,5.009621
10,102,0.000000,-0.049020,5.086468
1,103,0.000000,-0.017843,11.107042
2,103,0.000000,-0.021349,11.062283
3,103,0.000000,-0.063137,11.292522
4,103,0.000000,-0.027597,11.198311
5,103,0.000000,0.012199,11.185911
6,103,0.000000,-0.016612,11.185911
7,103,0.000000,-0.016612,11.185911
8,103,0.000000,0.033637,10.612251
9,103,0.000000,0.033637,10.612251
10,103,0.000000,-0.003824,10.666617
1,104,0.000000,0.426520,-4.796463
2,104,0.000000,0.472162,-4.658833
3,104,0.000000,0.472162,-4.658833
4,104,0.000000,0.472162,-4.658833
5,104,0.000000,0.446981,-4.658833
6,104,0.000000,0.446981,-4.658833
7,104,0.000000,0.446981,-4.658833
8,104,0.000000,0.446981,-4.658833
9,104,0.000000,0.440539,-4.779390
10,104,0.000000,0.414131,-4.767243
1,105,0.000000,0.211912,9.934387
2,105,0.000000,0.074308,10.104770
3,105,0.000000,0.074308,10.104770
4,105,0.000000,0.074308,9.786808
5,105,0.000000,0.086748,10.416126
6,105,0.000000,0.116890,10.373571
7,105,0.000000,0.116890,10.271077
8,105,0.000000,-0.023687,11.047017
9,105,0.000000,-0.030035,11.027444
10,105,0.000000,-0.124137,11.189279
1,106,0.000000,1.221045,2.465266
2,106,0.000000,1.221045,2.465266
3,106,0.000000,1.156549,2.494904
4,106,0.000000,1.240208,2.494904
5,106,0.000000,1.173237,2.404515
6,106,0.000000,1.173237,2.445613
7,106,0.000000,1.193218,2.560165
8,106,0.000000,1.245234,2.560165
9,106,0.000000,1.191398,2.560165
10,106,0.000000,1.188751,2.381946
1,107,0.000000,-0.752816,-13.780108
2,107,0.000000,-0.752816,-14.570013
3,107,0.000000,-0.766893,-14.359042
4,107,0.000000,-0.748601,-13.919968
5,107,0.000000,-0.755512,-13.642298
6,107,0.000000,-0.750291,-13.728242
7,107,0.000000,-0.754135,-13.622707
8,107,0.000000,-0.731167,-13.186633
9,107,0.000000,-0.677342,-13.039835
10,107,0.000000,-0.637405,-12.584943
1,108,0.000000,0.752750,-2.574900
2,108,0.000000,0.656467,-2.255111
3,108,0.000000,0.624331,-2.353380
4,108,0.000000,0.751134,-2.303350
5,108,0.000000,0.751134,-2.303350
6,108,0.000000,0.682085,-2.631658
7,108,0.000000,0.636858,-2.519857
8,108,0.000000,0.691428,-2.547453
9,108,0.000000,0.691428,-2.547453
10,108,0.000000,0.665700,-2.635202
1,109,0.000000,0.392725,-4.039527
2,109,0.000000,0.418137,-3.914692
3,109,0.000000,0.416439,-4.066071
4,109,0.000000,0.426368,-4.066071
5,109,0.000000,0.403165,-3.690843
6,109,0.000000,0.403165,-3.799817
7,109,0.000000,0.406843,-3.799817
8,109,0.000000,0.417919,-3.940999
9,109,0.000000,0.394598,-3.940999
10,109,0.000000,0.394598,-3.940999
1,110,0.000000,-0.731068,-7.934425
2,110,0.000000,-0.720273,-7.934425
3,110,0.000000,-0.771605,-8.218237
4,110,0.000000,-0.805384,-9.057385
5,110,0.000000,-0.821477,-9.212847
6,110,0.000000,-0.801672,-9.051433
7,110,0.000000,-0.868975,-9.285773
8,110,0.000000,-0.859231,-8.924312
9,110,0.000000,-0.826145,-9.671429
10,110,0.000000,-0.890499,-9.950158
1,111,0.000000,0.236101,-14.259480
2,111,0.000000,0.236101,-14.259480
3,111,0.000000,0.236101,-14.259480
4,111,0.000000,0.212592,-14.429610
5,111,0.000000,0.193453,-14.429610
6,111,0.000000,0.246188,-14.318380
7,111,0.000000,0.250421,-14.302661
8,111,0.000000,0.250421,-14.302661
9,111,0.000000,0.233590,-14.229020
10,111,0.000000,0.220074,-14.229020
1,112,0.000000,-0.468150,-2.723570
2,112,0.000000,-0.468150,-2.723570
3,112,0.000000,-0.457826,-2.702110
4,112,0.000000,-0.537877,-2.768824
5,112,0.000000,-0.537877,-2.768824
6,112,0.000000,-0.449473,-2.849721
7,112,0.000000,-0.526596,-3.037866
8,112,0.000000,-0.465010,-2.567537
9,112,0.000000,-0.465010,-2.746759
10,112,0.000000,-0.433380,-2.746759
1,113,0.000000,0.319902,-2.018462
2,113,0.000000,0.301564,-2.018462
3,113,0.000000,0.301564,-2.018462
4,113,0.000000,0.301564,-2.018462
5,113,0.000000,0.297385,-2.198473
6,113,0.000000,0.286069,-2.198473
7,113,0.000000,0.272196,-2.339867
8,113,0.000000,0.282032,-2.106419
9,113,0.000000,0.282032,-2.106419
10,113,0.000000,0.282032,-2.106419
1,114,0.000000,-0.802744,-4.782094
2,114,0.000000,-0.853731,-5.321396
3,114,0.000000,-0.767366,-4.611342
4,114,0.000000,-0.741738,-5.050001
5,114,0.000000,-0.791853,-5.100391
6,114,0.000000,-0.791853,-4.962677
7,114,0.000000,-0.809983,-4.817508
8,114,0.000000,-0.780887,-4.812376
9,114,0.000000,-0.819784,-5.150984
10,114,0.000000,-0.920885,-5.141201
1,115,0.000000,-0.169898,-0.991299
2,115,0.000000,-0.154733,-0.929589
3,115,0.000000,-0.169397,-1.259268
4,115,0.000000,-0.170330,-1.084014
5,115,0.000000,-0.120726,-1.084014
6,115,0.000000,-0.120726,-1.084014
7,115,0.000000,-0.173160,-1.084014
8,115,0.000000,-0.154014,-0.774769
9,115,0.000000,-0.128106,-0.820024
10,115,0.000000,-0.127090,-0.879183
1,116,0.000000,0.200957,-8.169727
2,116,0.000000,0.212232,-8.034517
3,116,0.000000,0.212232,-8.034517
4,116,0.000000,0.212232,-8.280204
5,116,0.000000,0.230416,-8.136055
6,116,0.000000,0.183685,-8.192076
7,116,0.000000,0.183685,-8.192076
8,116,0.000000,0.203467,-8.067374
9,116,0.000000,0.211267,-8.191084
10,116,0.000000,0.211267,-8.191084
1,117,0.000000,0.156303,9.184164
2,117,0.000000,0.197410,9.377485
3,117,0.000000,0.287570,9.377485
4,117,0.000000,0.247227,9.098972
5,117,0.000000,0.246124,9.573653
6,117,0.000000,0.215275,9.778492
7,117,0.000000,0.164719,9.265785
8,117,0.000000,0.153628,9.146990
9,117,0.000000,0.154135,9.482767
10,117,0.000000,0.159744,9.386898
1,118,0.000000,-0.621202,9.843293
2,118,0.000000,-0.741045,10.471674
3,118,0.000000,-0.705721,10.701870
4,118,0.000000,-0.775374,11.117958
5,118,0.000000,-0.808096,12.729602
6,118,0.000000,-0.778851,11.204014
7,118,0.000000,-0.872464,11.894709
8,118,0.000000,-0.903065,11.854209
9,118,0.000000,-0.847650,12.873043
10,118,0.000000,-0.934023,14.266514
1,119,0.000000,1.056201,-6.645100
2,119,0.000000,1.056201,-6.645100
3,119,0.000000,1.080292,-6.645100
4,119,0.000000,1.096461,-6.645100
5,119,0.000000,1.031830,-6.659996
6,119,0.000000,1.073069,-6.449586
7,119,0.000000,1.071362,-6.546988
8,119,0.000000,1.071362,-6.728710
9,119,0.000000,1.071362,-6.728710
10,119,0.000000,1.071362,-6.516892
1,120,0.000000,0.385681,13.780560
2,120,0.000000,0.405038,13.245808
3,120,0.000000,0.454052,12.945886
4,120,0.000000,0.504692,12.481702
5,120,0.000000,0.538101,12.994569
6,120,0.000000,0.489479,12.449936
7,120,0.000000,0.481574,13.246706
8,120,0.000000,0.441413,13.873558
9,120,0.000000,0.435262,13.718527
10,120,0.000000,0.425863,13.744033
1,121,0.000000,-0.025409,-3.779207
2,121,0.000000,0.057358,-3.642507
3,121,0.000000,0.012929,-3.558368
4,121,0.000000,0.061014,-3.558368
5,121,0.000000,0.061014,-3.642286
6,121,0.000000,0.061014,-3.642286
7,121,0.000000,-0.065467,-3.895208
8,121,0.000000,0.020022,-3.622268
9,121,0.000000,0.020022,-3.622268
10,121,0.000000,0.020022,-3.622268
1,122,0.000000,-0.061543,12.463908
2,122,0.000000,-0.070669,12.453109
3,122,0.000000,-0.109430,12.656917
4,122,0.000000,-0.117629,12.656917
5,122,0.000000,-0.117629,12.656917
6,122,0.000000,-0.120778,12.736164
7,122,0.000000,-0.145642,12.736164
8,122,0.000000,-0.203584,12.899941
9,122,0.000000,-0.123805,12.514073
10,122,0.000000,-0.132977,12.461047
1,123,0.000000,0.026136,14.897826
2,123,0.000000,0.053324,14.876868
3,123,0.000000,0.086874,14.690244
4,123,0.000000,0.180821,14.792808
5,123,0.000000,0.112990,15.098743
6,123,0.000000,0.041253,15.098743
7,123,0.000000,-0.012321,15.098743
8,123,0.000000,-0.051254,14.812122
9,123,0.000000,-0.076857,15.194216
10,123,0.000000,0.023512,15.372453
1,124,0.000000,-0.079442,8.870613
2,124,0.000000,-0.048680,8.829769
3,124,0.000000,-0.101144,8.999654
4,124,0.000000,-0.098258,8.340346
5,124,0.000000,-0.122024,8.553458
6,124,0.000000,-0.019372,8.771476
7,124,0.000000,0.054247,9.150153
8,124,0.000000,-0.044508,9.321286
9,124,0.000000,0.011354,9.086979
10,124,0.000000,0.001451,9.086979
1,125,0.000000,0.145404,3.794940
2,125,0.000000,0.145404,3.849027
3,125,0.000000,0.118015,3.188350
4,125,0.000000,0.126078,3.545700
5,125,0.000000,0.138791,3.524044
6,125,0.000000,0.148317,3.976562
7,125,0.000000,0.149454,3.976562
8,125,0.000000,0.147713,3.882013
9,125,0.000000,0.163230,3.699233
10,125,0.000000,0.158057,3.777562
1,126,0.000000,-0.684505,0.863109
2,126,0.000000,-0.750556,0.863109
3,126,0.000000,-0.799051,0.499944
4,126,0.000000,-0.748960,0.969351
5,126,0.000000,-0.748960,0.653686
6,126,0.000000,-0.707773,1.087769
7,126,0.000000,-0.761329,0.646263
8,126,0.000000,-0.743119,0.646263
9,126,0.000000,-0.724647,0.929659
10,126,0.000000,-0.710804,0.619452
1,127,0.000000,-0.537744,9.314533
2,127,0.000000,-0.583801,9.314533
3,127,0.000000,-0.583801,9.058015
4,127,0.000000,-0.554813,9.287071
5,127,0.000000,-0.516447,9.154051
6,127,0.000000,-0.417705,8.183933
7,127,0.000000,-0.417705,8.169084
8,127,0.000000,-0.412835,8.101364
9,127,0.000000,-0.381220,8.059788
10,127,0.000000,-0.412908,8.388775
1,128,0.000000,-1.229329,10.071893
2,128,0.000000,-1.309469,10.608076
3,128,0.000000,-1.342215,10.561883
4,128,0.000000,-1.345430,10.309210
5,128,0.000000,-1.261345,10.443101
6,128,0.000000,-1.208248,10.637657
7,128,0.000000,-1.167124,10.006337
8,128,0.000000,-1.322593,10.224235
9,128,0.000000,-1.292393,10.540854
10,128,0.000000,-1.231317,9.480964
1,129,0.000000,0.287938,12.968501
2,129,0.000000,0.279248,12.809668
3,129,0.000000,0.279248,12.809668
4,129,0.000000,0.256444,12.753796
5,129,0.000000,0.263152,12.753796
6,129,0.000000,0.210709,13.102934
7,129,0.000000,0.487804,13.102934
8,129,0.000000,0.439323,12.751610
9,129,0.000000,0.410596,12.759939
10,129,0.000000,0.323036,12.676634
1,130,0.000000,-0.693189,12.484971
2,130,0.000000,-0.715331,11.749852
3,130,0.000000,-0.671402,11.682500
4,130,0.000000,-0.702102,11.917865
5,130,0.000000,-0.694022,11.934099
6,130,0.000000,-0.718573,12.102491
7,130,0.000000,-0.673344,11.588716
8,130,0.000000,-0.656656,11.279385
9,130,0.000000,-0.623855,11.279385
10,130,0.000000,-0.584459,12.037972
1,131,0.000000,0.453299,-8.563048
2,131,0.000000,0.439690,-8.619770
3,131,0.000000,0.412760,-8.798042
4,131,0.000000,0.420037,-8.670417
5,131,0.000000,0.420037,-8.670417
6,131,0.000000,0.420037,-8.670417
7,131,0.000000,0.403547,-8.870689
8,131,0.000000,0.392051,-8.879505
9,131,0.000000,0.373297,-9.075435
10,131,0.000000,0.396827,-8.921364
1,132,0.000000,-0.580811,-3.606332
2,132,0.000000,-0.624106,-3.369505
3,132,0.000000,-0.586347,-3.299301
4,132,0.000000,-0.602648,-3.480953
5,132,0.000000,-0.515860,-2.653237
6,132,0.000000,-0.515860,-2.741565
7,132,0.000000,-0.525603,-2.509320
8,132,0.000000,-0.525603,-2.509320
9,132,0.000000,-0.539069,-2.988113
10,132,0.000000,-0.539069,-2.757150
1,133,0.000000,0.256566,0.125144
2,133,0.000000,0.256566,0.125144
3,133,0.000000,0.256566,0.125144
4,133,0.000000,0.260308,0.064998
5,133,0.000000,0.263787,0.131239
6,133,0.000000,0.263787,0.131239
7,133,0.000000,0.277207,0.351121
8,133,0.000000,0.283445,0.398123
9,133,0.000000,0.292691,0.221922
10,133,0.000000,0.292691,0.221922
1,134,0.000000,0.434997,4.698628
2,134,0.000000,0.383969,5.058041
3,134,0.000000,0.363214,5.058041
4,134,0.000000,0.363214,5.058041
5,134,0.000000,0.278043,4.977916
6,134,0.000000,0.287427,5.347685
7,134,0.000000,0.329924,5.196647
8,134,0.000000,0.247619,5.054614
9,134,0.000000,0.259756,5.557838
10,134,0.000000,0.248973,5.337655
1,135,0.000000,-0.809816,4.751811
2,135,0.000000,-0.854642,4.614455
3,135,0.000000,-0.870779,4.491703
4,135,0.000000,-0.852823,4.078928
5,135,0.000000,-0.705271,4.025373
6,135,0.000000,-0.757351,4.167869
7,135,0.000000,-0.760805,4.019364
8,135,0.000000,-0.759075,4.505475
9,135,0.000000,-0.781962,3.949986
10,135,0.000000,-0.785169,3.865373
1,136,0.000000,1.233334,-1.488383
2,136,0.000000,1.299918,-1.488383
3,136,0.000000,1.330594,-1.581604
4,136,0.000000,1.265585,-1.581604
5,136,0.000000,1.363628,-1.581604
6,136,0.000000,1.203407,-1.400420
7,136,0.000000,1.193089,-1.400420
8,136,0.000000,1.273419,-1.400420
9,136,0.000000,1.343801,-1.400420
10,136,0.000000,1.343801,-1.405583
1,137,0.000000,0.006353,4.091347
2,137,0.000000,0.028337,4.091347
3,137,0.000000,0.036758,4.091347
4,137,0.000000,0.054356,4.091347
5,137,0.000000,0.070028,4.091347
6,137,0.000000,0.071360,4.181417
7,137,0.000000,0.077071,3.990287
8,137,0.000000,0.026398,4.227814
9,137,0.000000,0.052039,4.227814
10,137,0.000000,0.000941,4.323064
1,138,0.000000,1.122587,-4.742016
2,138,0.000000,1.122587,-4.742016
3,138,0.000000,1.246532,-4.652380
4,138,0.000000,1.246532,-4.574647
5,138,0.000000,1.228983,-4.574647
6,138,0.000000,1.290091,-4.574647
7,138,0.000000,1.243279,-4.574647
8,138,0.000000,1.243279,-4.561802
9,138,0.000000,1.243279,-4.561802
10,138,0.000000,1.243279,-4.561802
1,139,0.000000,-0.388150,-16.286359
2,139,0.000000,-0.374846,-15.617233
3,139,0.000000,-0.342078,-15.617233
4,139,0.000000,-0.342078,-15.635889
5,139,0.000000,-0.337951,-15.525764
6,139,0.000000,-0.365881,-15.502282
7,139,0.000000,-0.371285,-15.680152
8,139,0.000000,-0.360012,-15.925965
9,139,0.000000,-0.360012,-15.687420
10,139,0.000000,-0.360012,-15.687420
1,140,0.000000,-0.867014,8.726662
2,140,0.000000,-0.875382,8.692315
3,140,0.000000,-0.837283,8.202238
4,140,0.000000,-0.803559,7.290511
5,140,0.000000,-0.803144,7.385274
6,140,0.000000,-0.793796,7.977106
7,140,0.000000,-0.839227,8.214399
8,140,0.000000,-0.837913,8.286667
9,140,0.000000,-0.824346,8.655946
10,140,0.000000,-0.898546,8.688748
1,141,0.000000,-0.304946,-0.588785
2,141,0.000000,-0.304946,-0.729471
3,141,0.000000,-0.309197,-0.682285
4,141,0.000000,-0.332803,-1.251913
5,141,0.000000,-0.332803,-0.686450
6,141,0.000000,-0.332803,-1.053263
7,141,0.000000,-0.332803,-1.053263
8,141,0.000000,-0.328515,-1.053263
9,141,0.000000,-0.328515,-1.084210
10,141,0.000000,-0.328515,-1.126090
1,142,0.000000,0.163728,-12.561324
2,142,0.000000,0.184197,-12.591418
3,142,0.000000,0.089719,-12.996720
4,142,0.000000,0.089719,-12.993324
5,142,0.000000,0.112195,-12.938549
6,142,0.000000,0.100426,-13.053258
7,142,0.000000,0.119062,-12.938957
8,142,0.000000,0.119062,-12.938957
9,142,0.000000,0.119062,-12.938957
10,142,0.000000,0.120404,-12.681472
1,143,0.000000,0.210576,4.202780
2,143,0.000000,0.219839,4.044212
3,143,0.000000,0.163992,4.065707
4,143,0.000000,0.250581,3.783103
5,143,0.000000,0.250581,3.783103
6,143,0.000000,0.259457,3.891395
7,143,0.000000,0.259457,3.891395
8,143,0.000000,0.194677,3.891395
9,143,0.000000,0.249963,3.891395
10,143,0.000000,0.279842,4.176228
1,144,0.000000,-0.382017,-5.817016
2,144,0.000000,-0.382017,-5.817016
3,144,0.000000,-0.382017,-5.817016
4,144,0.000000,-0.382786,-5.764540
5,144,0.000000,-0.382786,-6.066859
6,144,0.000000,-0.382786,-5.947462
7,144,0.000000,-0.390242,-5.881605
8,144,0.000000,-0.390242,-5.881605
9,144,0.000000,-0.359497,-5.715219
10,144,0.000000,-0.359497,-5.715219
1,145,0.000000,0.333175,11.964985
2,145,0.000000,0.158419,10.978622
3,145,0.000000,0.375630,11.523403
4,145,0.000000,0.218926,11.046782
5,145,0.000000,0.272032,10.551834
6,145,0.000000,0.208310,10.502862
7,145,0.000000,0.334645,9.065432
8,145,0.000000,0.509020,9.102516
9,145,0.000000,0.537747,9.373197
10,145,0.000000,0.501838,8.698824
1,146,0.000000,0.145920,-3.707545
2,146,0.000000,0.145920,-3.707545
3,146,0.000000,0.145920,-3.707545
4,146,0.000000,0.145920,-3.707545
5,146,0.000000,0.094360,-3.707545
6,146,0.000000,0.097140,-3.737352
7,146,0.000000,0.119023,-3.787298
8,146,0.000000,0.119023,-3.787298
9,146,0.000000,0.119023,-3.787298
10,146,0.000000,0.102276,-3.940939
1,147,0.000000,0.483006,-12.574263
2,147,0.000000,0.471068,-12.574263
3,147,0.000000,0.525649,-12.318022
4,147,0.000000,0.525649,-12.318022
5,147,0.000000,0.473362,-12.688340
6,147,0.000000,0.478908,-12.688340
7,147,0.000000,0.478908,-12.688340
8,147,0.000000,0.478908,-12.688340
9,147,0.000000,0.508086,-12.491160
10,147,0.000000,0.508086,-12.491160
1,148,0.000000,-0.061185,-2.454510
2,148,0.000000,-0.082150,-2.294730
3,148,0.000000,-0.082150,-2.738164
4,148,0.000000,-0.082150,-2.738164
5,148,0.000000,-0.082150,-2.990916
6,148,0.000000,-0.071943,-2.623029
7,148,0.000000,-0.071943,-2.623029
8,148,0.000000,-0.106919,-3.008688
9,148,0.000000,-0.078155,-3.014782
10,148,0.000000,-0.078155,-3.014782
1,149,0.000000,-0.022858,1.493868
2,149,0.000000,-0.027532,1.255437
3,149,0.000000,-0.027532,1.255437
4,149,0.000000,-0.027532,1.255437
5,149,0.000000,-0.024795,1.405040
6,149,0.000000,-0.024795,1.405040
7,149,0.000000,0.031107,1.344637
8,149,0.000000,0.048704,1.389325
9,149,0.000000,0.036559,1.527615
10,149,0.000000,0.036559,1.527615
1,150,0.000000,-0.032441,1.834761
2,150,0.000000,-0.059152,1.774302
3,150,0.000000,-0.059152,1.774302
4,150,0.000000,-0.071388,2.028795
5,150,0.000000,-0.072647,1.896053
6,150,0.000000,-0.097983,2.043473
7,150,0.000000,-0.119691,1.922081
8,150,0.000000,-0.139796,1.585300
9,150,0.000000,-0.139796,2.075882
10,150,0.000000,-0.131219,1.914993
1,151,0.000000,-1.011976,10.837469
2,151,0.000000,-0.971111,9.703585
3,151,0.000000,-0.953309,9.936431
4,151,0.000000,-0.993904,9.733931
5,151,0.000000,-1.055204,10.120460
6,151,0.000000,-1.055204,10.697114
7,151,0.000000,-1.055204,10.197209
8,151,0.000000,-0.985417,10.560694
9,151,0.000000,-1.002366,10.562671
10,151,0.000000,-1.050610,10.351953
1,152,0.000000,-0.295924,-0.703089
2,152,0.000000,-0.301506,-0.411751
3,152,0.000000,-0.306406,-0.411751
4,152,0.000000,-0.305776,-0.428252
5,152,0.000000,-0.313420,-0.242103
6,152,0.000000,-0.356256,-0.745659
7,152,0.000000,-0.318177,-0.344158
8,152,0.000000,-0.319532,-0.712275
9,152,0.000000,-0.314413,-0.893377
10,152,0.000000,-0.299044,-0.208280
1,153,0.000000,0.014450,4.097069
2,153,0.000000,0.024002,4.097069
3,153,0.000000,0.012370,4.097069
4,153,0.000000,0.014193,4.192341
5,153,0.000000,0.077021,4.218207
6,153,0.000000,-0.074225,4.126043
7,153,0.000000,-0.010140,3.732775
8,153,0.000000,0.093687,4.405080
9,153,0.000000,0.097237,4.244463
10,153,0.000000,0.083013,3.992805
1,154,0.000000,1.129080,9.701133
2,154,0.000000,1.198451,9.121864
3,154,0.000000,1.162701,9.121864
4,154,0.000000,1.215654,9.121864
5,154,0.000000,1.202601,9.121864
6,154,0.000000,1.199367,9.421875
7,154,0.000000,1.199367,9.307382
8,154,0.000000,1.179017,9.307382
9,154,0.000000,1.129861,9.445247
10,154,0.000000,1.187690,9.157305
1,155,0.000000,-0.528332,3.082259
2,155,0.000000,-0.551269,3.254985
3,155,0.000000,-0.500221,3.273443
4,155,0.000000,-0.517218,3.512704
5,155,0.000000,-0.404641,3.583465
6,155,0.000000,-0.496569,3.022679
7,155,0.000000,-0.496569,3.450749
8,155,0.000000,-0.496569,2.782321
9,155,0.000000,-0.552304,2.894970
10,155,0.000000,-0.579372,3.248027
1,156,0.000000,0.014562,12.457056
2,156,0.000000,0.014562,12.457056
3,156,0.000000,0.040965,12.549977
4,156,0.000000,0.053033,12.549977
5,156,0.000000,0.019396,12.741679
6,156,0.000000,0.060163,12.906933
7,156,0.000000,0.086881,12.972304
8,156,0.000000,0.053032,12.689509
9,156,0.000000,0.036961,12.535984
10,156,0.000000,-0.013435,12.539269
1,157,0.000000,0.641259,-5.582197
2,157,0.000000,0.641259,-5.582197
3,157,0.000000,0.641259,-5.582197
4,157,0.000000,0.641259,-5.582197
5,157,0.000000,0.641259,-5.439868
6,157,0.000000,0.633077,-5.498525
7,157,0.000000,0.636177,-5.498525
8,157,0.000000,0.657711,-5.498525
9,157,0.000000,0.652953,-5.445391
10,157,0.000000,0.637820,-5.445391
1,158,0.000000,-0.111099,-10.381739
2,158,0.000000,-0.140811,-10.155255
3,158,0.000000,-0.140811,-10.349747
4,158,0.000000,-0.127007,-10.397828
5,158,0.000000,-0.127007,-10.456277
6,158,0.000000,-0.112767,-10.456277
7,158,0.000000,-0.112767,-10.456277
8,158,0.000000,-0.138159,-10.178317
9,158,0.000000,-0.095671,-9.891708
10,158,0.000000,-0.088540,-9.891708
1,159,0.000000,-0.115752,7.079446
2,159,0.000000,-0.115752,7.079446
3,159,0.000000,-0.128792,7.079446
4,159,0.000000,-0.125853,6.845576
5,159,0.000000,-0.125853,6.845576
6,159,0.000000,-0.125853,6.788522
7,159,0.000000,-0.119215,6.725883
8,159,0.000000,-0.135817,7.206849
9,159,0.000000,-0.149882,7.088144
10,159,0.000000,-0.118210,7.048660
1,160,0.000000,-0.183524,2.399231
2,160,0.000000,-0.191271,2.323017
3,160,0.000000,-0.232582,2.631368
4,160,0.000000,-0.173296,2.631368
5,160,0.000000,-0.173296,2.690193
6,160,0.000000,-0.173296,2.690193
7,160,0.000000,-0.195666,2.690193
8,160,0.000000,-0.195666,2.690193
9,160,0.000000,-0.170848,2.801803
10,160,0.000000,-0.190508,2.801803
1,161,0.000000,0.250344,4.936918
2,161,0.000000,0.305900,4.844484
3,161,0.000000,0.213416,5.263936
4,161,0.000000,0.309894,5.076952
5,161,0.000000,0.326855,4.950513
6,161,0.000000,0.320820,5.072875
7,161,0.000000,0.265142,5.246663
8,161,0.000000,0.571812,4.196613
9,161,0.000000,0.555310,4.113313
10,161,0.000000,0.574591,4.503858
1,162,0.000000,-0.316880,17.166984
2,162,0.000000,-0.308789,17.478416
3,162,0.000000,-0.302810,17.252722
4,162,0.000000,-0.196816,16.036320
5,162,0.000000,-0.165171,16.338398
6,162,0.000000,-0.215128,15.945713
7,162,0.000000,-0.294593,16.961470
8,162,0.000000,-0.418992,16.607994
9,162,0.000000,-0.320450,16.489729
10,162,0.000000,-0.290336,17.071170
1,163,0.000000,-0.565491,6.017428
2,163,0.000000,-0.588275,5.633843
3,163,0.000000,-0.588275,5.687087
4,163,0.000000,-0.491292,6.430025
5,163,0.000000,-0.527531,6.188775
6,163,0.000000,-0.538679,6.203738
7,163,0.000000,-0.552192,6.241066
8,163,0.000000,-0.587520,6.138200
9,163,0.000000,-0.529303,6.586841
10,163,0.000000,-0.525334,6.220243
1,164,0.000000,-0.990843,6.428662
2,164,0.000000,-0.948107,7.401255
3,164,0.000000,-1.047387,7.184415
4,164,0.000000,-1.010628,6.246767
5,164,0.000000,-1.006432,7.030347
6,164,0.000000,-0.994815,6.385472
7,164,0.000000,-1.043596,6.657813
8,164,0.000000,-1.025357,7.069260
9,164,0.000000,-1.034250,6.964381
10,164,0.000000,-1.035419,6.452617
1,165,0.000000,0.366790,-2.399113
2,165,0.000000,0.351635,-2.399113
3,165,0.000000,0.345814,-2.684817
4,165,0.000000,0.345814,-2.480001
5,165,0.000000,0.345814,-2.480001
6,165,0.000000,0.345814,-2.660662
7,165,0.000000,0.254312,-2.988644
8,165,0.000000,0.254312,-2.941491
9,165,0.000000,0.325085,-2.592111
10,165,0.000000,0.346830,-2.592111
1,166,0.000000,-0.409835,4.351537
2,166,0.000000,-0.400795,4.086984
3,166,0.000000,-0.321326,4.444267
4,166,0.000000,-0.247447,4.399877
5,166,0.000000,-0.300780,4.338232
6,166,0.000000,-0.270019,4.338232
7,166,0.000000,-0.367146,4.338232
8,166,0.000000,-0.313507,4.191460
9,166,0.000000,-0.345017,4.191460
10,166,0.000000,-0.345017,4.191460
1,167,0.000000,-1.426420,9.727504
2,167,0.000000,-1.458891,8.898706
3,167,0.000000,-1.441427,9.668896
4,167,0.000000,-1.420601,9.886131
5,167,0.000000,-1.492342,10.037532
6,167,0.000000,-1.474019,10.268661
7,167,0.000000,-1.431541,10.296463
8,167,0.000000,-1.364110,9.680766
9,167,0.000000,-1.450579,9.409686
10,167,0.000000,-1.394126,9.521344
1,168,0.000000,1.021165,17.778496
2,168,0.000000,1.022895,16.271173
3,168,0.000000,0.870832,16.546404
4,168,0.000000,0.813137,15.726676
5,168,0.000000,0.784670,14.991757
6,168,0.000000,0.747101,16.748115
7,168,0.000000,0.754366,16.430331
8,168,0.000000,0.763053,16.989122
9,168,0.000000,0.838864,17.966716
10,168,0.000000,0.950873,18.217525
1,169,0.000000,0.715802,-6.219861
2,169,0.000000,0.715802,-6.370235
3,169,0.000000,0.700718,-6.667635
4,169,0.000000,0.700718,-6.683518
5,169,0.000000,0.623099,-6.687867
6,169,0.000000,0.633455,-6.655650
7,169,0.000000,0.648283,-6.655650
8,169,0.000000,0.648283,-6.655650
9,169,0.000000,0.686879,-6.578296
10,169,0.000000,0.686879,-6.401749
1,170,0.000000,0.081747,0.629338
2,170,0.000000,0.081747,0.629338
3,170,0.000000,0.081747,0.629338
4,170,0.000000,0.081747,0.629338
5,170,0.000000,0.081747,0.629338
6,170,0.000000,0.116156,0.628889
7,170,0.000000,0.101168,0.628889
8,170,0.000000,0.088791,0.628889
9,170,0.000000,0.079343,0.628889
10,170,0.000000,0.102828,0.628889
1,171,0.000000,-0.957605,-1.193128
2,171,0.000000,-1.012653,-1.483893
3,171,0.000000,-1.004323,-1.043813
4,171,0.000000,-0.983999,-1.496355
5,171,0.000000,-0.976934,-1.208619
6,171,0.000000,-1.005021,-1.470297
7,171,0.000000,-0.972545,-1.158569
8,171,0.000000,-1.027325,-1.183130
9,171,0.000000,-1.015937,-0.710773
10,171,0.000000,-1.015937,-1.668269
1,172,0.000000,-0.256300,-0.641856
2,172,0.000000,-0.166473,-0.641856
3,172,0.000000,-0.160330,-0.639082
4,172,0.000000,-0.159381,-0.799609
5,172,0.000000,-0.186444,-0.515317
6,172,0.000000,-0.176390,-0.986202
7,172,0.000000,-0.140761,-0.612524
8,172,0.000000,-0.240973,-0.742141
9,172,0.000000,-0.214253,-0.632255
10,172,0.000000,-0.174152,-0.759027
1,173,0.000000,0.629652,-4.699723
2,173,0.000000,0.629652,-4.699723
3,173,0.000000,0.629652,-4.699723
4,173,0.000000,0.629652,-4.655229
5,173,0.000000,0.629652,-4.655229
6,173,0.000000,0.610123,-4.986620
7,173,0.000000,0.568633,-4.944003
8,173,0.000000,0.568633,-4.944003
9,173,0.000000,0.568633,-4.944003
10,173,0.000000,0.568633,-4.944003
1,174,0.000000,-0.957038,-0.577749
2,174,0.000000,-0.898223,-0.680698
3,174,0.000000,-0.898223,-0.470950
4,174,0.000000,-0.917135,-0.824772
5,174,0.000000,-0.914988,-0.315702
6,174,0.000000,-1.023835,-0.279876
7,174,0.000000,-1.027257,-0.758521
8,174,0.000000,-1.024659,-0.305269
9,174,0.000000,-0.978862,0.085590
10,174,0.000000,-1.001309,-0.649008
1,175,0.000000,-0.535904,-2.215408
2,175,0.000000,-0.535904,-2.033190
3,175,0.000000,-0.510939,-2.297257
4,175,0.000000,-0.510939,-2.299931
5,175,0.000000,-0.511338,-2.299931
6,175,0.000000,-0.518317,-2.194295
7,175,0.000000,-0.518230,-2.607134
8,175,0.000000,-0.518230,-2.361015
9,175,0.000000,-0.525418,-2.245142
10,175,0.000000,-0.496187,-2.387135
1,176,0.000000,0.050300,-5.972306
2,176,0.000000,0.035718,-6.028190
3,176,0.000000,0.035718,-6.361947
4,176,0.000000,0.035718,-6.361947
5,176,0.000000,0.035718,-6.281397
6,176,0.000000,0.077989,-6.153130
7,176,0.000000,0.053187,-6.139911
8,176,0.000000,0.053187,-6.139911
9,176,0.000000,0.053187,-6.342915
10,176,0.000000,0.035831,-6.342915
1,177,0.000000,0.092016,13.195504
2,177,0.000000,0.112314,14.382629
3,177,0.000000,-0.006122,13.952679
4,177,0.000000,0.808430,9.759976
5,177,0.000000,0.814214,10.704913
6,177,0.000000,0.733136,10.350131
7,177,0.000000,0.570442,10.758392
8,177,0.000000,0.696690,9.068844
9,177,0.000000,0.485730,9.737207
10,177,0.000000,0.574323,8.177974
1,178,0.000000,0.165694,10.620233
2,178,0.000000,0.179609,10.848188
3,178,0.000000,0.186971,10.783400
4,178,0.000000,0.206572,10.752819
5,178,0.000000,0.167411,10.552150
6,178,0.000000,0.173048,10.552150
7,178,0.000000,0.173048,10.552150
8,178,0.000000,0.158369,10.552150
9,178,0.000000,0.158369,10.552150
10,178,0.000000,0.143632,10.552150
1,179,0.000000,0.225789,-4.196457
2,179,0.000000,0.225789,-4.196457
3,179,0.000000,0.223896,-4.097550
4,179,0.000000,0.223896,-4.097550
5,179,0.000000,0.223896,-4.344283
6,179,0.000000,0.223896,-4.175459
7,179,0.000000,0.227844,-4.023849
8,179,0.000000,0.242896,-4.046776
9,179,0.000000,0.240973,-3.942216
10,179,0.000000,0.240973,-3.942216
1,180,0.000000,-0.030866,-8.930637
2,180,0.000000,-0.030866,-8.979103
3,180,0.000000,0.034946,-8.957849
4,180,0.000000,-0.017481,-9.057134
5,180,0.000000,-0.017481,-8.982989
6,180,0.000000,-0.068836,-9.107405
7,180,0.000000,-0.068836,-9.237764
8,180,0.000000,-0.011678,-9.237764
9,180,0.000000,-0.073809,-9.037960
10,180,0.000000,-0.073809,-9.037960
1,181,0.000000,0.810198,1.157264
2,181,0.000000,0.810198,1.157264
3,181,0.000000,0.809641,1.157830
4,181,0.000000,0.794199,1.176992
5,181,0.000000,0.844172,1.481326
6,181,0.000000,0.800202,0.899910
7,181,0.000000,0.780848,1.023678
8,181,0.000000,0.816584,1.156334
9,181,0.000000,0.801141,1.156334
10,181,0.000000,0.804531,1.286627
1,182,0.000000,-0.938542,-5.703582
2,182,0.000000,-1.054963,-6.005288
3,182,0.000000,-0.976064,-5.860239
4,182,0.000000,-0.964917,-5.962004
5,182,0.000000,-0.921619,-5.645102
6,182,0.000000,-1.021643,-5.348310
7,182,0.000000,-0.929573,-5.590095
8,182,0.000000,-0.959671,-6.054042
9,182,0.000000,-1.009311,-6.159639
10,182,0.000000,-0.976188,-5.615914
1,183,0.000000,-0.373735,-0.287913
2,183,0.000000,-0.384430,-0.245595
3,183,0.000000,-0.384430,-0.308907
4,183,0.000000,-0.392544,-0.387877
5,183,0.000000,-0.418978,-0.117404
6,183,0.000000,-0.365514,-0.066551
7,183,0.000000,-0.322567,0.134146
8,183,0.000000,-0.330124,-0.003152
9,183,0.000000,-0.297487,0.075418
10,183,0.000000,-0.294056,0.204406
1,184,0.000000,0.058601,-0.986452
2,184,0.000000,0.027993,-0.984800
3,184,0.000000,-0.014469,-1.191752
4,184,0.000000,-0.014469,-1.381837
5,184,0.000000,-0.014469,-1.381837
6,184,0.000000,0.030368,-1.290545
7,184,0.000000,0.029537,-1.239307
8,184,0.000000,0.029537,-1.239307
9,184,0.000000,0.029537,-1.184423
10,184,0.000000,0.004782,-1.184423
1,185,0.000000,0.592746,3.197033
2,185,0.000000,0.577861,3.107699
3,185,0.000000,0.619728,2.978690
4,185,0.000000,0.599270,3.195637
5,185,0.000000,0.608949,3.129447
6,185,0.000000,0.608949,3.129447
7,185,0.000000,0.608949,3.129447
8,185,0.000000,0.564608,3.030363
9,185,0.000000,0.588710,3.093932
10,185,0.000000,0.590894,3.093932
1,186,0.000000,0.174549,-0.756525
2,186,0.000000,0.127836,-0.782957
3,186,0.000000,0.127836,-0.782957
4,186,0.000000,0.127836,-0.782957
5,186,0.000000,0.127836,-0.782957
6,186,0.000000,0.117965,-0.782957
7,186,0.000000,0.102234,-0.782957
8,186,0.000000,0.102234,-0.782957
9,186,0.000000,0.156141,-0.782957
10,186,0.000000,0.157007,-0.842666
1,187,0.000000,1.128839,-8.000116
2,187,0.000000,1.128839,-8.000116
3,187,0.000000,1.128839,-7.940186
4,187,0.000000,1.075302,-8.064365
5,187,0.000000,1.081005,-8.074052
6,187,0.000000,1.081005,-8.074052
7,187,0.000000,1.102956,-8.065818
8,187,0.000000,1.102956,-8.065818
9,187,0.000000,1.102956,-8.065818
10,187,0.000000,1.067283,-8.074266
1,188,0.000000,0.125627,4.299140
2,188,0.000000,0.125627,4.299140
3,188,0.000000,0.188335,4.727384
4,188,0.000000,0.175657,4.628072
5,188,0.000000,0.175657,4.628072
6,188,0.000000,0.159741,4.100491
7,188,0.000000,0.104078,4.040061
8,188,0.000000,0.104078,4.280357
9,188,0.000000,0.141732,4.683905
10,188,0.000000,0.087831,4.245199
1,189,0.000000,-0.721752,-0.456694
2,189,0.000000,-0.741099,-0.456694
3,189,0.000000,-0.735490,-0.402256
4,189,0.000000,-0.692319,-0.588577
5,189,0.000000,-0.740912,-0.209246
6,189,0.000000,-0.654837,-0.209246
7,189,0.000000,-0.594156,-0.295083
8,189,0.000000,-0.628207,-0.429093
9,189,0.000000,-0.816101,-0.382950
10,189,0.000000,-0.816445,-0.227594
1,190,0.000000,0.885134,0.902229
2,190,0.000000,0.885134,1.054220
3,190,0.000000,0.884151,1.054220
4,190,0.000000,0.884151,1.054220
5,190,0.000000,0.904551,1.054220
6,190,0.000000,0.904551,1.060407
7,190,0.000000,0.904551,1.060407
8,190,0.000000,0.904551,1.060407
9,190,0.000000,0.904551,1.033187
10,190,0.000000,0.904551,1.033187
1,191,0.000000,-0.203916,-0.381971
2,191,0.000000,-0.170704,-0.079796
3,191,0.000000,-0.146967,-0.079796
4,191,0.000000,-0.146967,-0.171737
5,191,0.000000,-0.206463,-0.586227
6,191,0.000000,-0.206463,-0.107349
7,191,0.000000,-0.161489,0.070806
8,191,0.000000,-0.161489,-0.161179
9,191,0.000000,-0.172361,-0.161179
10,191,0.000000,-0.171952,0.015722
1,192,0.000000,0.369515,-11.839504
2,192,0.000000,0.333986,-11.817858
3,192,0.000000,0.365162,-11.817858
4,192,0.000000,0.368822,-11.866295
5,192,0.000000,0.308434,-12.009432
6,192,0.000000,0.308434,-12.062421
7,192,0.000000,0.308655,-11.980054
8,192,0.000000,0.279660,-12.115798
9,192,0.000000,0.279660,-12.115798
10,192,0.000000,0.325943,-11.905866
1,193,0.000000,-0.724663,15.685945
2,193,0.000000,-0.743774,15.694302
3,193,0.000000,-0.743774,16.102488
4,193,0.000000,-0.746808,16.510225
5,193,0.000000,-0.772059,15.944725
6,193,0.000000,-0.681204,15.618042
7,193,0.000000,-0.699200,15.618042
8,193,0.000000,-0.756099,15.886034
9,193,0.000000,-0.720131,15.579295
10,193,0.000000,-0.722163,15.176353
1,194,0.000000,0.255285,-3.263697
2,194,0.000000,0.255285,-3.169027
3,194,0.000000,0.232039,-3.169027
4,194,0.000000,0.242746,-3.169027
5,194,0.000000,0.242746,-3.169027
6,194,0.000000,0.311639,-2.920089
7,194,0.000000,0.311639,-2.920089
8,194,0.000000,0.311639,-2.920089
9,194,0.000000,0.311639,-2.920089
10,194,0.000000,0.311639,-2.816019
1,195,0.000000,-0.007691,-4.106387
2,195,0.000000,-0.007691,-4.106387
3,195,0.000000,-0.007691,-4.106387
4,195,0.000000,-0.017198,-4.257853
5,195,0.000000,-0.019903,-4.257853
6,195,0.000000,-0.019903,-4.257853
7,195,0.000000,-0.028856,-4.289255
8,195,0.000000,-0.027673,-4.154900
9,195,0.000000,0.008078,-4.154900
10,195,0.000000,0.008078,-4.154900
1,196,0.000000,0.238248,-5.766006
2,196,0.000000,0.278540,-5.600410
3,196,0.000000,0.297992,-5.476053
4,196,0.000000,0.297992,-5.476053
5,196,0.000000,0.297992,-5.476053
6,196,0.000000,0.280575,-5.680299
7,196,0.000000,0.280575,-5.672507
8,196,0.000000,0.271709,-5.809094
9,196,0.000000,0.271709,-5.809094
10,196,0.000000,0.266577,-5.866321
1,197,0.000000,0.477398,1.171963
2,197,0.000000,0.477398,1.171963
3,197,0.000000,0.477398,1.171963
4,197,0.000000,0.329597,1.350354
5,197,0.000000,0.329597,1.350354
6,197,0.000000,0.338526,1.254070
7,197,0.000000,0.382846,1.181296
8,197,0.000000,0.363877,1.181296
9,197,0.000000,0.510726,1.181296
10,197,0.000000,0.510463,1.181296
1,198,0.000000,1.195526,2.367172
2,198,0.000000,1.147327,1.799276
3,198,0.000000,1.147327,1.799276
4,198,0.000000,1.194562,2.406741
5,198,0.000000,1.362259,2.195561
6,198,0.000000,1.150081,2.535741
7,198,0.000000,1.217060,1.901875
8,198,0.000000,1.223779,2.022583
9,198,0.000000,1.242319,2.022583
10,198,0.000000,1.298901,2.346841
1,199,0.000000,0.269048,-6.164741
2,199,0.000000,0.269048,-6.164741
3,199,0.000000,0.269048,-6.164741
4,199,0.000000,0.295712,-6.026235
5,199,0.000000,0.295496,-6.094099
6,199,0.000000,0.275513,-6.174190
7,199,0.000000,0.299366,-5.956746
8,199,0.000000,0.299366,-5.956746
9,199,0.000000,0.299366,-5.935307
10,199,0.000000,0.299366,-5.852973
1,200,0.000000,-0.503913,-5.361798
2,200,0.000000,-0.503913,-5.361798
3,200,0.000000,-0.475900,-5.371718
4,200,0.000000,-0.476484,-5.424368
5,200,0.000000,-0.476484,-5.236784
6,200,0.000000,-0.476484,-5.236784
7,200,0.000000,-0.444367,-5.247343
8,200,0.000000,-0.444367,-5.133562
9,200,0.000000,-0.444367,-5.043858
10,200,0.000000,-0.462090,-4.961565
1,201,0.000000,-0.586085,9.023223
2,201,0.000000,-0.584368,9.176496
3,201,0.000000,-0.616227,9.112810
4,201,0.000000,-0.606119,9.729311
5,201,0.000000,-0.676599,9.098477
6,201,0.000000,-0.622249,8.957382
7,201,0.000000,-0.642699,8.617684
8,201,0.000000,-0.566388,9.241101
9,201,0.000000,-0.624840,9.325106
10,201,0.000000,-0.614645,9.469499
1,202,0.000000,-0.958793,-0.134003
2,202,0.000000,-0.943175,0.021710
3,202,0.000000,-0.909099,-0.443640
4,202,0.000000,-0.992508,-0.359135
5,202,0.000000,-0.908879,0.348757
6,202,0.000000,-0.906883,-0.514193
7,202,0.000000,-0.961102,-0.505427
8,202,0.000000,-0.961102,0.066391
9,202,0.000000,-0.997688,-0.373221
10,202,0.000000,-0.976172,0.010976
1,203,0.000000,-0.507130,-6.302665
2,203,0.000000,-0.483597,-6.173899
3,203,0.000000,-0.483597,-6.173899
4,203,0.000000,-0.483597,-6.173899
5,203,0.000000,-0.483597,-6.173899
6,203,0.000000,-0.489577,-6.116478
7,203,0.000000,-0.426993,-5.560227
8,203,0.000000,-0.451221,-5.624525
9,203,0.000000,-0.451221,-5.961107
10,203,0.000000,-0.512891,-5.986321
1,204,0.000000,-0.399292,-6.067227
2,204,0.000000,-0.399292,-6.067227
3,204,0.000000,-0.348637,-6.067227
4,204,0.000000,-0.348637,-5.814733
5,204,0.000000,-0.343681,-5.837064
6,204,0.000000,-0.331522,-5.854575
7,204,0.000000,-0.372792,-6.212859
8,204,0.000000,-0.357916,-6.244336
9,204,0.000000,-0.357916,-6.244336
10,204,0.000000,-0.427794,-6.414648
1,205,0.000000,0.946921,-0.317045
2,205,0.000000,0.944620,-0.321901
3,205,0.000000,0.943311,-0.321901
4,205,0.000000,0.970739,-0.321901
5,205,0.000000,1.046433,-0.321901
6,205,0.000000,1.046433,-0.321901
7,205,0.000000,1.046433,-0.321901
8,205,0.000000,1.041461,-0.275129
9,205,0.000000,1.038307,-0.203049
10,205,0.000000,1.038307,-0.203049
1,206,0.000000,0.353783,7.503848
2,206,0.000000,0.353783,7.503848
3,206,0.000000,0.359928,7.503848
4,206,0.000000,0.287250,7.219577
5,206,0.000000,0.287250,7.219577
6,206,0.000000,0.287250,7.219577
7,206,0.000000,0.257431,7.219577
8,206,0.000000,0.286825,7.337067
9,206,0.000000,0.400594,7.424727
10,206,0.000000,0.400594,7.409653
1,207,0.000000,-0.305217,4.357092
2,207,0.000000,-0.346436,4.006702
3,207,0.000000,-0.364040,4.006702
4,207,0.000000,-0.351487,4.303750
5,207,0.000000,-0.351487,4.184733
6,207,0.000000,-0.324149,4.159882
7,207,0.000000,-0.361699,4.159882
8,207,0.000000,-0.331198,3.968263
9,207,0.000000,-0.305535,4.096065
10,207,0.000000,-0.320147,4.268249
1,208,0.000000,0.541303,7.344834
2,208,0.000000,0.307506,7.888109
3,208,0.000000,0.286294,8.167596
4,208,0.000000,0.218802,8.605364
5,208,0.000000,0.291116,8.320736
6,208,0.000000,0.324985,7.578472
7,208,0.000000,0.318602,8.411570
8,208,0.000000,0.347278,8.131948
9,208,0.000000,0.377090,7.640461
10,208,0.000000,0.384757,7.783863
1,209,0.000000,0.370085,4.919221
2,209,0.000000,0.337508,4.919221
3,209,0.000000,0.338930,4.730001
4,209,0.000000,0.331093,4.808507
5,209,0.000000,0.331093,4.667189
6,209,0.000000,0.336370,4.696707
7,209,0.000000,0.336370,4.564157
8,209,0.000000,0.322061,4.623751
9,209,0.000000,0.339862,4.666842
10,209,0.000000,0.330170,4.642307
1,210,0.000000,-0.769670,-6.893238
2,210,0.000000,-0.769670,-6.893238
3,210,0.000000,-0.788318,-6.877034
4,210,0.000000,-0.788318,-6.877034
5,210,0.000000,-0.745600,-6.943441
6,210,0.000000,-0.746699,-6.381288
7,210,0.000000,-0.746699,-6.669442
8,210,0.000000,-0.746699,-6.669442
9,210,0.000000,-0.720487,-6.617934
10,210,0.000000,-0.748550,-6.549667
1,211,0.000000,-0.556142,-0.263325
2,211,0.000000,-0.549746,-0.263325
3,211,0.000000,-0.594493,-1.056659
4,211,0.000000,-0.622541,-0.651778
5,211,0.000000,-0.622541,-1.049426
6,211,0.000000,-0.614913,-1.049426
7,211,0.000000,-0.614913,-1.049426
8,211,0.000000,-0.546222,-0.031788
9,211,0.000000,-0.546222,-0.560455
10,211,0.000000,-0.543003,0.051134
1,212,0.000000,0.442936,-7.502633
2,212,0.000000,0.424789,-7.529119
3,212,0.000000,0.450925,-7.783229
4,212,0.000000,0.385286,-7.886612
5,212,0.000000,0.422228,-7.938504
6,212,0.000000,0.438887,-7.555555
7,212,0.000000,0.467746,-7.430511
8,212,0.000000,0.467746,-7.430511
9,212,0.000000,0.489276,-7.456963
10,212,0.000000,0.514691,-7.489437
1,213,0.000000,-0.054208,6.866114
2,213,0.000000,-0.088958,7.216630
3,213,0.000000,-0.074674,6.684215
4,213,0.000000,-0.074674,6.684215
5,213,0.000000,-0.111439,6.999861
6,213,0.000000,-0.114878,6.487838
7,213,0.000000,-0.112929,7.025998
8,213,0.000000,-0.086397,7.025998
9,213,0.000000,-0.158953,7.025998
10,213,0.000000,-0.114421,7.030649
1,214,0.000000,0.593002,7.786219
2,214,0.000000,0.600365,7.786219
3,214,0.000000,0.546461,7.478475
4,214,0.000000,0.546461,7.478475
5,214,0.000000,0.588056,7.889906
6,214,0.000000,0.588056,7.889906
7,214,0.000000,0.546009,7.663023
8,214,0.000000,0.568307,7.663023
9,214,0.000000,0.568307,7.663023
10,214,0.000000,0.568307,7.684302
1,215,0.000000,0.692052,-8.125496
2,215,0.000000,0.687407,-8.246553
3,215,0.000000,0.687407,-8.246553
4,215,0.000000,0.687407,-8.246553
5,215,0.000000,0.667111,-8.296815
6,215,0.000000,0.667111,-8.296815
7,215,0.000000,0.682546,-8.261498
8,215,0.000000,0.670693,-8.261498
9,215,0.000000,0.670693,-8.261498
10,215,0.000000,0.717624,-8.173224
1,216,0.000000,0.345608,1.609390
2,216,0.000000,0.297474,1.609390
3,216,0.000000,0.297474,1.609390
4,216,0.000000,0.269432,1.583953
5,216,0.000000,0.228793,1.392731
6,216,0.000000,0.370990,1.643676
7,216,0.000000,0.228080,1.648036
8,216,0.000000,0.298203,1.648036
9,216,0.000000,0.277448,1.727700
10,216,0.000000,0.359255,1.727700
1,217,0.000000,0.596396,-4.249158
2,217,0.000000,0.608611,-3.772290
3,217,0.000000,0.608611,-3.917722
4,217,0.000000,0.617781,-3.990403
5,217,0.000000,0.597217,-4.069780
6,217,0.000000,0.608032,-4.140484
7,217,0.000000,0.602966,-4.015928
8,217,0.000000,0.600524,-4.015928
9,217,0.000000,0.567011,-3.946695
10,217,0.000000,0.557926,-4.024544
1,218,0.000000,0.033641,0.868647
2,218,0.000000,0.033641,0.640718
3,218,0.000000,0.033641,0.640718
4,218,0.000000,0.033641,1.105914
5,218,0.000000,0.069429,1.105914
6,218,0.000000,0.022570,0.746953
7,218,0.000000,0.022570,0.797763
8,218,0.000000,0.022570,0.797763
9,218,0.000000,0.022570,0.797763
10,218,0.000000,0.045936,0.851284
1,219,0.000000,-0.289816,6.021891
2,219,0.000000,-0.260272,6.496041
3,219,0.000000,-0.321997,6.361732
4,219,0.000000,-0.297304,6.223297
5,219,0.000000,-0.166617,5.486250
6,219,0.000000,-0.174709,5.331380
7,219,0.000000,-0.161461,5.359005
8,219,0.000000,-0.181147,5.888470
9,219,0.000000,-0.173159,5.356719
10,219,0.000000,-0.293284,6.387903
1,220,0.000000,0.234090,3.021984
2,220,0.000000,0.273503,3.021984
3,220,0.000000,0.255026,3.060865
4,220,0.000000,0.255026,3.060865
5,220,0.000000,0.288845,3.015294
6,220,0.000000,0.288845,3.015294
7,220,0.000000,0.236306,2.815576
8,220,0.000000,0.236306,2.815576
9,220,0.000000,0.303848,2.952164
10,220,0.000000,0.247019,3.052006
1,221,0.000000,-0.582066,-2.015771
2,221,0.000000,-0.610306,-2.446471
3,221,0.000000,-0.623042,-2.285588
4,221,0.000000,-0.623042,-2.320126
5,221,0.000000,-0.634037,-2.434534
6,221,0.000000,-0.613540,-2.434534
7,221,0.000000,-0.558475,-2.023391
8,221,0.000000,-0.558475,-2.297291
9,221,0.000000,-0.558475,-1.995529
10,221,0.000000,-0.568260,-1.979103
1,222,0.000000,0.546464,8.319427
2,222,0.000000,0.623262,8.275536
3,222,0.000000,0.654393,7.691714
4,222,0.000000,0.590850,8.457644
5,222,0.000000,0.574881,8.565394
6,222,0.000000,0.590156,8.247046
7,222,0.000000,0.556805,8.483267
8,222,0.000000,0.550111,8.483267
9,222,0.000000,0.550111,8.194828
10,222,0.000000,0.665148,7.717610
1,223,0.000000,-0.709661,-1.374130
2,223,0.000000,-0.674845,-0.613343
3,223,0.000000,-0.669671,-0.777027
4,223,0.000000,-0.633118,-0.360336
5,223,0.000000,-0.678354,-0.322924
6,223,0.000000,-0.654121,-0.474989
7,223,0.000000,-0.652975,-0.748236
8,223,0.000000,-0.683424,-0.963859
9,223,0.000000,-0.687076,-0.686276
10,223,0.000000,-0.681431,-0.829452
1,224,0.000000,-0.968962,7.631102
2,224,0.000000,-0.968962,7.631102
3,224,0.000000,-0.908116,6.570177
4,224,0.000000,-0.921801,6.610460
5,224,0.000000,-0.931558,6.891917
6,224,0.000000,-0.891832,7.390908
7,224,0.000000,-0.868224,6.132684
8,224,0.000000,-0.867052,5.444960
9,224,0.000000,-0.830623,7.019877
10,224,0.000000,-0.910475,7.563590
1,225,0.000000,-1.179374,0.587306
2,225,0.000000,-1.186329,1.086480
3,225,0.000000,-1.168183,1.242972
4,225,0.000000,-1.252037,0.624170
5,225,0.000000,-1.207989,0.490806
6,225,0.000000,-1.230700,1.540921
7,225,0.000000,-1.217716,1.725339
8,225,0.000000,-1.147025,1.154103
9,225,0.000000,-1.150299,0.951838
10,225,0.000000,-1.254352,0.423871
1,226,0.000000,0.343662,-6.059079
2,226,0.000000,0.343662,-6.059079
3,226,0.000000,0.343662,-6.059079
4,226,0.000000,0.346211,-6.159705
5,226,0.000000,0.346211,-6.159705
6,226,0.000000,0.346211,-6.159705
7,226,0.000000,0.332474,-6.159705
8,226,0.000000,0.326777,-6.159705
9,226,0.000000,0.336483,-6.159705
10,226,0.000000,0.336483,-6.159705
1,227,0.000000,-0.670467,-0.090198
2,227,0.000000,-0.670773,0.131160
3,227,0.000000,-0.772070,0.062916
4,227,0.000000,-0.728782,0.143792
5,227,0.000000,-0.660486,0.100148
6,227,0.000000,-0.724237,0.199001
7,227,0.000000,-0.728177,-0.132118
8,227,0.000000,-0.708119,0.421114
9,227,0.000000,-0.590499,0.455943
10,227,0.000000,-0.683897,-0.148025
1,228,0.000000,-0.604510,0.189035
2,228,0.000000,-0.628304,0.248673
3,228,0.000000,-0.628304,0.248673
4,228,0.000000,-0.564755,-0.028758
5,228,0.000000,-0.639773,0.237148
6,228,0.000000,-0.615679,-0.115649
7,228,0.000000,-0.615679,0.088401
8,228,0.000000,-0.663564,-0.017963
9,228,0.000000,-0.730497,-0.298644
10,228,0.000000,-0.675847,0.174577
1,229,0.000000,-0.521352,-5.226919
2,229,0.000000,-0.537843,-5.633533
3,229,0.000000,-0.538252,-5.633533
4,229,0.000000,-0.539630,-5.633533
5,229,0.000000,-0.539630,-5.633533
6,229,0.000000,-0.539630,-5.810767
7,229,0.000000,-0.539630,-5.534368
8,229,0.000000,-0.539630,-5.568969
9,229,0.000000,-0.539630,-5.577496
10,229,0.000000,-0.547361,-5.670668
1,230,0.000000,0.201125,11.507538
2,230,0.000000,0.193262,11.507538
3,230,0.000000,0.235758,11.568125
4,230,0.000000,0.342101,11.696426
5,230,0.000000,0.146911,11.821414
6,230,0.000000,0.106532,11.742819
7,230,0.000000,0.182502,11.941759
8,230,0.000000,0.158470,11.406418
9,230,0.000000,0.204789,11.363155
10,230,0.000000,0.218584,11.975855
1,231,0.000000,0.004430,-0.727696
2,231,0.000000,-0.038173,-0.727696
3,231,0.000000,0.043747,-0.792751
4,231,0.000000,0.038193,-0.792751
5,231,0.000000,0.083475,-0.774262
6,231,0.000000,0.066648,-0.756624
7,231,0.000000,-0.003018,-0.835759
8,231,0.000000,0.004755,-1.166071
9,231,0.000000,0.004755,-1.166071
10,231,0.000000,0.003797,-1.174605
1,232,0.000000,0.482979,0.529630
2,232,0.000000,0.482979,0.529630
3,232,0.000000,0.482979,0.529630
4,232,0.000000,0.482829,0.485433
5,232,0.000000,0.499328,0.376896
6,232,0.000000,0.499328,0.364037
7,232,0.000000,0.445982,0.364037
8,232,0.000000,0.474579,0.289063
9,232,0.000000,0.443579,0.194874
10,232,0.000000,0.443579,0.194874
1,233,0.000000,0.308223,-6.098312
2,233,0.000000,0.308223,-6.098312
3,233,0.000000,0.308223,-6.098312
4,233,0.000000,0.308223,-6.098312
5,233,0.000000,0.308223,-6.098312
6,233,0.000000,0.308223,-6.091161
7,233,0.000000,0.308223,-6.091161
8,233,0.000000,0.308223,-6.091161
9,233,0.000000,0.280960,-6.175931
10,233,0.000000,0.284556,-6.252897
1,234,0.000000,-0.101623,-7.524336
2,234,0.000000,-0.085256,-7.524336
3,234,0.000000,-0.085256,-7.501575
4,234,0.000000,-0.071466,-7.340152
5,234,0.000000,-0.069807,-7.598572
6,234,0.000000,-0.074554,-7.598572
7,234,0.000000,-0.074554,-7.598572
8,234,0.000000,-0.074554,-7.598572
9,234,0.000000,-0.073212,-7.652942
10,234,0.000000,-0.078919,-7.652942
1,235,0.000000,-0.497790,-7.707954
2,235,0.000000,-0.497790,-7.707954
3,235,0.000000,-0.497790,-7.707954
4,235,0.000000,-0.484737,-7.458349
5,235,0.000000,-0.484737,-7.458349
6,235,0.000000,-0.537054,-8.334619
7,235,0.000000,-0.537054,-8.334619
8,235,0.000000,-0.544437,-8.137658
9,235,0.000000,-0.505308,-7.933974
10,235,0.000000,-0.505308,-7.765666
1,236,0.000000,0.006596,1.587687
2,236,0.000000,-0.026165,1.237756
3,236,0.000000,-0.026165,1.396897
4,236,0.000000,-0.026165,1.286169
5,236,0.000000,-0.026165,1.286169
6,236,0.000000,0.000779,1.538584
7,236,0.000000,0.000779,1.503332
8,236,0.000000,0.000779,1.503332
9,236,0.000000,-0.004030,1.503332
10,236,0.000000,-0.041081,1.278810
1,237,0.000000,0.356995,-9.849049
2,237,0.000000,0.391771,-9.752733
3,237,0.000000,0.364726,-9.847821
4,237,0.000000,0.335187,-9.727094
5,237,0.000000,0.298499,-10.227562
6,237,0.000000,0.298499,-10.181426
7,237,0.000000,0.317081,-10.007343
8,237,0.000000,0.317081,-10.007343
9,237,0.000000,0.317081,-9.894806
10,237,0.000000,0.317081,-9.960966
1,238,0.000000,0.103003,5.281050
2,238,0.000000,0.110276,5.116703
3,238,0.000000,0.107228,5.424940
4,238,0.000000,0.137163,5.037361
5,238,0.000000,0.008704,5.355245
6,238,0.000000,0.002842,5.381506
7,238,0.000000,0.044852,5.223071
8,238,0.000000,0.104082,5.235094
9,238,0.000000,0.118311,5.333258
10,238,0.000000,0.161491,5.215569
1,239,0.000000,-0.134161,3.152096
2,239,0.000000,-0.134161,3.152096
3,239,0.000000,-0.153617,3.147682
4,239,0.000000,-0.127859,3.220390
5,239,0.000000,-0.127859,3.221457
6,239,0.000000,-0.135250,3.273670
7,239,0.000000,-0.135250,3.273670
8,239,0.000000,-0.130907,3.355456
9,239,0.000000,-0.168395,2.773859
10,239,0.000000,-0.168395,2.773859
1,240,0.000000,-0.658576,-1.992816
2,240,0.000000,-0.658576,-1.520874
3,240,0.000000,-0.671287,-1.610461
4,240,0.000000,-0.595078,-1.610461
5,240,0.000000,-0.589817,-1.701376
6,240,0.000000,-0.548793,-1.350213
7,240,0.000000,-0.598305,-1.676682
8,240,0.000000,-0.598305,-1.676682
9,240,0.000000,-0.649114,-1.676682
10,240,0.000000,-0.696206,-2.198699
1,241,0.000000,-0.317592,-11.078958
2,241,0.000000,-0.339175,-11.437653
3,241,0.000000,-0.301163,-10.946445
4,241,0.000000,-0.301163,-10.946445
5,241,0.000000,-0.279443,-10.564270
6,241,0.000000,-0.271402,-10.771140
7,241,0.000000,-0.271402,-10.812232
8,241,0.000000,-0.286754,-10.905083
9,241,0.000000,-0.287879,-10.772588
10,241,0.000000,-0.276168,-10.519606
1,242,0.000000,-0.211135,0.747994
2,242,0.000000,-0.211135,0.491327
3,242,0.000000,-0.211135,0.694651
4,242,0.000000,-0.214590,0.892444
5,242,0.000000,-0.214590,0.867963
6,242,0.000000,-0.212168,0.867963
7,242,0.000000,-0.196353,1.050748
8,242,0.000000,-0.196353,1.024486
9,242,0.000000,-0.218889,0.547525
10,242,0.000000,-0.194503,1.109343
1,243,0.000000,-0.392054,8.017429
2,243,0.000000,-0.484811,8.615943
3,243,0.000000,-0.479010,8.650521
4,243,0.000000,-0.485798,8.734184
5,243,0.000000,-0.531365,8.453858
6,243,0.000000,-0.450931,8.640660
7,243,0.000000,-0.490755,8.628033
8,243,0.000000,-0.443872,8.533789
9,243,0.000000,-0.620290,8.633606
10,243,0.000000,-0.593074,8.633606
1,244,0.000000,-0.593515,0.146745
2,244,0.000000,-0.593515,0.225560
3,244,0.000000,-0.593515,0.225560
4,244,0.000000,-0.578899,0.806112
5,244,0.000000,-0.534116,0.457887
6,244,0.000000,-0.593759,0.316367
7,244,0.000000,-0.593788,0.003282
8,244,0.000000,-0.593788,0.118437
9,244,0.000000,-0.593788,0.321780
10,244,0.000000,-0.547604,0.915166
1,245,0.000000,-0.626744,-8.966871
2,245,0.000000,-0.649144,-8.822250
3,245,0.000000,-0.642933,-8.710230
4,245,0.000000,-0.644852,-9.014628
5,245,0.000000,-0.651186,-9.247352
6,245,0.000000,-0.681653,-9.247352
7,245,0.000000,-0.695569,-9.843291
8,245,0.000000,-0.671618,-9.367006
9,245,0.000000,-0.599620,-8.746183
10,245,0.000000,-0.599620,-9.020065
1,246,0.000000,0.386866,-1.202107
2,246,0.000000,0.386866,-1.302926
3,246,0.000000,0.386866,-1.302926
4,246,0.000000,0.386866,-1.208422
5,246,0.000000,0.380816,-1.275378
6,246,0.000000,0.380816,-1.275378
7,246,0.000000,0.380816,-1.275378
8,246,0.000000,0.380816,-1.275378
9,246,0.000000,0.380816,-1.275378
10,246,0.000000,0.390470,-1.275378
1,247,0.000000,-0.916756,-0.256519
2,247,0.000000,-0.917063,-0.210450
3,247,0.000000,-0.896220,-0.142672
4,247,0.000000,-0.889570,-0.358625
5,247,0.000000,-0.892567,0.031639
6,247,0.000000,-0.886691,-0.193493
7,247,0.000000,-0.928903,0.006720
8,247,0.000000,-0.891810,-0.033805
9,247,0.000000,-0.872766,-0.249272
10,247,0.000000,-0.872766,-0.249272
1,248,0.000000,-0.182103,-1.331815
2,248,0.000000,-0.201080,-1.342284
3,248,0.000000,-0.201080,-1.261750
4,248,0.000000,-0.112481,-0.931945
5,248,0.000000,-0.162674,-1.176118
6,248,0.000000,-0.162674,-1.176118
7,248,0.000000,-0.162674,-1.176118
8,248,0.000000,-0.162674,-1.176118
9,248,0.000000,-0.153886,-1.176118
10,248,0.000000,-0.173278,-1.176118
1,249,0.000000,0.215027,-9.203098
2,249,0.000000,0.192510,-9.493087
3,249,0.000000,0.192510,-9.493087
4,249,0.000000,0.192510,-9.799355
5,249,0.000000,0.214270,-9.660059
6,249,0.000000,0.184252,-9.642193
7,249,0.000000,0.176282,-9.937737
8,249,0.000000,0.179959,-9.667537
9,249,0.000000,0.179959,-9.667537
10,249,0.000000,0.169767,-9.674131
1,250,0.000000,0.184944,-9.222509
2,250,0.000000,0.184944,-9.222509
3,250,0.000000,0.247917,-8.661628
4,250,0.000000,0.247917,-8.906274
5,250,0.000000,0.223709,-8.909003
6,250,0.000000,0.223709,-8.909003
7,250,0.000000,0.223709,-8.909003
8,250,0.000000,0.228856,-8.909003
9,250,0.000000,0.228856,-8.952791
10,250,0.000000,0.228856,-8.952791