          ;    Tlag_pop;      ka_pop;         V_pop;       Cl_pop;    omega_ka;     omega_V;    omega_Cl;           a
  Tlag_pop;0.3140919390;0.0000000000;  0.0000000000; 0.0000000000;0.0000000000;0.0000000000;0.0000000000;0.0000000000
    ka_pop;0.0000000000;1.7014986626;  0.0000000000; 0.0000000000;0.0000000000;0.0000000000;0.0000000000;0.0000000000
     V_pop;0.0000000000;0.0000000000;236.1386033466; 0.0000000000;0.0000000000;0.0000000000;0.0000000000;0.0000000000
    Cl_pop;0.0000000000;0.0000000000;  0.0000000000;39.5485822067;0.0000000000;0.0000000000;0.0000000000;0.0000000000
omega_Tlag;0.0000000000;0.0000000000;  0.0000000000; 0.0000000000;0.0000000000;0.0000000000;0.0000000000;0.0000000000
  omega_ka;0.0000000000;0.0000000000;  0.0000000000; 0.0000000000;1.0000000000;0.0000000000;0.0000000000;0.0000000000
   omega_V;0.0000000000;0.0000000000;  0.0000000000; 0.0000000000;0.0000000000;1.0000000000;0.0000000000;0.0000000000
  omega_Cl;0.0000000000;0.0000000000;  0.0000000000; 0.0000000000;0.0000000000;0.0000000000;1.0000000000;0.0000000000
         a;0.0000000000;0.0000000000;  0.0000000000; 0.0000000000;0.0000000000;0.0000000000;0.0000000000;1.0000000000
