rep,id,eta_p0,eta_alpha,eta_tau
1,1,0.000000,-0.192600,-0.074400
2,1,0.000000,-0.198315,0.108436
3,1,0.000000,-0.198315,0.108436
4,1,0.000000,-0.183142,0.100059
5,1,0.000000,-0.182295,0.108468
6,1,0.000000,-0.185435,0.075311
7,1,0.000000,-0.118978,0.452600
8,1,0.000000,-0.149465,0.452600
9,1,0.000000,-0.232520,-0.139659
10,1,0.000000,-0.232520,-0.520411
1,2,0.000000,0.166071,3.453690
2,2,0.000000,0.193290,3.410141
3,2,0.000000,0.193290,3.410141
4,2,0.000000,0.185994,3.363944
5,2,0.000000,0.185994,3.363944
6,2,0.000000,0.185994,3.363944
7,2,0.000000,0.185994,3.363944
8,2,0.000000,0.205401,3.584321
9,2,0.000000,0.205401,3.609681
10,2,0.000000,0.205401,3.609681
1,3,0.000000,-0.462587,0.105392
2,3,0.000000,-0.599658,-0.165879
3,3,0.000000,-0.605957,-0.165879
4,3,0.000000,-0.576909,-0.106168
5,3,0.000000,-0.523864,0.001764
6,3,0.000000,-0.554415,-0.073993
7,3,0.000000,-0.594164,-0.137389
8,3,0.000000,-0.600216,-0.380720
9,3,0.000000,-0.536452,0.463357
10,3,0.000000,-0.521180,0.067138
1,4,0.000000,0.180165,-7.981364
2,4,0.000000,0.132917,-8.005025
3,4,0.000000,0.154948,-7.825634
4,4,0.000000,0.154948,-7.859373
5,4,0.000000,0.217537,-7.425451
6,4,0.000000,0.196218,-7.453764
7,4,0.000000,0.196218,-7.453764
8,4,0.000000,0.230974,-7.154560
9,4,0.000000,0.232065,-7.163249
10,4,0.000000,0.232065,-7.163249
1,5,0.000000,-0.202044,4.896056
2,5,0.000000,-0.238523,4.329158
3,5,0.000000,-0.191551,4.486703
4,5,0.000000,-0.181615,4.736825
5,5,0.000000,-0.173730,4.607431
6,5,0.000000,-0.189418,4.716736
7,5,0.000000,-0.173736,4.967368
8,5,0.000000,-0.171160,5.092479
9,5,0.000000,-0.171160,5.092479
10,5,0.000000,-0.149096,4.948808
1,6,0.000000,0.644324,-9.135921
2,6,0.000000,0.643447,-9.062778
3,6,0.000000,0.658772,-8.694872
4,6,0.000000,0.658772,-8.694872
5,6,0.000000,0.658772,-8.694872
6,6,0.000000,0.658772,-8.694872
7,6,0.000000,0.685066,-8.561983
8,6,0.000000,0.685066,-8.561983
9,6,0.000000,0.685066,-8.595314
10,6,0.000000,0.701241,-8.435184
1,7,0.000000,0.089995,-7.516098
2,7,0.000000,0.089995,-7.516098
3,7,0.000000,0.089995,-7.516098
4,7,0.000000,0.075831,-7.512886
5,7,0.000000,0.075104,-7.639400
6,7,0.000000,0.114484,-7.242886
7,7,0.000000,0.109558,-7.289925
8,7,0.000000,0.120859,-7.319554
9,7,0.000000,0.102290,-7.125777
10,7,0.000000,0.102290,-7.504757
1,8,0.000000,0.091904,-11.693045
2,8,0.000000,0.095244,-11.478787
3,8,0.000000,0.107902,-11.867177
4,8,0.000000,0.068556,-12.061380
5,8,0.000000,0.043308,-12.175640
6,8,0.000000,0.055311,-11.821623
7,8,0.000000,0.095367,-12.057022
8,8,0.000000,0.072547,-11.839902
9,8,0.000000,0.079476,-11.781833
10,8,0.000000,0.118586,-11.879115
1,9,0.000000,0.203147,-6.226386
2,9,0.000000,0.203147,-6.231600
3,9,0.000000,0.203147,-6.231600
4,9,0.000000,0.203147,-6.107490
5,9,0.000000,0.241557,-6.134942
6,9,0.000000,0.228554,-6.134942
7,9,0.000000,0.228554,-6.134942
8,9,0.000000,0.149983,-6.821678
9,9,0.000000,0.158868,-6.821678
10,9,0.000000,0.158868,-6.552551
1,10,0.000000,-0.592151,3.137297
2,10,0.000000,-0.666661,3.072649
3,10,0.000000,-0.621779,2.968953
4,10,0.000000,-0.616740,2.978329
5,10,0.000000,-0.616740,2.978329
6,10,0.000000,-0.664027,3.016487
7,10,0.000000,-0.664027,3.016487
8,10,0.000000,-0.653669,2.303725
9,10,0.000000,-0.634426,3.017812
10,10,0.000000,-0.634426,3.017812
1,11,0.000000,0.825208,-3.532169
2,11,0.000000,0.825208,-3.532169
3,11,0.000000,0.776656,-3.532169
4,11,0.000000,0.776517,-3.599084
5,11,0.000000,0.776517,-3.504896
6,11,0.000000,0.776517,-3.504896
7,11,0.000000,0.754521,-3.435561
8,11,0.000000,0.772123,-3.393005
9,11,0.000000,0.795963,-3.766410
10,11,0.000000,0.745969,-3.353320
1,12,0.000000,0.023562,5.065466
2,12,0.000000,0.023562,4.962245
3,12,0.000000,0.023562,4.962245
4,12,0.000000,0.035621,4.873312
5,12,0.000000,-0.005464,4.774255
6,12,0.000000,-0.035034,4.465690
7,12,0.000000,-0.072066,4.668852
8,12,0.000000,-0.011480,4.669433
9,12,0.000000,0.017322,4.684695
10,12,0.000000,0.017322,4.822426
1,13,0.000000,0.428555,0.864034
2,13,0.000000,0.433056,0.880462
3,13,0.000000,0.433056,0.880462
4,13,0.000000,0.433056,0.880462
5,13,0.000000,0.433056,0.969969
6,13,0.000000,0.433056,0.969969
7,13,0.000000,0.433056,0.969969
8,13,0.000000,0.426900,0.969969
9,13,0.000000,0.426900,0.969969
10,13,0.000000,0.426900,0.788024
1,14,0.000000,0.826769,-0.608668
2,14,0.000000,0.803818,-0.488066
3,14,0.000000,0.809731,-0.488066
4,14,0.000000,0.857057,-0.266506
5,14,0.000000,0.749292,-0.560563
6,14,0.000000,0.734548,-0.985971
7,14,0.000000,0.752771,-0.962122
8,14,0.000000,0.774488,-0.698292
9,14,0.000000,0.789203,-0.916784
10,14,0.000000,0.766678,-0.491159
1,15,0.000000,0.349767,11.705662
2,15,0.000000,0.347256,11.705662
3,15,0.000000,0.413154,11.705662
4,15,0.000000,0.413154,11.992155
5,15,0.000000,0.409895,11.971588
6,15,0.000000,0.403752,11.803299
7,15,0.000000,0.300882,11.702431
8,15,0.000000,0.339914,11.683939
9,15,0.000000,0.339914,11.683939
10,15,0.000000,0.321484,11.683939
1,16,0.000000,-0.045365,-12.233141
2,16,0.000000,-0.045365,-12.233141
3,16,0.000000,-0.045365,-12.233141
4,16,0.000000,-0.045365,-12.233141
5,16,0.000000,-0.067188,-12.360696
6,16,0.000000,-0.067188,-12.360696
7,16,0.000000,-0.067188,-12.360696
8,16,0.000000,-0.067188,-12.320714
9,16,0.000000,-0.067188,-12.382737
10,16,0.000000,-0.067188,-12.382737
1,17,0.000000,0.322031,1.905204
2,17,0.000000,0.326549,1.905204
3,17,0.000000,0.304653,1.757522
4,17,0.000000,0.308490,2.196038
5,17,0.000000,0.308490,1.942486
6,17,0.000000,0.308490,1.825635
7,17,0.000000,0.308490,1.827743
8,17,0.000000,0.269050,1.797788
9,17,0.000000,0.269050,1.699804
10,17,0.000000,0.269050,1.699804
1,18,0.000000,0.006183,-13.251000
2,18,0.000000,0.032889,-12.899422
3,18,0.000000,0.032889,-12.899422
4,18,0.000000,-0.007159,-12.829490
5,18,0.000000,-0.013217,-13.420693
6,18,0.000000,-0.056583,-13.615244
7,18,0.000000,-0.050582,-13.148975
8,18,0.000000,-0.054140,-13.148975
9,18,0.000000,-0.054140,-13.168234
10,18,0.000000,-0.030013,-13.157634
1,19,0.000000,0.065681,5.549482
2,19,0.000000,0.065681,5.657222
3,19,0.000000,0.065681,5.657222
4,19,0.000000,0.065681,5.657222
5,19,0.000000,0.065681,5.657222
6,19,0.000000,0.065681,5.657222
7,19,0.000000,0.065681,5.657222
8,19,0.000000,0.065681,5.657222
9,19,0.000000,0.065681,5.657222
10,19,0.000000,0.065681,5.657222
1,20,0.000000,0.004578,-6.288492
2,20,0.000000,0.004578,-6.288492
3,20,0.000000,0.004578,-6.288492
4,20,0.000000,0.012725,-6.098341
5,20,0.000000,0.016234,-6.098341
6,20,0.000000,0.016234,-6.279876
7,20,0.000000,0.016234,-6.271285
8,20,0.000000,0.014107,-6.214307
9,20,0.000000,0.009998,-6.214307
10,20,0.000000,0.009998,-6.214307
1,21,0.000000,0.012899,-4.581665
2,21,0.000000,0.073213,-4.391814
3,21,0.000000,0.100711,-4.052947
4,21,0.000000,0.089361,-4.007201
5,21,0.000000,0.071747,-4.007201
6,21,0.000000,0.071747,-4.007201
7,21,0.000000,0.093626,-4.343733
8,21,0.000000,0.093626,-3.983643
9,21,0.000000,0.065780,-3.966641
10,21,0.000000,0.041306,-4.455378
1,22,0.000000,-0.995205,2.003742
2,22,0.000000,-0.973332,1.966388
3,22,0.000000,-0.896802,2.142586
4,22,0.000000,-0.989889,2.112856
5,22,0.000000,-0.984163,1.866502
6,22,0.000000,-1.017640,2.403618
7,22,0.000000,-0.936808,2.237467
8,22,0.000000,-1.107234,2.194193
9,22,0.000000,-0.954173,1.798054
10,22,0.000000,-1.028971,2.671592
1,23,0.000000,-0.263824,-2.860030
2,23,0.000000,-0.263824,-2.860030
3,23,0.000000,-0.263824,-2.860030
4,23,0.000000,-0.263824,-3.175087
5,23,0.000000,-0.263824,-3.161865
6,23,0.000000,-0.257647,-2.998031
7,23,0.000000,-0.271835,-2.889064
8,23,0.000000,-0.271835,-2.889064
9,23,0.000000,-0.271835,-2.889064
10,23,0.000000,-0.287169,-3.187143
1,24,0.000000,-1.140726,0.569604
2,24,0.000000,-1.071364,0.254608
3,24,0.000000,-1.113506,0.259308
4,24,0.000000,-1.147849,0.154080
5,24,0.000000,-1.136645,1.406714
6,24,0.000000,-1.153044,0.752143
7,24,0.000000,-1.100926,0.065101
8,24,0.000000,-1.111130,0.691348
9,24,0.000000,-1.131307,0.849898
10,24,0.000000,-1.211915,0.003624
1,25,0.000000,-0.129080,3.439347
2,25,0.000000,-0.251867,3.142484
3,25,0.000000,-0.281427,3.008535
4,25,0.000000,-0.283468,2.774064
5,25,0.000000,-0.324761,3.170353
6,25,0.000000,-0.320052,2.880484
7,25,0.000000,-0.282734,3.083513
8,25,0.000000,-0.223983,3.083513
9,25,0.000000,-0.218064,3.205758
10,25,0.000000,-0.266978,3.177796
1,26,0.000000,0.808790,5.892666
2,26,0.000000,0.795387,5.892666
3,26,0.000000,0.712712,6.286615
4,26,0.000000,0.424409,6.226806
5,26,0.000000,0.574283,6.226806
6,26,0.000000,0.582427,6.509457
7,26,0.000000,0.532905,6.556421
8,26,0.000000,0.416706,6.163329
9,26,0.000000,0.398296,6.162795
10,26,0.000000,0.458100,6.162795
1,27,0.000000,-0.334672,-3.564827
2,27,0.000000,-0.334672,-4.287424
3,27,0.000000,-0.328293,-3.914744
4,27,0.000000,-0.328293,-4.036106
5,27,0.000000,-0.328293,-3.670254
6,27,0.000000,-0.328293,-3.670254
7,27,0.000000,-0.328293,-3.670254
8,27,0.000000,-0.307347,-3.540898
9,27,0.000000,-0.307347,-3.604164
10,27,0.000000,-0.307347,-3.826823
1,28,0.000000,0.230782,1.649259
2,28,0.000000,0.226124,1.772263
3,28,0.000000,0.288378,2.041740
4,28,0.000000,0.227901,1.776109
5,28,0.000000,0.227901,1.776109
6,28,0.000000,0.271388,2.176441
7,28,0.000000,0.271388,2.176441
8,28,0.000000,0.277962,2.225743
9,28,0.000000,0.260988,2.225743
10,28,0.000000,0.260988,2.225743
1,29,0.000000,0.675186,9.688434
2,29,0.000000,0.675186,9.601063
3,29,0.000000,0.675186,9.601063
4,29,0.000000,0.674520,9.716755
5,29,0.000000,0.674520,9.606509
6,29,0.000000,0.623631,9.402834
7,29,0.000000,0.615303,9.412470
8,29,0.000000,0.615303,9.412470
9,29,0.000000,0.615303,9.412470
10,29,0.000000,0.615303,9.412470
1,30,0.000000,-0.438811,-5.076429
2,30,0.000000,-0.438811,-5.076429
3,30,0.000000,-0.438811,-5.228000
4,30,0.000000,-0.438811,-5.247266
5,30,0.000000,-0.438811,-5.074929
6,30,0.000000,-0.457774,-5.337512
7,30,0.000000,-0.457774,-5.337512
8,30,0.000000,-0.454066,-5.555922
9,30,0.000000,-0.454066,-5.555922
10,30,0.000000,-0.454066,-5.384140
1,31,0.000000,0.503821,-4.907748
2,31,0.000000,0.503821,-4.907748
3,31,0.000000,0.509102,-4.907748
4,31,0.000000,0.476478,-4.907748
5,31,0.000000,0.505218,-4.874611
6,31,0.000000,0.479145,-4.971667
7,31,0.000000,0.477020,-4.971667
8,31,0.000000,0.502611,-4.971667
9,31,0.000000,0.450602,-4.839090
10,31,0.000000,0.496710,-4.922055
1,32,0.000000,0.406423,3.198653
2,32,0.000000,0.369030,3.009610
3,32,0.000000,0.369030,3.009610
4,32,0.000000,0.343881,2.631803
5,32,0.000000,0.381558,2.992977
6,32,0.000000,0.372207,2.654581
7,32,0.000000,0.372207,2.654581
8,32,0.000000,0.370599,2.978797
9,32,0.000000,0.370599,2.978797
10,32,0.000000,0.340547,3.014816
1,33,0.000000,-0.134480,1.842294
2,33,0.000000,-0.277363,1.036602
3,33,0.000000,-0.261270,1.447540
4,33,0.000000,-0.233154,1.809480
5,33,0.000000,-0.238900,1.581771
6,33,0.000000,-0.114909,1.988607
7,33,0.000000,-0.243749,2.155748
8,33,0.000000,-0.185554,1.656920
9,33,0.000000,-0.194090,1.548127
10,33,0.000000,-0.264358,1.385422
1,34,0.000000,0.160907,-3.560328
2,34,0.000000,0.160907,-3.560328
3,34,0.000000,0.147078,-3.633695
4,34,0.000000,0.147078,-3.633695
5,34,0.000000,0.147078,-3.633695
6,34,0.000000,0.147078,-3.589791
7,34,0.000000,0.147078,-3.589791
8,34,0.000000,0.147078,-3.607435
9,34,0.000000,0.133639,-3.607435
10,34,0.000000,0.145977,-3.607435
1,35,0.000000,0.140380,3.227961
2,35,0.000000,0.133259,3.227961
3,35,0.000000,0.150311,3.201441
4,35,0.000000,0.137786,3.242185
5,35,0.000000,0.137786,3.242185
6,35,0.000000,0.155789,3.242185
7,35,0.000000,0.144243,3.310425
8,35,0.000000,0.128691,3.372890
9,35,0.000000,0.128691,3.372890
10,35,0.000000,0.091315,3.193549
1,36,0.000000,-0.022827,-2.835256
2,36,0.000000,-0.052775,-2.835256
3,36,0.000000,-0.039792,-2.875317
4,36,0.000000,-0.063260,-2.875317
5,36,0.000000,-0.063260,-2.780883
6,36,0.000000,-0.063260,-2.780883
7,36,0.000000,-0.026813,-3.184504
8,36,0.000000,-0.047283,-3.125812
9,36,0.000000,-0.047283,-3.125812
10,36,0.000000,-0.024421,-2.950850
1,37,0.000000,-0.319510,-8.168095
2,37,0.000000,-0.310488,-7.935765
3,37,0.000000,-0.310488,-7.935765
4,37,0.000000,-0.310488,-7.935765
5,37,0.000000,-0.310488,-7.937045
6,37,0.000000,-0.310488,-7.937045
7,37,0.000000,-0.310488,-7.944840
8,37,0.000000,-0.310488,-7.944840
9,37,0.000000,-0.311498,-8.074417
10,37,0.000000,-0.315138,-8.325671
1,38,0.000000,0.600899,-2.266153
2,38,0.000000,0.610167,-1.596247
3,38,0.000000,0.669316,-1.078098
4,38,0.000000,0.655747,-1.343977
5,38,0.000000,0.655747,-1.734015
6,38,0.000000,0.621837,-1.453770
7,38,0.000000,0.593954,-1.808329
8,38,0.000000,0.650267,-1.650968
9,38,0.000000,0.678855,-1.419536
10,38,0.000000,0.613222,-2.085316
1,39,0.000000,-0.064397,1.235056
2,39,0.000000,-0.064397,1.383741
3,39,0.000000,-0.063860,1.322439
4,39,0.000000,-0.065181,1.322439
5,39,0.000000,-0.104189,1.322439
6,39,0.000000,-0.104189,1.210679
7,39,0.000000,-0.104189,1.096527
8,39,0.000000,-0.043222,1.985250
9,39,0.000000,-0.086347,1.922103
10,39,0.000000,-0.060370,1.486755
1,40,0.000000,0.612999,-3.963678
2,40,0.000000,0.594191,-4.007087
3,40,0.000000,0.594191,-3.865398
4,40,0.000000,0.594191,-3.865398
5,40,0.000000,0.621802,-3.865398
6,40,0.000000,0.621802,-3.865398
7,40,0.000000,0.587853,-3.882584
8,40,0.000000,0.586821,-3.986715
9,40,0.000000,0.586821,-3.986715
10,40,0.000000,0.601268,-3.834314
1,41,0.000000,-0.367340,-2.836057
2,41,0.000000,-0.367340,-2.813691
3,41,0.000000,-0.422396,-3.239899
4,41,0.000000,-0.374470,-2.913680
5,41,0.000000,-0.368932,-3.114419
6,41,0.000000,-0.370318,-3.114419
7,41,0.000000,-0.370318,-2.664735
8,41,0.000000,-0.346182,-2.754909
9,41,0.000000,-0.355661,-2.754909
10,41,0.000000,-0.344833,-2.522691
1,42,0.000000,0.896497,1.154239
2,42,0.000000,0.895173,1.021226
3,42,0.000000,0.895173,1.021226
4,42,0.000000,0.918930,1.151950
5,42,0.000000,0.900663,1.098425
6,42,0.000000,0.911421,1.100926
7,42,0.000000,0.911421,1.100926
8,42,0.000000,0.927944,1.100926
9,42,0.000000,0.927944,1.100926
10,42,0.000000,0.927944,1.100926
1,43,0.000000,0.494841,2.512701
2,43,0.000000,0.494841,2.512701
3,43,0.000000,0.496296,2.535943
4,43,0.000000,0.496296,2.427479
5,43,0.000000,0.496296,2.480573
6,43,0.000000,0.447438,2.487687
7,43,0.000000,0.447438,2.277351
8,43,0.000000,0.447438,2.297451
9,43,0.000000,0.418761,2.285505
10,43,0.000000,0.462425,2.285505
1,44,0.000000,0.131021,-9.899057
2,44,0.000000,0.131021,-9.899057
3,44,0.000000,0.131021,-9.899057
4,44,0.000000,0.131021,-9.899057
5,44,0.000000,0.120439,-10.113145
6,44,0.000000,0.120439,-10.113145
7,44,0.000000,0.120439,-10.113145
8,44,0.000000,0.120439,-10.113145
9,44,0.000000,0.120439,-10.115400
10,44,0.000000,0.132096,-10.020942
1,45,0.000000,0.460187,1.965801
2,45,0.000000,0.460187,1.965801
3,45,0.000000,0.478641,1.965801
4,45,0.000000,0.455846,1.740142
5,45,0.000000,0.455846,1.972578
6,45,0.000000,0.496053,2.138141
7,45,0.000000,0.496053,2.138141
8,45,0.000000,0.435987,1.798737
9,45,0.000000,0.435987,1.798737
10,45,0.000000,0.435987,1.662227
1,46,0.000000,0.171693,-2.675551
2,46,0.000000,0.153339,-2.956221
3,46,0.000000,0.181579,-2.451024
4,46,0.000000,0.164483,-2.451024
5,46,0.000000,0.164483,-2.451024
6,46,0.000000,0.170174,-2.661261
7,46,0.000000,0.159409,-2.661261
8,46,0.000000,0.143659,-2.720051
9,46,0.000000,0.143659,-2.861560
10,46,0.000000,0.143659,-2.861560
1,47,0.000000,0.419889,1.774690
2,47,0.000000,0.454535,1.938811
3,47,0.000000,0.454535,1.957670
4,47,0.000000,0.454535,1.957670
5,47,0.000000,0.454535,1.957670
6,47,0.000000,0.442891,1.791659
7,47,0.000000,0.431018,1.893079
8,47,0.000000,0.460201,2.029361
9,47,0.000000,0.460201,2.029361
10,47,0.000000,0.444256,1.881623
1,48,0.000000,-0.336133,2.701576
2,48,0.000000,-0.359767,2.701576
3,48,0.000000,-0.320131,2.764341
4,48,0.000000,-0.320131,2.764341
5,48,0.000000,-0.320131,2.764341
6,48,0.000000,-0.341845,2.666898
7,48,0.000000,-0.341845,2.666898
8,48,0.000000,-0.343271,2.484710
9,48,0.000000,-0.343271,2.718251
10,48,0.000000,-0.343271,2.681575
1,49,0.000000,0.386837,5.571757
2,49,0.000000,0.285246,5.298939
3,49,0.000000,0.264419,5.298939
4,49,0.000000,0.377766,5.527376
5,49,0.000000,0.411659,5.669770
6,49,0.000000,0.405918,5.724518
7,49,0.000000,0.463345,5.724518
8,49,0.000000,0.476757,5.724518
9,49,0.000000,0.395661,5.724518
10,49,0.000000,0.411595,5.402268
1,50,0.000000,0.564311,2.528899
2,50,0.000000,0.564311,2.528899
3,50,0.000000,0.564311,2.467378
4,50,0.000000,0.564311,2.467378
5,50,0.000000,0.564311,2.467378
6,50,0.000000,0.557619,2.467378
7,50,0.000000,0.557619,2.467378
8,50,0.000000,0.557619,2.467378
9,50,0.000000,0.586129,2.662348
10,50,0.000000,0.586129,2.635221
1,51,0.000000,0.063466,-2.135060
2,51,0.000000,0.063466,-2.204346
3,51,0.000000,0.053210,-2.204346
4,51,0.000000,0.067809,-2.204346
5,51,0.000000,0.067809,-2.204346
6,51,0.000000,0.067809,-2.204346
7,51,0.000000,0.067809,-2.107198
8,51,0.000000,0.068463,-2.094362
9,51,0.000000,0.068463,-2.094362
10,51,0.000000,0.070065,-2.094362
1,52,0.000000,0.422857,-2.764270
2,52,0.000000,0.413786,-2.764270
3,52,0.000000,0.412323,-2.764270
4,52,0.000000,0.412323,-2.764270
5,52,0.000000,0.412323,-2.764270
6,52,0.000000,0.417418,-2.859383
7,52,0.000000,0.389791,-2.859383
8,52,0.000000,0.415586,-2.827032
9,52,0.000000,0.418449,-2.827032
10,52,0.000000,0.418449,-2.713708
1,53,0.000000,0.349484,-3.091040
2,53,0.000000,0.386486,-2.777513
3,53,0.000000,0.386486,-2.642108
4,53,0.000000,0.446236,-2.269636
5,53,0.000000,0.400077,-3.078238
6,53,0.000000,0.358565,-3.078238
7,53,0.000000,0.371755,-3.050886
8,53,0.000000,0.371755,-3.050886
9,53,0.000000,0.359010,-3.180034
10,53,0.000000,0.359010,-3.150981
1,54,0.000000,0.001717,3.121542
2,54,0.000000,-0.034737,2.774926
3,54,0.000000,-0.034737,2.774926
4,54,0.000000,-0.069001,2.774926
5,54,0.000000,-0.068624,2.974589
6,54,0.000000,-0.068892,2.725301
7,54,0.000000,-0.045327,2.678669
8,54,0.000000,-0.043037,3.179866
9,54,0.000000,-0.016076,3.200849
10,54,0.000000,-0.016076,3.456493
1,55,0.000000,0.601664,-5.382703
2,55,0.000000,0.601664,-5.382703
3,55,0.000000,0.601664,-5.382703
4,55,0.000000,0.601664,-5.382703
5,55,0.000000,0.601664,-5.382703
6,55,0.000000,0.601664,-5.389738
7,55,0.000000,0.601664,-5.277696
8,55,0.000000,0.641316,-5.257475
9,55,0.000000,0.641316,-5.085372
10,55,0.000000,0.653121,-5.085372
1,56,0.000000,0.479668,2.534685
2,56,0.000000,0.511585,2.153980
3,56,0.000000,0.511585,2.594711
4,56,0.000000,0.526112,2.497479
5,56,0.000000,0.527511,2.629293
6,56,0.000000,0.590906,2.619970
7,56,0.000000,0.568458,2.887381
8,56,0.000000,0.520598,3.130881
9,56,0.000000,0.520598,3.009778
10,56,0.000000,0.523718,3.286220
1,57,0.000000,0.086151,0.737368
2,57,0.000000,0.095623,0.737368
3,57,0.000000,0.095623,0.967533
4,57,0.000000,0.051317,0.560003
5,57,0.000000,0.080151,0.449197
6,57,0.000000,0.085134,0.714219
7,57,0.000000,0.085134,0.714219
8,57,0.000000,0.106600,0.778792
9,57,0.000000,0.105185,0.778792
10,57,0.000000,0.105185,0.778792
1,58,0.000000,-0.468613,-10.949584
2,58,0.000000,-0.465574,-10.794562
3,58,0.000000,-0.538502,-11.388615
4,58,0.000000,-0.565201,-11.935954
5,58,0.000000,-0.495002,-11.638758
6,58,0.000000,-0.495002,-10.892077
7,58,0.000000,-0.516612,-11.806695
8,58,0.000000,-0.546573,-12.059075
9,58,0.000000,-0.546573,-12.059075
10,58,0.000000,-0.549472,-12.020438
1,59,0.000000,0.113982,7.655407
2,59,0.000000,0.116422,7.372316
3,59,0.000000,0.137592,7.768900
4,59,0.000000,0.139313,7.305421
5,59,0.000000,0.139313,7.583757
6,59,0.000000,0.139313,7.583757
7,59,0.000000,0.161949,7.874744
8,59,0.000000,0.146011,7.570477
9,59,0.000000,0.146011,7.570477
10,59,0.000000,0.151731,7.776953
1,60,0.000000,0.646159,3.703956
2,60,0.000000,0.669768,3.543207
3,60,0.000000,0.669768,3.543207
4,60,0.000000,0.672808,3.543207
5,60,0.000000,0.691576,3.766622
6,60,0.000000,0.701489,3.766622
7,60,0.000000,0.644784,3.877143
8,60,0.000000,0.643872,3.716054
9,60,0.000000,0.661468,3.737312
10,60,0.000000,0.661468,3.695335
1,61,0.000000,0.587633,-4.872005
2,61,0.000000,0.566629,-4.872005
3,61,0.000000,0.566629,-4.872005
4,61,0.000000,0.565216,-5.001071
5,61,0.000000,0.565216,-4.920737
6,61,0.000000,0.550869,-4.920737
7,61,0.000000,0.570699,-4.967001
8,61,0.000000,0.570699,-4.967001
9,61,0.000000,0.521965,-5.154899
10,61,0.000000,0.521965,-5.154899
1,62,0.000000,0.806057,13.428511
2,62,0.000000,0.806057,13.428511
3,62,0.000000,0.806057,13.428511
4,62,0.000000,0.819301,13.428511
5,62,0.000000,0.819301,13.428511
6,62,0.000000,0.819301,13.428511
7,62,0.000000,0.819301,13.428511
8,62,0.000000,0.798037,13.428511
9,62,0.000000,0.798037,13.428511
10,62,0.000000,0.798037,13.428511
1,63,0.000000,-0.667862,-9.425003
2,63,0.000000,-0.673855,-9.452207
3,63,0.000000,-0.652930,-9.452207
4,63,0.000000,-0.650241,-9.452207
5,63,0.000000,-0.666321,-9.452207
6,63,0.000000,-0.663373,-8.955774
7,63,0.000000,-0.666848,-9.433363
8,63,0.000000,-0.629302,-9.204412
9,63,0.000000,-0.653689,-9.566974
10,63,0.000000,-0.660926,-9.339595
1,64,0.000000,0.044034,1.849866
2,64,0.000000,0.044034,1.899361
3,64,0.000000,0.055199,2.210698
4,64,0.000000,0.033813,2.121677
5,64,0.000000,0.060530,2.143937
6,64,0.000000,0.060530,2.164805
7,64,0.000000,0.040154,1.911838
8,64,0.000000,0.039198,1.842819
9,64,0.000000,0.050357,1.781788
10,64,0.000000,0.045045,1.899848
1,65,0.000000,0.018989,8.868832
2,65,0.000000,0.030070,9.098888
3,65,0.000000,0.037264,8.906423
4,65,0.000000,0.016171,8.906423
5,65,0.000000,0.029690,8.941198
6,65,0.000000,0.029690,8.941198
7,65,0.000000,0.026928,9.094702
8,65,0.000000,0.026928,9.094702
9,65,0.000000,0.026928,8.885867
10,65,0.000000,0.008648,8.885867
1,66,0.000000,0.579378,2.569833
2,66,0.000000,0.610239,2.676622
3,66,0.000000,0.609004,2.543898
4,66,0.000000,0.597431,2.585128
5,66,0.000000,0.597431,2.585128
6,66,0.000000,0.597431,2.715433
7,66,0.000000,0.612056,2.715433
8,66,0.000000,0.612056,2.715433
9,66,0.000000,0.630414,2.787850
10,66,0.000000,0.630414,2.787850
1,67,0.000000,-0.138179,16.479530
2,67,0.000000,-0.150210,16.369977
3,67,0.000000,-0.157485,16.087759
4,67,0.000000,-0.130391,16.734018
5,67,0.000000,-0.153840,17.178692
6,67,0.000000,-0.210678,17.380153
7,67,0.000000,-0.166240,17.190974
8,67,0.000000,-0.138804,17.247788
9,67,0.000000,-0.164818,17.103628
10,67,0.000000,-0.179464,17.433993
1,68,0.000000,-0.420345,3.360831
2,68,0.000000,-0.420345,3.342580
3,68,0.000000,-0.420345,3.397289
4,68,0.000000,-0.421730,3.307685
5,68,0.000000,-0.421730,3.307685
6,68,0.000000,-0.414455,3.307685
7,68,0.000000,-0.426009,3.219678
8,68,0.000000,-0.426009,3.113363
9,68,0.000000,-0.426009,3.267716
10,68,0.000000,-0.433360,3.278148
1,69,0.000000,-0.268042,4.546834
2,69,0.000000,-0.282771,4.369076
3,69,0.000000,-0.301473,4.431779
4,69,0.000000,-0.315434,4.111958
5,69,0.000000,-0.289716,4.359463
6,69,0.000000,-0.230472,4.935229
7,69,0.000000,-0.203670,5.217716
8,69,0.000000,-0.201443,5.251630
9,69,0.000000,-0.245926,4.763040
10,69,0.000000,-0.245926,4.763040
1,70,0.000000,-0.635017,2.336558
2,70,0.000000,-0.601515,2.508874
3,70,0.000000,-0.506152,2.415139
4,70,0.000000,-0.513543,2.792591
5,70,0.000000,-0.545862,2.782160
6,70,0.000000,-0.504676,2.800210
7,70,0.000000,-0.551939,2.546716
8,70,0.000000,-0.529183,2.366149
9,70,0.000000,-0.529183,2.376786
10,70,0.000000,-0.529183,2.877152
1,71,0.000000,-0.887575,1.382657
2,71,0.000000,-0.898086,0.201103
3,71,0.000000,-0.929266,1.262880
4,71,0.000000,-0.807890,1.810847
5,71,0.000000,-0.803599,1.992260
6,71,0.000000,-0.827003,1.630856
7,71,0.000000,-0.838616,1.140713
8,71,0.000000,-0.862786,0.864091
9,71,0.000000,-0.861392,0.681894
10,71,0.000000,-0.867957,1.332631
1,72,0.000000,-0.796000,-6.919158
2,72,0.000000,-0.801220,-7.176456
3,72,0.000000,-0.814450,-6.837166
4,72,0.000000,-0.802513,-7.133898
5,72,0.000000,-0.795193,-7.327418
6,72,0.000000,-0.758785,-6.798407
7,72,0.000000,-0.771386,-6.671872
8,72,0.000000,-0.771386,-6.671872
9,72,0.000000,-0.740663,-6.254671
10,72,0.000000,-0.765559,-6.541691
1,73,0.000000,0.139312,0.504191
2,73,0.000000,0.164997,0.682975
3,73,0.000000,0.164889,0.097133
4,73,0.000000,0.164889,0.241765
5,73,0.000000,0.164889,0.275292
6,73,0.000000,0.075329,-0.233090
7,73,0.000000,0.075329,-0.233090
8,73,0.000000,0.075329,-0.233090
9,73,0.000000,0.075329,-0.233090
10,73,0.000000,0.104064,-0.506544
1,74,0.000000,0.222461,6.067360
2,74,0.000000,0.215095,6.292772
3,74,0.000000,0.208653,6.292772
4,74,0.000000,0.227205,6.292772
5,74,0.000000,0.170748,6.142874
6,74,0.000000,0.170748,6.142874
7,74,0.000000,0.252263,6.142874
8,74,0.000000,0.212308,6.233108
9,74,0.000000,0.236164,6.452689
10,74,0.000000,0.236164,6.452689
1,75,0.000000,-0.669171,-2.657601
2,75,0.000000,-0.669171,-2.657601
3,75,0.000000,-0.669171,-2.624602
4,75,0.000000,-0.669171,-2.769872
5,75,0.000000,-0.616904,-2.523556
6,75,0.000000,-0.614576,-2.354877
7,75,0.000000,-0.580900,-1.918388
8,75,0.000000,-0.605070,-2.037567
9,75,0.000000,-0.593881,-2.357603
10,75,0.000000,-0.649534,-3.003675
1,76,0.000000,0.190494,3.678522
2,76,0.000000,0.116578,3.337094
3,76,0.000000,0.221649,3.422815
4,76,0.000000,0.195606,3.471251
5,76,0.000000,0.030747,3.733678
6,76,0.000000,0.007030,3.903296
7,76,0.000000,0.165690,3.518533
8,76,0.000000,0.062048,3.862408
9,76,0.000000,0.077945,3.658362
10,76,0.000000,0.030157,3.681773
1,77,0.000000,0.263756,-6.703549
2,77,0.000000,0.267664,-6.787332
3,77,0.000000,0.252180,-6.996157
4,77,0.000000,0.247266,-6.950086
5,77,0.000000,0.303236,-6.692059
6,77,0.000000,0.303236,-6.692059
7,77,0.000000,0.297870,-6.894555
8,77,0.000000,0.289524,-6.894555
9,77,0.000000,0.257352,-6.942446
10,77,0.000000,0.257352,-6.942446
1,78,0.000000,0.617675,7.017856
2,78,0.000000,0.622228,7.017856
3,78,0.000000,0.622228,7.017856
4,78,0.000000,0.576079,6.610173
5,78,0.000000,0.553420,6.561773
6,78,0.000000,0.574994,6.687021
7,78,0.000000,0.545497,6.628031
8,78,0.000000,0.545497,6.808958
9,78,0.000000,0.553214,6.642728
10,78,0.000000,0.553214,6.642728
1,79,0.000000,-0.410191,-4.145847
2,79,0.000000,-0.405420,-4.594468
3,79,0.000000,-0.405420,-4.435099
4,79,0.000000,-0.417208,-4.468059
5,79,0.000000,-0.417208,-4.468059
6,79,0.000000,-0.433724,-4.653836
7,79,0.000000,-0.433724,-4.653836
8,79,0.000000,-0.426895,-4.653836
9,79,0.000000,-0.416746,-4.683282
10,79,0.000000,-0.419905,-4.506674
1,80,0.000000,0.142724,18.326044
2,80,0.000000,0.230655,17.740885
3,80,0.000000,0.252305,18.237618
4,80,0.000000,0.318724,19.050784
5,80,0.000000,0.269093,19.302368
6,80,0.000000,0.136315,18.494190
7,80,0.000000,0.280618,18.801664
8,80,0.000000,0.329571,18.382971
9,80,0.000000,0.316484,17.369973
10,80,0.000000,0.081164,18.431197
1,81,0.000000,-0.458238,-9.362246
2,81,0.000000,-0.442225,-9.205698
3,81,0.000000,-0.379317,-8.526830
4,81,0.000000,-0.379317,-8.526830
5,81,0.000000,-0.379317,-8.461051
6,81,0.000000,-0.379317,-8.461051
7,81,0.000000,-0.379317,-8.376465
8,81,0.000000,-0.379317,-8.376465
9,81,0.000000,-0.379317,-8.301416
10,81,0.000000,-0.365167,-8.075046
1,82,0.000000,-0.243045,-0.030583
2,82,0.000000,-0.238993,-0.030583
3,82,0.000000,-0.210014,0.301359
4,82,0.000000,-0.225533,0.094457
5,82,0.000000,-0.262232,0.094457
6,82,0.000000,-0.232177,-0.033448
7,82,0.000000,-0.264067,-0.033448
8,82,0.000000,-0.326740,-0.558144
9,82,0.000000,-0.310411,-0.558144
10,82,0.000000,-0.273017,-0.251363
1,83,0.000000,-0.213007,-0.748963
2,83,0.000000,-0.166054,-0.726531
3,83,0.000000,-0.265767,-0.833957
4,83,0.000000,-0.198498,-0.560551
5,83,0.000000,-0.154831,-0.456255
6,83,0.000000,-0.179783,-0.520570
7,83,0.000000,-0.133208,-0.070244
8,83,0.000000,-0.114600,-0.070244
9,83,0.000000,-0.077421,-0.681636
10,83,0.000000,-0.086206,-0.869862
1,84,0.000000,-0.420049,-8.303574
2,84,0.000000,-0.414496,-8.432755
3,84,0.000000,-0.377520,-7.971237
4,84,0.000000,-0.388210,-7.775254
5,84,0.000000,-0.366272,-7.775254
6,84,0.000000,-0.412678,-8.688272
7,84,0.000000,-0.412678,-8.665812
8,84,0.000000,-0.445517,-8.665812
9,84,0.000000,-0.458209,-9.004377
10,84,0.000000,-0.462925,-8.910538
1,85,0.000000,-1.101555,-6.597585
2,85,0.000000,-1.098693,-6.476212
3,85,0.000000,-1.110181,-6.540770
4,85,0.000000,-1.022484,-6.540770
5,85,0.000000,-1.179836,-7.587233
6,85,0.000000,-1.205229,-7.662565
7,85,0.000000,-1.166678,-7.662565
8,85,0.000000,-1.178071,-7.781282
9,85,0.000000,-1.178071,-7.781282
10,85,0.000000,-1.253637,-8.812652
1,86,0.000000,0.289597,5.336205
2,86,0.000000,0.304262,5.159201
3,86,0.000000,0.304262,5.159201
4,86,0.000000,0.317980,5.319205
5,86,0.000000,0.317980,5.287008
6,86,0.000000,0.330647,5.471863
7,86,0.000000,0.330647,5.471863
8,86,0.000000,0.330647,5.483183
9,86,0.000000,0.330647,5.483183
10,86,0.000000,0.269787,4.885084
1,87,0.000000,0.667213,-5.317976
2,87,0.000000,0.614323,-5.338251
3,87,0.000000,0.616834,-5.338251
4,87,0.000000,0.635372,-5.356285
5,87,0.000000,0.635372,-5.333001
6,87,0.000000,0.640926,-5.523662
7,87,0.000000,0.640926,-5.368119
8,87,0.000000,0.660773,-5.368119
9,87,0.000000,0.630332,-5.392355
10,87,0.000000,0.630332,-5.392355
1,88,0.000000,-0.083503,-0.834695
2,88,0.000000,-0.018772,-0.063153
3,88,0.000000,-0.018772,-0.063153
4,88,0.000000,-0.035109,-0.156764
5,88,0.000000,-0.027324,-0.031867
6,88,0.000000,-0.027324,-0.232456
7,88,0.000000,-0.027324,-0.232456
8,88,0.000000,-0.051817,-0.777837
9,88,0.000000,-0.051817,-0.764691
10,88,0.000000,-0.056050,-0.578964
1,89,0.000000,-0.042852,-12.703207
2,89,0.000000,-0.042852,-12.703207
3,89,0.000000,-0.058719,-12.713342
4,89,0.000000,-0.080086,-12.713342
5,89,0.000000,-0.080086,-12.713342
6,89,0.000000,-0.080086,-12.929209
7,89,0.000000,-0.074773,-12.929209
8,89,0.000000,-0.072316,-12.642852
9,89,0.000000,-0.083644,-12.860947
10,89,0.000000,-0.083644,-12.860947
1,90,0.000000,0.342746,8.705230
2,90,0.000000,0.342746,8.705230
3,90,0.000000,0.327334,9.074621
4,90,0.000000,0.327334,8.820478
5,90,0.000000,0.351454,8.820478
6,90,0.000000,0.327695,8.858282
7,90,0.000000,0.281389,8.852959
8,90,0.000000,0.316414,8.701224
9,90,0.000000,0.278695,8.827368
10,90,0.000000,0.370680,8.692782
1,91,0.000000,0.031611,7.632362
2,91,0.000000,0.113597,7.487967
3,91,0.000000,0.087969,7.389298
4,91,0.000000,0.129792,7.442707
5,91,0.000000,0.127373,7.857584
6,91,0.000000,0.105402,7.135237
7,91,0.000000,0.077848,7.193866
8,91,0.000000,0.157621,7.301122
9,91,0.000000,0.088861,7.348360
10,91,0.000000,-0.020161,8.097241
1,92,0.000000,-0.496467,-10.270785
2,92,0.000000,-0.496467,-10.270785
3,92,0.000000,-0.470983,-10.219142
4,92,0.000000,-0.475080,-10.438910
5,92,0.000000,-0.452950,-10.291534
6,92,0.000000,-0.452950,-9.930311
7,92,0.000000,-0.503911,-10.384269
8,92,0.000000,-0.473025,-10.267524
9,92,0.000000,-0.473025,-10.362029
10,92,0.000000,-0.473025,-10.362029
1,93,0.000000,-0.149527,-9.985165
2,93,0.000000,-0.149527,-9.876541
3,93,0.000000,-0.149527,-9.876541
4,93,0.000000,-0.149527,-9.876541
5,93,0.000000,-0.149527,-9.876541
6,93,0.000000,-0.149527,-9.876541
7,93,0.000000,-0.149527,-9.876541
8,93,0.000000,-0.148434,-9.745424
9,93,0.000000,-0.159833,-10.236961
10,93,0.000000,-0.169855,-10.236961
1,94,0.000000,-0.015619,8.382144
2,94,0.000000,-0.020465,8.434191
3,94,0.000000,-0.036105,8.389828
4,94,0.000000,-0.062525,8.288749
5,94,0.000000,-0.062525,8.288749
6,94,0.000000,-0.062525,8.288749
7,94,0.000000,-0.062525,8.288749
8,94,0.000000,-0.041263,8.288749
9,94,0.000000,-0.041263,8.288749
10,94,0.000000,-0.044558,8.288749
1,95,0.000000,-0.130952,-6.816837
2,95,0.000000,-0.133446,-6.748595
3,95,0.000000,-0.133446,-6.748595
4,95,0.000000,-0.095597,-6.430548
5,95,0.000000,-0.095597,-6.430548
6,95,0.000000,-0.098271,-6.442523
7,95,0.000000,-0.098271,-6.442523
8,95,0.000000,-0.098271,-6.442523
9,95,0.000000,-0.122841,-6.442523
10,95,0.000000,-0.094065,-6.423969
1,96,0.000000,0.213495,-2.573259
2,96,0.000000,0.242313,-2.803716
3,96,0.000000,0.242720,-2.507628
4,96,0.000000,0.252913,-2.241628
5,96,0.000000,0.241639,-2.435522
6,96,0.000000,0.246756,-2.534914
7,96,0.000000,0.262785,-2.271908
8,96,0.000000,0.262785,-2.271908
9,96,0.000000,0.291803,-1.902982
10,96,0.000000,0.248086,-2.379405
1,97,0.000000,0.008650,1.153584
2,97,0.000000,0.012962,1.302499
3,97,0.000000,0.012962,1.269521
4,97,0.000000,0.012962,1.269521
5,97,0.000000,0.037775,1.321847
6,97,0.000000,0.019076,1.123128
7,97,0.000000,0.022710,1.462373
8,97,0.000000,0.022710,1.462373
9,97,0.000000,0.022710,1.459526
10,97,0.000000,0.022710,1.459526
1,98,0.000000,0.431616,-6.307786
2,98,0.000000,0.431616,-6.307786
3,98,0.000000,0.409053,-6.307786
4,98,0.000000,0.409053,-6.307786
5,98,0.000000,0.438822,-6.226344
6,98,0.000000,0.438822,-6.226888
7,98,0.000000,0.425520,-6.226888
8,98,0.000000,0.430448,-6.226888
9,98,0.000000,0.430448,-6.226888
10,98,0.000000,0.430448,-6.226888
1,99,0.000000,-0.079066,6.455548
2,99,0.000000,-0.061727,6.399723
3,99,0.000000,-0.080962,6.258973
4,99,0.000000,-0.062477,6.258973
5,99,0.000000,-0.046179,6.405261
6,99,0.000000,-0.041477,6.501522
7,99,0.000000,-0.013832,6.537591
8,99,0.000000,0.034397,6.815223
9,99,0.000000,-0.034810,6.022423
10,99,0.000000,-0.120280,6.400892
1,100,0.000000,0.406464,-1.088191
2,100,0.000000,0.406464,-1.088191
3,100,0.000000,0.380637,-1.156746
4,100,0.000000,0.380637,-1.156746
5,100,0.000000,0.380637,-1.262306
6,100,0.000000,0.331562,-1.525864
7,100,0.000000,0.331562,-1.558065
8,100,0.000000,0.310020,-1.581446
9,100,0.000000,0.312740,-1.581446
10,100,0.000000,0.312740,-1.581446
1,101,0.000000,0.613725,-1.462847
2,101,0.000000,0.613725,-1.679157
3,101,0.000000,0.614221,-1.679157
4,101,0.000000,0.575141,-1.682880
5,101,0.000000,0.570259,-1.763293
6,101,0.000000,0.557085,-1.907993
7,101,0.000000,0.557085,-1.907993
8,101,0.000000,0.557085,-1.907993
9,101,0.000000,0.599458,-1.432580
10,101,0.000000,0.688951,-1.254342
1,102,0.000000,-0.189756,6.483785
2,102,0.000000,-0.161663,6.164475
3,102,0.000000,-0.212578,6.829737
4,102,0.000000,-0.142147,5.964273
5,102,0.000000,-0.144127,6.747426
6,102,0.000000,0.020102,5.248058
7,102,0.000000,0.063815,5.365177
8,102,0.000000,-0.094062,5.697015
9,102,0.000000,-0.040865,6.263272
10,102,0.000000,-0.064913,5.576593
1,103,0.000000,0.060097,11.736513
2,103,0.000000,0.001945,10.974518
3,103,0.000000,0.081391,11.503073
4,103,0.000000,0.065282,11.607205
5,103,0.000000,-0.027486,11.607205
6,103,0.000000,0.072101,11.530757
7,103,0.000000,0.057628,11.527022
8,103,0.000000,0.044877,11.808343
9,103,0.000000,0.095599,11.299603
10,103,0.000000,-0.006697,11.664536
1,104,0.000000,0.448234,-2.911854
2,104,0.000000,0.466663,-2.911854
3,104,0.000000,0.466663,-2.911854
4,104,0.000000,0.466663,-2.911854
5,104,0.000000,0.460174,-2.868390
6,104,0.000000,0.460174,-2.868390
7,104,0.000000,0.460174,-2.868390
8,104,0.000000,0.485040,-2.875344
9,104,0.000000,0.458678,-2.875344
10,104,0.000000,0.458678,-2.875344
1,105,0.000000,-0.017219,10.982011
2,105,0.000000,0.066865,11.160986
3,105,0.000000,0.110249,11.192440
4,105,0.000000,-0.045840,10.775378
5,105,0.000000,0.080838,11.075768
6,105,0.000000,0.010321,11.231857
7,105,0.000000,0.010321,11.231857
8,105,0.000000,0.031833,11.231857
9,105,0.000000,0.139588,11.401380
10,105,0.000000,-0.047635,11.065156
1,106,0.000000,1.190008,5.377306
2,106,0.000000,1.210421,5.377306
3,106,0.000000,1.226794,5.492371
4,106,0.000000,1.226794,5.492371
5,106,0.000000,1.233759,5.492371
6,106,0.000000,1.233759,5.492371
7,106,0.000000,1.242962,5.357000
8,106,0.000000,1.187444,5.357000
9,106,0.000000,1.187444,5.357000
10,106,0.000000,1.187444,5.357000
1,107,0.000000,-0.761933,-17.856697
2,107,0.000000,-0.778318,-17.866505
3,107,0.000000,-0.778318,-17.866505
4,107,0.000000,-0.778318,-17.803502
5,107,0.000000,-0.742127,-17.313259
6,107,0.000000,-0.742127,-17.130284
7,107,0.000000,-0.742127,-17.130284
8,107,0.000000,-0.742127,-16.681116
9,107,0.000000,-0.707659,-16.605568
10,107,0.000000,-0.707659,-16.605568
1,108,0.000000,0.833894,-0.401706
2,108,0.000000,0.864163,-0.401706
3,108,0.000000,0.885485,-0.209695
4,108,0.000000,0.878018,-0.346122
5,108,0.000000,0.821053,-0.346122
6,108,0.000000,0.725601,-0.414999
7,108,0.000000,0.725601,-0.276872
8,108,0.000000,0.656151,-0.276872
9,108,0.000000,0.629441,-0.533498
10,108,0.000000,0.709976,-0.533498
1,109,0.000000,0.392870,-2.247149
2,109,0.000000,0.423553,-2.116888
3,109,0.000000,0.383648,-2.128264
4,109,0.000000,0.403246,-2.156455
5,109,0.000000,0.401549,-2.156455
6,109,0.000000,0.421529,-2.156455
7,109,0.000000,0.421529,-2.156455
8,109,0.000000,0.406154,-2.351518
9,109,0.000000,0.432070,-2.374168
10,109,0.000000,0.450787,-2.028976
1,110,0.000000,-0.694380,-11.347591
2,110,0.000000,-0.637643,-10.234372
3,110,0.000000,-0.657019,-10.660062
4,110,0.000000,-0.665412,-10.584011
5,110,0.000000,-0.654734,-10.382818
6,110,0.000000,-0.654734,-10.292248
7,110,0.000000,-0.676183,-10.434420
8,110,0.000000,-0.661863,-10.197724
9,110,0.000000,-0.644880,-10.265168
10,110,0.000000,-0.655618,-10.446938
1,111,0.000000,0.216913,-13.070572
2,111,0.000000,0.242877,-12.793568
3,111,0.000000,0.278877,-12.793568
4,111,0.000000,0.278877,-12.793568
5,111,0.000000,0.244967,-13.244079
6,111,0.000000,0.204493,-13.507482
7,111,0.000000,0.241496,-13.075123
8,111,0.000000,0.273357,-13.138307
9,111,0.000000,0.280496,-12.974973
10,111,0.000000,0.288856,-12.974973
1,112,0.000000,-0.508348,-4.808490
2,112,0.000000,-0.508348,-4.808490
3,112,0.000000,-0.494769,-4.482527
4,112,0.000000,-0.556391,-5.333404
5,112,0.000000,-0.556391,-5.117327
6,112,0.000000,-0.525753,-5.056893
7,112,0.000000,-0.525753,-5.056893
8,112,0.000000,-0.535384,-4.974616
9,112,0.000000,-0.535384,-4.974616
10,112,0.000000,-0.535384,-4.974616
1,113,0.000000,0.299554,-0.825789
2,113,0.000000,0.299554,-0.825789
3,113,0.000000,0.299554,-0.825789
4,113,0.000000,0.320699,-0.679737
5,113,0.000000,0.319422,-0.679737
6,113,0.000000,0.311693,-0.793190
7,113,0.000000,0.295785,-0.758805
8,113,0.000000,0.295785,-0.758805
9,113,0.000000,0.312147,-0.758805
10,113,0.000000,0.297211,-0.613151
1,114,0.000000,-0.850264,-9.566502
2,114,0.000000,-0.882104,-9.641250
3,114,0.000000,-0.883915,-9.855942
4,114,0.000000,-0.883915,-10.086917
5,114,0.000000,-0.891368,-9.516788
6,114,0.000000,-0.834771,-9.017952
7,114,0.000000,-0.834562,-8.886717
8,114,0.000000,-0.861083,-9.654422
9,114,0.000000,-0.861083,-9.654422
10,114,0.000000,-0.824121,-9.155190
1,115,0.000000,-0.132917,-1.026302
2,115,0.000000,-0.132917,-1.026302
3,115,0.000000,-0.132917,-1.026302
4,115,0.000000,-0.132917,-1.026302
5,115,0.000000,-0.132917,-1.026302
6,115,0.000000,-0.132917,-0.886988
7,115,0.000000,-0.163957,-1.553122
8,115,0.000000,-0.163957,-1.297547
9,115,0.000000,-0.118946,-0.932730
10,115,0.000000,-0.134144,-0.932730
1,116,0.000000,0.217271,-7.009232
2,116,0.000000,0.217271,-7.011055
3,116,0.000000,0.217271,-7.011055
4,116,0.000000,0.217271,-6.926220
5,116,0.000000,0.217271,-7.082794
6,116,0.000000,0.221610,-7.047614
7,116,0.000000,0.221610,-6.942750
8,116,0.000000,0.224436,-7.085566
9,116,0.000000,0.224436,-7.085640
10,116,0.000000,0.224436,-7.085640
1,117,0.000000,0.142447,10.346398
2,117,0.000000,0.136722,10.463362
3,117,0.000000,0.150984,10.171198
4,117,0.000000,0.175440,10.645259
5,117,0.000000,0.175440,10.433469
6,117,0.000000,0.196551,10.214792
7,117,0.000000,0.204747,10.291772
8,117,0.000000,0.147416,10.315305
9,117,0.000000,0.154395,10.478559
10,117,0.000000,0.120619,9.925369
1,118,0.000000,-1.076436,9.249806
2,118,0.000000,-0.914029,8.345745
3,118,0.000000,-0.773978,8.438804
4,118,0.000000,-0.838228,8.397394
5,118,0.000000,-0.908731,9.004963
6,118,0.000000,-0.799029,9.119482
7,118,0.000000,-0.778412,8.986636
8,118,0.000000,-0.820734,9.206876
9,118,0.000000,-0.931720,8.854480
10,118,0.000000,-1.017793,10.296598
1,119,0.000000,1.117034,-3.552169
2,119,0.000000,1.117034,-3.599437
3,119,0.000000,1.117034,-3.599437
4,119,0.000000,1.117034,-3.599437
5,119,0.000000,1.117034,-3.599437
6,119,0.000000,1.117034,-3.599437
7,119,0.000000,1.104340,-3.803255
8,119,0.000000,1.104340,-3.803255
9,119,0.000000,1.104340,-3.803255
10,119,0.000000,1.070100,-3.905726
1,120,0.000000,0.545395,14.743424
2,120,0.000000,0.328017,15.678851
3,120,0.000000,0.344978,15.537136
4,120,0.000000,0.399663,14.568530
5,120,0.000000,0.381941,14.120652
6,120,0.000000,0.500110,14.857030
7,120,0.000000,0.579061,14.240205
8,120,0.000000,0.703302,14.171863
9,120,0.000000,0.593215,14.373381
10,120,0.000000,0.467985,15.502499
1,121,0.000000,0.009130,-3.120997
2,121,0.000000,-0.018818,-3.458433
3,121,0.000000,-0.057274,-3.546799
4,121,0.000000,-0.057274,-3.546799
5,121,0.000000,-0.057274,-3.628826
6,121,0.000000,-0.057274,-3.628826
7,121,0.000000,-0.054183,-3.754882
8,121,0.000000,-0.054183,-3.865573
9,121,0.000000,0.015130,-2.749843
10,121,0.000000,0.082323,-2.749843
1,122,0.000000,-0.187161,12.584344
2,122,0.000000,-0.219038,12.223281
3,122,0.000000,-0.236408,13.122784
4,122,0.000000,-0.198077,12.869798
5,122,0.000000,-0.181014,12.009640
6,122,0.000000,-0.252042,12.649362
7,122,0.000000,-0.280838,12.680417
8,122,0.000000,-0.209642,12.698845
9,122,0.000000,-0.204683,12.932540
10,122,0.000000,-0.207403,12.519164
1,123,0.000000,0.161601,16.061405
2,123,0.000000,0.136383,16.060517
3,123,0.000000,0.130363,15.853213
4,123,0.000000,0.093039,15.696270
5,123,0.000000,0.083336,15.852700
6,123,0.000000,-0.007191,15.852700
7,123,0.000000,-0.021182,15.832458
8,123,0.000000,0.051528,15.799645
9,123,0.000000,0.027953,15.553803
10,123,0.000000,-0.027048,15.866894
1,124,0.000000,0.010021,9.546354
2,124,0.000000,-0.019624,9.266232
3,124,0.000000,-0.019624,9.367253
4,124,0.000000,-0.019624,9.367253
5,124,0.000000,-0.028268,9.487543
6,124,0.000000,-0.062701,9.320354
7,124,0.000000,-0.049753,9.168965
8,124,0.000000,-0.049753,9.168965
9,124,0.000000,-0.022253,9.609655
10,124,0.000000,0.012822,9.415818
1,125,0.000000,0.176731,4.894664
2,125,0.000000,0.144186,4.799131
3,125,0.000000,0.207419,4.855764
4,125,0.000000,0.185176,4.943151
5,125,0.000000,0.180588,4.920861
6,125,0.000000,0.128496,4.630668
7,125,0.000000,0.109016,4.422429
8,125,0.000000,0.130886,4.666077
9,125,0.000000,0.130886,4.496940
10,125,0.000000,0.166372,4.496940
1,126,0.000000,-0.762936,-2.759790
2,126,0.000000,-0.779012,-2.902306
3,126,0.000000,-0.779012,-2.976487
4,126,0.000000,-0.779012,-2.883325
5,126,0.000000,-0.720794,-2.615495
6,126,0.000000,-0.693989,-2.081490
7,126,0.000000,-0.698563,-2.081490
8,126,0.000000,-0.676933,-1.593158
9,126,0.000000,-0.667035,-2.166522
10,126,0.000000,-0.714951,-2.305625
1,127,0.000000,-0.376279,6.831084
2,127,0.000000,-0.404044,7.240268
3,127,0.000000,-0.453498,6.380218
4,127,0.000000,-0.586568,7.011904
5,127,0.000000,-0.599462,7.164508
6,127,0.000000,-0.633408,6.800525
7,127,0.000000,-0.582241,6.944360
8,127,0.000000,-0.575138,7.061211
9,127,0.000000,-0.484225,6.699087
10,127,0.000000,-0.502327,7.005674
1,128,0.000000,-1.173083,3.101543
2,128,0.000000,-1.198151,3.046786
3,128,0.000000,-1.306543,2.452647
4,128,0.000000,-1.324853,1.947001
5,128,0.000000,-1.339819,1.401430
6,128,0.000000,-1.296705,1.528436
7,128,0.000000,-1.311840,1.402677
8,128,0.000000,-1.339209,0.938700
9,128,0.000000,-1.352291,0.852147
10,128,0.000000,-1.434126,1.130850
1,129,0.000000,0.311514,14.188595
2,129,0.000000,0.316714,14.057995
3,129,0.000000,0.353168,14.286533
4,129,0.000000,0.344002,14.237355
5,129,0.000000,0.375365,14.160316
6,129,0.000000,0.412289,14.309256
7,129,0.000000,0.348831,14.225674
8,129,0.000000,0.323437,14.225674
9,129,0.000000,0.324499,14.422291
10,129,0.000000,0.388186,14.289313
1,130,0.000000,-0.778775,9.150490
2,130,0.000000,-0.738325,9.286343
3,130,0.000000,-0.693040,9.733054
4,130,0.000000,-0.617152,9.374486
5,130,0.000000,-0.595586,9.477748
6,130,0.000000,-0.705544,9.312087
7,130,0.000000,-0.706844,8.894332
8,130,0.000000,-0.663400,8.894332
9,130,0.000000,-0.691064,9.527443
10,130,0.000000,-0.743585,8.698857
1,131,0.000000,0.419853,-7.005386
2,131,0.000000,0.413144,-7.214739
3,131,0.000000,0.411235,-7.200877
4,131,0.000000,0.400523,-7.251335
5,131,0.000000,0.400523,-7.251335
6,131,0.000000,0.400523,-7.151492
7,131,0.000000,0.400523,-7.151492
8,131,0.000000,0.400523,-7.151492
9,131,0.000000,0.400523,-7.151492
10,131,0.000000,0.400523,-7.195620
1,132,0.000000,-0.511995,-4.608373
2,132,0.000000,-0.517087,-4.511788
3,132,0.000000,-0.507314,-4.677792
4,132,0.000000,-0.561866,-4.677792
5,132,0.000000,-0.501986,-4.621647
6,132,0.000000,-0.556890,-4.981136
7,132,0.000000,-0.567293,-4.802492
8,132,0.000000,-0.535363,-4.802492
9,132,0.000000,-0.535363,-4.647368
10,132,0.000000,-0.513347,-4.255197
1,133,0.000000,0.244254,1.388127
2,133,0.000000,0.244254,1.351593
3,133,0.000000,0.244254,1.351593
4,133,0.000000,0.244254,1.351593
5,133,0.000000,0.250656,1.351593
6,133,0.000000,0.250857,1.242185
7,133,0.000000,0.250857,1.265366
8,133,0.000000,0.250857,1.265366
9,133,0.000000,0.215569,1.217649
10,133,0.000000,0.234456,1.217649
1,134,0.000000,0.359965,6.704145
2,134,0.000000,0.347428,6.580432
3,134,0.000000,0.468666,6.305008
4,134,0.000000,0.604995,5.971552
5,134,0.000000,0.610131,6.058116
6,134,0.000000,0.559322,6.265115
7,134,0.000000,0.456881,5.938090
8,134,0.000000,0.476087,6.179311
9,134,0.000000,0.495717,6.012920
10,134,0.000000,0.552177,6.009994
1,135,0.000000,-0.851186,0.357786
2,135,0.000000,-0.931222,-0.360976
3,135,0.000000,-0.894470,0.561856
4,135,0.000000,-0.867432,1.091653
5,135,0.000000,-0.855516,0.383554
6,135,0.000000,-0.799549,1.083541
7,135,0.000000,-0.821792,0.204943
8,135,0.000000,-0.869529,0.808317
9,135,0.000000,-0.906909,0.512446
10,135,0.000000,-0.811041,0.915814
1,136,0.000000,1.285899,1.502149
2,136,0.000000,1.285899,1.502149
3,136,0.000000,1.246408,1.502149
4,136,0.000000,1.246408,1.502149
5,136,0.000000,1.299685,1.502149
6,136,0.000000,1.299685,1.502149
7,136,0.000000,1.266996,1.482978
8,136,0.000000,1.260907,1.482978
9,136,0.000000,1.244247,1.333062
10,136,0.000000,1.261787,1.457304
1,137,0.000000,-0.055503,4.441084
2,137,0.000000,0.046788,4.995711
3,137,0.000000,0.046788,4.995711
4,137,0.000000,0.069326,4.958755
5,137,0.000000,0.040551,4.936440
6,137,0.000000,-0.017324,4.712251
7,137,0.000000,0.042450,4.712251
8,137,0.000000,-0.005326,4.712251
9,137,0.000000,0.041307,4.867970
10,137,0.000000,-0.003871,4.734243
1,138,0.000000,1.395355,-1.408955
2,138,0.000000,1.382356,-1.408955
3,138,0.000000,1.382356,-1.408955
4,138,0.000000,1.368650,-1.394731
5,138,0.000000,1.368650,-1.394731
6,138,0.000000,1.368650,-1.394731
7,138,0.000000,1.368650,-1.394731
8,138,0.000000,1.369163,-1.394731
9,138,0.000000,1.369163,-1.394731
10,138,0.000000,1.370274,-1.394731
1,139,0.000000,-0.405935,-17.496055
2,139,0.000000,-0.410535,-17.435409
3,139,0.000000,-0.408473,-17.435409
4,139,0.000000,-0.426484,-17.783004
5,139,0.000000,-0.426484,-17.783004
6,139,0.000000,-0.435175,-17.914068
7,139,0.000000,-0.394344,-17.490312
8,139,0.000000,-0.394344,-17.112496
9,139,0.000000,-0.394344,-16.727340
10,139,0.000000,-0.377184,-17.531461
1,140,0.000000,-0.746298,4.630894
2,140,0.000000,-0.800395,4.630894
3,140,0.000000,-0.715671,5.033436
4,140,0.000000,-0.778844,4.898240
5,140,0.000000,-0.815066,4.392830
6,140,0.000000,-0.615769,4.212747
7,140,0.000000,-0.488987,4.503209
8,140,0.000000,-0.573610,4.259142
9,140,0.000000,-0.851802,4.608679
10,140,0.000000,-0.780237,4.398302
1,141,0.000000,-0.265659,-1.200730
2,141,0.000000,-0.265659,-0.743618
3,141,0.000000,-0.265659,-0.743618
4,141,0.000000,-0.265659,-1.170078
5,141,0.000000,-0.314202,-1.583927
6,141,0.000000,-0.313367,-1.799694
7,141,0.000000,-0.311277,-1.277826
8,141,0.000000,-0.311277,-1.277826
9,141,0.000000,-0.279530,-1.079989
10,141,0.000000,-0.329020,-1.689094
1,142,0.000000,0.150020,-11.897091
2,142,0.000000,0.118951,-11.978683
3,142,0.000000,0.118951,-11.959483
4,142,0.000000,0.100850,-12.309247
5,142,0.000000,0.065840,-12.372770
6,142,0.000000,0.105886,-12.372770
7,142,0.000000,0.073195,-12.652742
8,142,0.000000,0.041772,-12.502912
9,142,0.000000,0.041772,-12.502912
10,142,0.000000,0.082107,-12.268536
1,143,0.000000,0.269644,5.316222
2,143,0.000000,0.388253,5.389999
3,143,0.000000,0.352845,5.300930
4,143,0.000000,0.330959,5.300930
5,143,0.000000,0.305030,5.334547
6,143,0.000000,0.248103,5.226421
7,143,0.000000,0.178786,5.235800
8,143,0.000000,0.163583,5.028504
9,143,0.000000,0.215015,5.088342
10,143,0.000000,0.197290,5.191833
1,144,0.000000,-0.401210,-7.179000
2,144,0.000000,-0.401210,-7.179000
3,144,0.000000,-0.401210,-7.751741
4,144,0.000000,-0.401210,-6.962157
5,144,0.000000,-0.417652,-7.641484
6,144,0.000000,-0.417652,-7.641484
7,144,0.000000,-0.417652,-7.641484
8,144,0.000000,-0.417652,-7.641484
9,144,0.000000,-0.417652,-7.932103
10,144,0.000000,-0.407506,-7.630838
1,145,0.000000,0.268131,12.355875
2,145,0.000000,0.251268,10.903634
3,145,0.000000,0.271546,10.707627
4,145,0.000000,0.316558,10.554017
5,145,0.000000,-0.081895,16.762195
6,145,0.000000,-0.028885,17.597245
7,145,0.000000,0.045132,18.297997
8,145,0.000000,-0.214919,19.130042
9,145,0.000000,-0.358800,18.240248
10,145,0.000000,-0.364890,17.274634
1,146,0.000000,0.116126,-3.138639
2,146,0.000000,0.116126,-2.938905
3,146,0.000000,0.111688,-2.793111
4,146,0.000000,0.111688,-3.182485
5,146,0.000000,0.111688,-3.182485
6,146,0.000000,0.084349,-3.182485
7,146,0.000000,0.084349,-3.300754
8,146,0.000000,0.126124,-2.278667
9,146,0.000000,0.135891,-2.463812
10,146,0.000000,0.123032,-2.979372
1,147,0.000000,0.512920,-10.690797
2,147,0.000000,0.512920,-10.690462
3,147,0.000000,0.507875,-10.849074
4,147,0.000000,0.507875,-10.849074
5,147,0.000000,0.507875,-10.849074
6,147,0.000000,0.519490,-10.940419
7,147,0.000000,0.526843,-10.652601
8,147,0.000000,0.526843,-10.652601
9,147,0.000000,0.526843,-10.652601
10,147,0.000000,0.489268,-10.700469
1,148,0.000000,-0.081273,-2.632559
2,148,0.000000,-0.081273,-2.472154
3,148,0.000000,-0.091063,-2.670722
4,148,0.000000,-0.091063,-2.670722
5,148,0.000000,-0.077601,-2.203635
6,148,0.000000,-0.116854,-2.866458
7,148,0.000000,-0.106989,-2.406397
8,148,0.000000,-0.071873,-2.673964
9,148,0.000000,-0.100478,-2.443712
10,148,0.000000,-0.100478,-2.372617
1,149,0.000000,0.088421,2.331335
2,149,0.000000,0.077703,2.248420
3,149,0.000000,0.077703,2.422365
4,149,0.000000,0.077703,2.422365
5,149,0.000000,0.077703,2.151639
6,149,0.000000,0.077703,2.151639
7,149,0.000000,0.100910,2.252068
8,149,0.000000,0.054356,2.087141
9,149,0.000000,0.054356,2.087141
10,149,0.000000,-0.002969,1.762668
1,150,0.000000,-0.038294,1.899967
2,150,0.000000,-0.005730,2.213554
3,150,0.000000,-0.033520,2.149686
4,150,0.000000,-0.020211,1.920054
5,150,0.000000,-0.038123,1.965735
6,150,0.000000,-0.030391,2.104595
7,150,0.000000,-0.090857,2.104595
8,150,0.000000,-0.116739,2.104595
9,150,0.000000,0.011286,1.976820
10,150,0.000000,-0.007668,1.976820
1,151,0.000000,-1.026218,4.423134
2,151,0.000000,-1.053986,4.310284
3,151,0.000000,-1.019738,4.325796
4,151,0.000000,-1.046231,4.188753
5,151,0.000000,-1.083128,5.056167
6,151,0.000000,-1.078338,4.933147
7,151,0.000000,-0.891230,4.978898
8,151,0.000000,-1.026748,3.553964
9,151,0.000000,-1.031172,4.576696
10,151,0.000000,-0.996248,4.750377
1,152,0.000000,-0.352948,-2.124966
2,152,0.000000,-0.363516,-2.051232
3,152,0.000000,-0.337464,-1.604757
4,152,0.000000,-0.297386,-1.039296
5,152,0.000000,-0.297386,-0.894079
6,152,0.000000,-0.297386,-0.894079
7,152,0.000000,-0.297386,-1.048798
8,152,0.000000,-0.291182,-1.048798
9,152,0.000000,-0.310547,-1.659970
10,152,0.000000,-0.336770,-1.475504
1,153,0.000000,0.042818,4.642609
2,153,0.000000,0.085477,4.872043
3,153,0.000000,0.054904,4.881225
4,153,0.000000,0.054904,4.881225
5,153,0.000000,0.029464,4.787052
6,153,0.000000,0.040141,4.946226
7,153,0.000000,0.029136,4.751660
8,153,0.000000,0.029136,4.751660
9,153,0.000000,0.086444,4.845763
10,153,0.000000,0.061865,4.845763
1,154,0.000000,1.192911,11.961385
2,154,0.000000,0.972370,12.414092
3,154,0.000000,0.884399,12.999712
4,154,0.000000,0.875053,12.792094
5,154,0.000000,0.890621,12.597141
6,154,0.000000,0.936760,13.033897
7,154,0.000000,0.792149,13.219303
8,154,0.000000,0.766500,12.499856
9,154,0.000000,0.849741,12.813489
10,154,0.000000,0.984530,12.267953
1,155,0.000000,-0.393703,2.569538
2,155,0.000000,-0.434535,1.616878
3,155,0.000000,-0.480359,1.481916
4,155,0.000000,-0.516130,1.457020
5,155,0.000000,-0.516130,1.457020
6,155,0.000000,-0.516130,1.457020
7,155,0.000000,-0.517386,1.539818
8,155,0.000000,-0.475316,1.954540
9,155,0.000000,-0.466745,1.936974
10,155,0.000000,-0.414394,1.936974
1,156,0.000000,0.031092,13.436057
2,156,0.000000,0.031092,13.436057
3,156,0.000000,0.035102,13.183583
4,156,0.000000,0.065788,13.231900
5,156,0.000000,0.070849,13.393663
6,156,0.000000,0.033170,13.224297
7,156,0.000000,0.053241,13.415531
8,156,0.000000,0.044685,13.370537
9,156,0.000000,0.068561,13.522010
10,156,0.000000,0.048613,13.173058
1,157,0.000000,0.601798,-3.740076
2,157,0.000000,0.615058,-3.740076
3,157,0.000000,0.615058,-3.740076
4,157,0.000000,0.604568,-3.596845
5,157,0.000000,0.653642,-3.438928
6,157,0.000000,0.618388,-3.682246
7,157,0.000000,0.618388,-3.682246
8,157,0.000000,0.618388,-3.682246
9,157,0.000000,0.618388,-3.685766
10,157,0.000000,0.618388,-3.685766
1,158,0.000000,-0.137472,-10.734293
2,158,0.000000,-0.137630,-10.770007
3,158,0.000000,-0.137630,-10.770007
4,158,0.000000,-0.131863,-10.793920
5,158,0.000000,-0.131863,-10.306545
6,158,0.000000,-0.120651,-10.298016
7,158,0.000000,-0.129128,-10.471561
8,158,0.000000,-0.129128,-10.471561
9,158,0.000000,-0.129128,-10.480770
10,158,0.000000,-0.129128,-10.274410
1,159,0.000000,-0.118968,7.043847
2,159,0.000000,-0.083773,7.427356
3,159,0.000000,-0.083773,7.208704
4,159,0.000000,-0.120616,6.944745
5,159,0.000000,-0.113576,6.944745
6,159,0.000000,-0.109526,7.145855
7,159,0.000000,-0.117335,6.740151
8,159,0.000000,-0.160493,6.340812
9,159,0.000000,-0.160493,6.340812
10,159,0.000000,-0.163289,6.340812
1,160,0.000000,-0.224715,2.492389
2,160,0.000000,-0.236911,1.773320
3,160,0.000000,-0.250655,1.693983
4,160,0.000000,-0.244814,2.110205
5,160,0.000000,-0.227289,2.110205
6,160,0.000000,-0.210940,2.451106
7,160,0.000000,-0.217640,2.316316
8,160,0.000000,-0.209837,2.407780
9,160,0.000000,-0.189761,2.407780
10,160,0.000000,-0.189761,2.407780
1,161,0.000000,0.096765,6.717970
2,161,0.000000,0.074538,6.943661
3,161,0.000000,0.122830,6.244688
4,161,0.000000,0.369971,6.598280
5,161,0.000000,0.324947,6.228801
6,161,0.000000,0.343052,6.865299
7,161,0.000000,0.030474,7.044466
8,161,0.000000,0.054297,6.606524
9,161,0.000000,-0.023777,6.719000
10,161,0.000000,0.057535,6.206940
1,162,0.000000,-0.204804,16.164614
2,162,0.000000,-0.208221,15.843186
3,162,0.000000,-0.247046,16.264327
4,162,0.000000,-0.185181,16.443779
5,162,0.000000,-0.214379,16.167060
6,162,0.000000,-0.379920,16.214005
7,162,0.000000,-0.310416,15.938374
8,162,0.000000,-0.322501,16.343010
9,162,0.000000,-0.255723,15.602477
10,162,0.000000,-0.269847,16.599768
1,163,0.000000,-0.528358,4.662561
2,163,0.000000,-0.565866,4.215461
3,163,0.000000,-0.558184,4.045026
4,163,0.000000,-0.512014,5.052561
5,163,0.000000,-0.503877,4.815061
6,163,0.000000,-0.520165,4.719015
7,163,0.000000,-0.520165,4.719015
8,163,0.000000,-0.520165,4.719015
9,163,0.000000,-0.520165,4.719015
10,163,0.000000,-0.531425,3.825509
1,164,0.000000,-1.047327,1.357037
2,164,0.000000,-1.091990,0.234043
3,164,0.000000,-1.066658,0.360114
4,164,0.000000,-1.078943,0.026884
5,164,0.000000,-1.061046,0.208253
6,164,0.000000,-1.039568,1.263561
7,164,0.000000,-0.942570,1.667063
8,164,0.000000,-0.942570,1.667063
9,164,0.000000,-1.014994,1.462592
10,164,0.000000,-1.009446,1.479835
1,165,0.000000,0.344384,-1.207143
2,165,0.000000,0.344384,-1.207143
3,165,0.000000,0.344384,-1.207143
4,165,0.000000,0.344384,-1.207143
5,165,0.000000,0.344384,-1.207143
6,165,0.000000,0.360126,-0.970265
7,165,0.000000,0.340487,-1.052398
8,165,0.000000,0.351250,-1.052398
9,165,0.000000,0.353233,-1.009270
10,165,0.000000,0.346965,-1.009270
1,166,0.000000,-0.314835,3.516012
2,166,0.000000,-0.320649,3.550737
3,166,0.000000,-0.330054,3.475494
4,166,0.000000,-0.410335,2.966238
5,166,0.000000,-0.400751,2.773423
6,166,0.000000,-0.400751,2.773423
7,166,0.000000,-0.412507,2.794827
8,166,0.000000,-0.412507,2.643238
9,166,0.000000,-0.384481,3.049516
10,166,0.000000,-0.384481,3.049516
1,167,0.000000,-1.586206,-1.204589
2,167,0.000000,-1.481902,0.011443
3,167,0.000000,-1.516055,-0.007840
4,167,0.000000,-1.605730,-0.212757
5,167,0.000000,-1.419285,0.582826
6,167,0.000000,-1.431487,0.080915
7,167,0.000000,-1.475367,-1.112454
8,167,0.000000,-1.466627,-1.572136
9,167,0.000000,-1.705983,-2.565658
10,167,0.000000,-1.732888,-1.499106
1,168,0.000000,1.425110,15.584044
2,168,0.000000,1.309947,16.423274
3,168,0.000000,1.218888,16.496321
4,168,0.000000,1.230464,18.962710
5,168,0.000000,1.091837,18.994466
6,168,0.000000,1.233703,19.323387
7,168,0.000000,1.224443,18.956810
8,168,0.000000,1.137357,18.063672
9,168,0.000000,0.995513,19.223270
10,168,0.000000,0.685167,19.748016
1,169,0.000000,0.672646,-4.423665
2,169,0.000000,0.680767,-4.261613
3,169,0.000000,0.692236,-4.159824
4,169,0.000000,0.707831,-4.159824
5,169,0.000000,0.659675,-4.159824
6,169,0.000000,0.657986,-4.261658
7,169,0.000000,0.719578,-4.129425
8,169,0.000000,0.694214,-4.207467
9,169,0.000000,0.676328,-4.506435
10,169,0.000000,0.691575,-4.259036
1,170,0.000000,0.090375,1.430728
2,170,0.000000,0.112155,1.430728
3,170,0.000000,0.112155,1.430728
4,170,0.000000,0.112155,1.413973
5,170,0.000000,0.112155,1.413973
6,170,0.000000,0.104341,1.372155
7,170,0.000000,0.104341,1.372155
8,170,0.000000,0.093581,1.372155
9,170,0.000000,0.108082,1.421225
10,170,0.000000,0.108082,1.441878
1,171,0.000000,-1.003766,-6.427606
2,171,0.000000,-0.974930,-6.414110
3,171,0.000000,-0.958623,-5.870785
4,171,0.000000,-0.952872,-6.197627
5,171,0.000000,-0.952872,-6.197627
6,171,0.000000,-0.949583,-6.150399
7,171,0.000000,-0.974353,-6.023886
8,171,0.000000,-0.998826,-6.757521
9,171,0.000000,-0.956818,-6.593295
10,171,0.000000,-0.970335,-6.044509
1,172,0.000000,-0.180895,-1.279484
2,172,0.000000,-0.265150,-1.278351
3,172,0.000000,-0.236115,-1.423815
4,172,0.000000,-0.247066,-1.423815
5,172,0.000000,-0.247066,-1.295841
6,172,0.000000,-0.208819,-0.831255
7,172,0.000000,-0.219471,-1.087356
8,172,0.000000,-0.206995,-1.053897
9,172,0.000000,-0.221939,-1.095707
10,172,0.000000,-0.221939,-1.095707
1,173,0.000000,0.622714,-2.709745
2,173,0.000000,0.591629,-2.807555
3,173,0.000000,0.582597,-2.796423
4,173,0.000000,0.582597,-2.796423
5,173,0.000000,0.582597,-2.796423
6,173,0.000000,0.559299,-2.953403
7,173,0.000000,0.599472,-2.859305
8,173,0.000000,0.584500,-2.859305
9,173,0.000000,0.593438,-2.859305
10,173,0.000000,0.593438,-2.859305
1,174,0.000000,-0.921290,-4.577161
2,174,0.000000,-0.867466,-4.676524
3,174,0.000000,-0.891531,-5.011599
4,174,0.000000,-0.926338,-5.519784
5,174,0.000000,-0.920021,-4.990217
6,174,0.000000,-0.957573,-5.085544
7,174,0.000000,-0.965447,-5.148680
8,174,0.000000,-0.937065,-5.446948
9,174,0.000000,-0.916079,-5.371216
10,174,0.000000,-0.949416,-5.430099
1,175,0.000000,-0.504810,-3.787131
2,175,0.000000,-0.495796,-3.881270
3,175,0.000000,-0.495796,-3.881270
4,175,0.000000,-0.495796,-3.881270
5,175,0.000000,-0.544756,-4.487320
6,175,0.000000,-0.536092,-4.715204
7,175,0.000000,-0.557434,-4.715204
8,175,0.000000,-0.564723,-4.828136
9,175,0.000000,-0.527332,-4.158258
10,175,0.000000,-0.527332,-4.158258
1,176,0.000000,0.027157,-5.635523
2,176,0.000000,0.027157,-5.635523
3,176,0.000000,0.027157,-5.635523
4,176,0.000000,-0.012818,-6.026064
5,176,0.000000,0.017231,-5.713689
6,176,0.000000,0.017231,-5.713689
7,176,0.000000,-0.004178,-5.920773
8,176,0.000000,-0.018880,-6.193786
9,176,0.000000,0.029524,-5.883465
10,176,0.000000,0.029524,-5.861901
1,177,0.000000,0.812167,7.972006
2,177,0.000000,0.694036,7.854350
3,177,0.000000,0.726933,9.600166
4,177,0.000000,0.554337,9.556318
5,177,0.000000,0.520423,9.063458
6,177,0.000000,0.469371,7.696098
7,177,0.000000,0.421996,7.858522
8,177,0.000000,0.433984,9.483542
9,177,0.000000,0.602639,10.136041
10,177,0.000000,0.512971,9.106034
1,178,0.000000,0.065543,10.625274
2,178,0.000000,0.069906,11.043476
3,178,0.000000,0.069906,10.686722
4,178,0.000000,0.069906,11.034558
5,178,0.000000,0.055548,10.841784
6,178,0.000000,0.055548,10.841784
7,178,0.000000,0.055548,10.586221
8,178,0.000000,0.046761,10.796455
9,178,0.000000,0.046761,10.796455
10,178,0.000000,0.031844,10.528245
1,179,0.000000,0.265720,-2.653463
2,179,0.000000,0.265720,-2.536422
3,179,0.000000,0.225760,-2.891268
4,179,0.000000,0.225760,-3.217485
5,179,0.000000,0.225760,-3.226324
6,179,0.000000,0.225760,-3.134828
7,179,0.000000,0.225760,-2.788447
8,179,0.000000,0.239191,-2.788447
9,179,0.000000,0.237751,-2.788447
10,179,0.000000,0.218862,-3.075029
1,180,0.000000,-0.078851,-8.974557
2,180,0.000000,0.004225,-8.606263
3,180,0.000000,-0.033780,-8.524027
4,180,0.000000,-0.033780,-8.742597
5,180,0.000000,-0.033780,-8.742597
6,180,0.000000,-0.033780,-8.742597
7,180,0.000000,-0.058783,-8.742597
8,180,0.000000,-0.058783,-8.742597
9,180,0.000000,-0.045707,-8.742597
10,180,0.000000,-0.045707,-8.742597
1,181,0.000000,0.816272,3.607795
2,181,0.000000,0.816272,3.607795
3,181,0.000000,0.816272,3.607795
4,181,0.000000,0.805028,3.607795
5,181,0.000000,0.799912,3.607795
6,181,0.000000,0.799912,3.607795
7,181,0.000000,0.856488,3.901132
8,181,0.000000,0.852359,3.904046
9,181,0.000000,0.852359,3.904046
10,181,0.000000,0.852359,3.825649
1,182,0.000000,-1.026065,-11.340729
2,182,0.000000,-1.018846,-11.722120
3,182,0.000000,-1.030927,-11.722120
4,182,0.000000,-1.012106,-12.134779
5,182,0.000000,-1.060024,-12.657874
6,182,0.000000,-1.050738,-11.732453
7,182,0.000000,-0.966792,-10.824722
8,182,0.000000,-0.990970,-11.199624
9,182,0.000000,-0.939068,-10.769047
10,182,0.000000,-0.960679,-10.488388
1,183,0.000000,-0.317847,-0.818102
2,183,0.000000,-0.353226,-0.992742
3,183,0.000000,-0.353226,-0.992742
4,183,0.000000,-0.389630,-1.418967
5,183,0.000000,-0.355135,-0.647526
6,183,0.000000,-0.267551,-0.330803
7,183,0.000000,-0.263484,-0.330803
8,183,0.000000,-0.263484,-0.330803
9,183,0.000000,-0.291745,-0.470183
10,183,0.000000,-0.298427,-0.470183
1,184,0.000000,-0.004461,-1.123599
2,184,0.000000,0.025915,-0.385140
3,184,0.000000,0.025915,-0.454376
4,184,0.000000,0.044829,-0.382952
5,184,0.000000,0.037404,-0.382952
6,184,0.000000,0.037404,-0.382952
7,184,0.000000,0.065095,-0.382952
8,184,0.000000,0.012057,-0.559840
9,184,0.000000,0.012057,-0.921491
10,184,0.000000,0.003932,-0.921491
1,185,0.000000,0.621203,5.284852
2,185,0.000000,0.621203,5.284852
3,185,0.000000,0.621203,5.284852
4,185,0.000000,0.621203,5.284852
5,185,0.000000,0.621203,5.284852
6,185,0.000000,0.621203,5.175334
7,185,0.000000,0.621203,5.175334
8,185,0.000000,0.601536,5.175334
9,185,0.000000,0.611912,5.214597
10,185,0.000000,0.611912,5.214597
1,186,0.000000,0.102238,0.030833
2,186,0.000000,0.116618,0.009871
3,186,0.000000,0.063284,-0.312254
4,186,0.000000,0.058515,-0.382338
5,186,0.000000,0.136825,-0.121695
6,186,0.000000,0.136825,-0.121695
7,186,0.000000,0.100945,-0.238909
8,186,0.000000,0.096554,-0.212845
9,186,0.000000,0.096554,-0.166562
10,186,0.000000,0.091096,-0.249778
1,187,0.000000,1.176806,-4.842421
2,187,0.000000,1.078419,-5.360737
3,187,0.000000,1.078419,-5.360737
4,187,0.000000,1.084605,-5.431231
5,187,0.000000,1.084605,-5.431231
6,187,0.000000,1.085071,-5.431231
7,187,0.000000,1.085071,-5.431231
8,187,0.000000,1.085071,-5.431231
9,187,0.000000,1.061307,-5.431231
10,187,0.000000,1.061307,-5.431231
1,188,0.000000,0.151486,5.321637
2,188,0.000000,0.161536,5.413406
3,188,0.000000,0.129816,4.939769
4,188,0.000000,0.129816,5.425389
5,188,0.000000,0.129816,4.853698
6,188,0.000000,0.121890,5.309431
7,188,0.000000,0.111679,4.875005
8,188,0.000000,0.110592,4.915016
9,188,0.000000,0.109810,5.293609
10,188,0.000000,0.105216,4.848148
1,189,0.000000,-0.641539,-2.693050
2,189,0.000000,-0.641539,-2.637561
3,189,0.000000,-0.626326,-2.313703
4,189,0.000000,-0.560540,-2.208229
5,189,0.000000,-0.635783,-3.316860
6,189,0.000000,-0.688381,-3.109246
7,189,0.000000,-0.647399,-3.109246
8,189,0.000000,-0.719224,-3.437328
9,189,0.000000,-0.831608,-4.365401
10,189,0.000000,-0.809476,-4.640801
1,190,0.000000,0.848915,3.325573
2,190,0.000000,0.848915,3.325573
3,190,0.000000,0.848915,3.325573
4,190,0.000000,0.848915,3.325573
5,190,0.000000,0.866261,3.403911
6,190,0.000000,0.866261,3.403911
7,190,0.000000,0.866261,3.403911
8,190,0.000000,0.856263,3.351146
9,190,0.000000,0.856263,3.351146
10,190,0.000000,0.856263,3.351146
1,191,0.000000,-0.166892,-0.363961
2,191,0.000000,-0.182434,-0.363961
3,191,0.000000,-0.182434,-0.363961
4,191,0.000000,-0.158812,-0.363961
5,191,0.000000,-0.158812,-0.171418
6,191,0.000000,-0.169202,-0.202438
7,191,0.000000,-0.156032,-0.199803
8,191,0.000000,-0.156032,-0.325198
9,191,0.000000,-0.155066,-0.349268
10,191,0.000000,-0.176090,-0.370910
1,192,0.000000,0.368461,-10.249418
2,192,0.000000,0.368461,-10.249418
3,192,0.000000,0.367439,-10.249418
4,192,0.000000,0.367439,-10.249418
5,192,0.000000,0.367439,-10.249418
6,192,0.000000,0.367439,-10.249418
7,192,0.000000,0.363923,-10.299531
8,192,0.000000,0.375591,-10.162227
9,192,0.000000,0.357428,-10.364647
10,192,0.000000,0.357428,-10.364647
1,193,0.000000,-0.603129,12.676218
2,193,0.000000,-0.693662,12.473302
3,193,0.000000,-0.659678,12.603652
4,193,0.000000,-0.667183,12.518698
5,193,0.000000,-0.656378,12.691436
6,193,0.000000,-0.604166,11.979979
7,193,0.000000,-0.669313,11.961293
8,193,0.000000,-0.550358,12.549739
9,193,0.000000,-0.638666,12.447684
10,193,0.000000,-0.671519,11.798924
1,194,0.000000,0.282725,-1.706316
2,194,0.000000,0.288731,-1.706316
3,194,0.000000,0.288731,-1.706316
4,194,0.000000,0.288731,-1.706316
5,194,0.000000,0.288731,-1.706316
6,194,0.000000,0.288731,-1.706316
7,194,0.000000,0.288731,-1.706316
8,194,0.000000,0.288731,-1.706316
9,194,0.000000,0.288731,-1.706316
10,194,0.000000,0.282337,-1.706316
1,195,0.000000,-0.003854,-3.607376
2,195,0.000000,-0.003854,-3.834111
3,195,0.000000,-0.003854,-3.727282
4,195,0.000000,0.001236,-3.454941
5,195,0.000000,0.019195,-3.423346
6,195,0.000000,0.013200,-3.657622
7,195,0.000000,0.018215,-3.507404
8,195,0.000000,0.014777,-3.463265
9,195,0.000000,0.008163,-3.661166
10,195,0.000000,0.008163,-3.661166
1,196,0.000000,0.243371,-4.704858
2,196,0.000000,0.285983,-4.334847
3,196,0.000000,0.284659,-4.224030
4,196,0.000000,0.296511,-3.989398
5,196,0.000000,0.301922,-3.989398
6,196,0.000000,0.276600,-4.024201
7,196,0.000000,0.266088,-4.219039
8,196,0.000000,0.311034,-4.219039
9,196,0.000000,0.317717,-4.018245
10,196,0.000000,0.286741,-4.049399
1,197,0.000000,0.438308,2.868304
2,197,0.000000,0.376428,2.750504
3,197,0.000000,0.366596,2.750504
4,197,0.000000,0.355052,2.750504
5,197,0.000000,0.410088,2.808184
6,197,0.000000,0.383341,2.828019
7,197,0.000000,0.429570,3.048757
8,197,0.000000,0.418484,2.924611
9,197,0.000000,0.477290,2.924611
10,197,0.000000,0.477290,2.924611
1,198,0.000000,1.256215,4.642173
2,198,0.000000,1.412541,5.398673
3,198,0.000000,1.426207,4.776688
4,198,0.000000,1.397851,5.604148
5,198,0.000000,1.428636,5.110809
6,198,0.000000,1.297199,5.247347
7,198,0.000000,1.328702,5.229763
8,198,0.000000,1.328477,4.745643
9,198,0.000000,1.156298,4.472763
10,198,0.000000,1.158717,4.694365
1,199,0.000000,0.260979,-5.023104
2,199,0.000000,0.260979,-5.023104
3,199,0.000000,0.254349,-5.023104
4,199,0.000000,0.249602,-5.023104
5,199,0.000000,0.269919,-4.680442
6,199,0.000000,0.269919,-4.836845
7,199,0.000000,0.268316,-4.879573
8,199,0.000000,0.268316,-4.843038
9,199,0.000000,0.268316,-4.843038
10,199,0.000000,0.268316,-4.843038
1,200,0.000000,-0.375689,-5.688084
2,200,0.000000,-0.375689,-5.688084
3,200,0.000000,-0.444197,-6.041498
4,200,0.000000,-0.407001,-5.520780
5,200,0.000000,-0.402535,-5.835665
6,200,0.000000,-0.402535,-5.835665
7,200,0.000000,-0.402535,-5.835665
8,200,0.000000,-0.402535,-5.835665
9,200,0.000000,-0.459801,-6.523340
10,200,0.000000,-0.459801,-6.762811
1,201,0.000000,-0.651677,6.498970
2,201,0.000000,-0.578678,6.923807
3,201,0.000000,-0.662016,6.113941
4,201,0.000000,-0.674049,6.113941
5,201,0.000000,-0.640780,6.195870
6,201,0.000000,-0.642084,6.845899
7,201,0.000000,-0.666157,6.432360
8,201,0.000000,-0.602846,6.818525
9,201,0.000000,-0.599207,7.104135
10,201,0.000000,-0.599207,7.104135
1,202,0.000000,-0.967929,-5.853038
2,202,0.000000,-0.955960,-5.580802
3,202,0.000000,-0.968809,-5.562780
4,202,0.000000,-0.963294,-5.498130
5,202,0.000000,-0.950840,-5.498130
6,202,0.000000,-0.950840,-5.498130
7,202,0.000000,-0.946833,-5.229245
8,202,0.000000,-0.950751,-5.635539
9,202,0.000000,-0.940700,-5.293713
10,202,0.000000,-0.953729,-5.369789
1,203,0.000000,-0.456183,-7.197295
2,203,0.000000,-0.456183,-7.484657
3,203,0.000000,-0.483003,-7.484657
4,203,0.000000,-0.483003,-7.870266
5,203,0.000000,-0.445832,-7.340483
6,203,0.000000,-0.437509,-7.236551
7,203,0.000000,-0.446992,-7.236551
8,203,0.000000,-0.446992,-7.236551
9,203,0.000000,-0.446992,-7.236551
10,203,0.000000,-0.446992,-7.194482
1,204,0.000000,-0.439318,-7.954351
2,204,0.000000,-0.439318,-7.954351
3,204,0.000000,-0.421194,-7.729802
4,204,0.000000,-0.421194,-7.729802
5,204,0.000000,-0.421194,-7.837933
6,204,0.000000,-0.421194,-7.735143
7,204,0.000000,-0.421194,-8.054589
8,204,0.000000,-0.421101,-8.105829
9,204,0.000000,-0.447537,-7.918521
10,204,0.000000,-0.419888,-7.842112
1,205,0.000000,0.951742,2.180749
2,205,0.000000,0.985748,2.293938
3,205,0.000000,0.985748,2.293938
4,205,0.000000,0.992395,2.293938
5,205,0.000000,0.976388,2.213992
6,205,0.000000,1.011217,2.338361
7,205,0.000000,0.945380,2.208946
8,205,0.000000,0.945380,2.179464
9,205,0.000000,0.966894,2.179464
10,205,0.000000,0.986618,2.204288
1,206,0.000000,0.352937,8.816538
2,206,0.000000,0.353321,9.139678
3,206,0.000000,0.363872,9.091723
4,206,0.000000,0.380350,9.166264
5,206,0.000000,0.363384,8.827729
6,206,0.000000,0.316546,8.966252
7,206,0.000000,0.336082,8.894184
8,206,0.000000,0.348955,9.029173
9,206,0.000000,0.381293,9.138304
10,206,0.000000,0.390668,9.123219
1,207,0.000000,-0.307755,3.411844
2,207,0.000000,-0.318361,3.246684
3,207,0.000000,-0.262522,3.706996
4,207,0.000000,-0.238612,3.879115
5,207,0.000000,-0.255166,3.991451
6,207,0.000000,-0.237500,4.075009
7,207,0.000000,-0.237500,4.075009
8,207,0.000000,-0.237500,3.940024
9,207,0.000000,-0.250751,3.872515
10,207,0.000000,-0.250751,3.872515
1,208,0.000000,-0.069653,11.091698
2,208,0.000000,0.011553,10.840157
3,208,0.000000,0.097146,10.840157
4,208,0.000000,0.113099,10.738791
5,208,0.000000,0.280849,10.012990
6,208,0.000000,0.086089,11.098143
7,208,0.000000,-0.003437,10.887336
8,208,0.000000,0.127334,10.337098
9,208,0.000000,0.086004,10.283436
10,208,0.000000,0.235564,9.581084
1,209,0.000000,0.365032,6.485405
2,209,0.000000,0.351879,6.181765
3,209,0.000000,0.343123,6.299317
4,209,0.000000,0.312251,5.928594
5,209,0.000000,0.312251,5.869128
6,209,0.000000,0.312251,5.985401
7,209,0.000000,0.312251,5.883558
8,209,0.000000,0.323385,5.964258
9,209,0.000000,0.304012,5.820711
10,209,0.000000,0.304012,5.820711
1,210,0.000000,-0.757140,-10.182031
2,210,0.000000,-0.757140,-9.923224
3,210,0.000000,-0.755181,-9.923224
4,210,0.000000,-0.721082,-10.088430
5,210,0.000000,-0.721082,-9.632075
6,210,0.000000,-0.728307,-9.703378
7,210,0.000000,-0.728307,-9.703378
8,210,0.000000,-0.751290,-10.050534
9,210,0.000000,-0.751290,-10.140560
10,210,0.000000,-0.750547,-10.140560
1,211,0.000000,-0.546624,-2.286927
2,211,0.000000,-0.546428,-2.458499
3,211,0.000000,-0.546858,-2.085263
4,211,0.000000,-0.555493,-2.085263
5,211,0.000000,-0.555493,-2.587063
6,211,0.000000,-0.603954,-2.972780
7,211,0.000000,-0.634448,-3.861967
8,211,0.000000,-0.612843,-3.520999
9,211,0.000000,-0.573289,-2.723784
10,211,0.000000,-0.573289,-2.723784
1,212,0.000000,0.541373,-5.581984
2,212,0.000000,0.508140,-5.648527
3,212,0.000000,0.508140,-5.648527
4,212,0.000000,0.508140,-5.648527
5,212,0.000000,0.475494,-5.648527
6,212,0.000000,0.467242,-5.826394
7,212,0.000000,0.458934,-6.053945
8,212,0.000000,0.382701,-6.274689
9,212,0.000000,0.438711,-6.274689
10,212,0.000000,0.370092,-6.343567
1,213,0.000000,-0.134359,6.809448
2,213,0.000000,-0.134359,6.809448
3,213,0.000000,-0.134359,6.702379
4,213,0.000000,-0.079776,7.213426
5,213,0.000000,-0.079776,6.809594
6,213,0.000000,-0.123863,6.809594
7,213,0.000000,-0.100845,6.964680
8,213,0.000000,-0.072652,7.193168
9,213,0.000000,-0.077098,6.988744
10,213,0.000000,-0.104344,7.201322
1,214,0.000000,0.614250,10.026623
2,214,0.000000,0.614250,10.026623
3,214,0.000000,0.614250,10.026623
4,214,0.000000,0.614250,10.026623
5,214,0.000000,0.597793,9.949728
6,214,0.000000,0.640334,9.949728
7,214,0.000000,0.575005,9.542220
8,214,0.000000,0.552744,9.573466
9,214,0.000000,0.539224,9.363871
10,214,0.000000,0.539224,9.363871
1,215,0.000000,0.726423,-5.840132
2,215,0.000000,0.726423,-5.840132
3,215,0.000000,0.726423,-5.840132
4,215,0.000000,0.726423,-5.840132
5,215,0.000000,0.726423,-5.821893
6,215,0.000000,0.738647,-5.802723
7,215,0.000000,0.726647,-5.802723
8,215,0.000000,0.726647,-5.771572
9,215,0.000000,0.756361,-5.743693
10,215,0.000000,0.735450,-5.743693
1,216,0.000000,0.297565,2.995825
2,216,0.000000,0.297565,2.995825
3,216,0.000000,0.297565,2.995825
4,216,0.000000,0.302232,2.995825
5,216,0.000000,0.253591,2.995825
6,216,0.000000,0.290088,2.992527
7,216,0.000000,0.281978,2.992527
8,216,0.000000,0.281978,2.992527
9,216,0.000000,0.273506,2.713014
10,216,0.000000,0.253384,2.887068
1,217,0.000000,0.648798,-1.580004
2,217,0.000000,0.695378,-0.917075
3,217,0.000000,0.691907,-1.044571
4,217,0.000000,0.694332,-1.072441
5,217,0.000000,0.718048,-0.696229
6,217,0.000000,0.760706,-0.415120
7,217,0.000000,0.760706,-0.477718
8,217,0.000000,0.760706,-0.477718
9,217,0.000000,0.760706,-0.454459
10,217,0.000000,0.760706,-0.454459
1,218,0.000000,0.049653,1.524926
2,218,0.000000,0.049653,1.524926
3,218,0.000000,0.044734,1.583827
4,218,0.000000,0.044734,1.583827
5,218,0.000000,0.044734,1.583827
6,218,0.000000,0.032850,1.325239
7,218,0.000000,0.059624,1.629419
8,218,0.000000,0.062407,1.578972
9,218,0.000000,0.038104,1.508138
10,218,0.000000,0.038104,1.508138
1,219,0.000000,-0.242559,5.438700
2,219,0.000000,-0.170265,5.407352
3,219,0.000000,-0.245989,5.608262
4,219,0.000000,-0.254177,5.630968
5,219,0.000000,-0.243085,5.542214
6,219,0.000000,-0.223875,5.489985
7,219,0.000000,-0.132974,4.928971
8,219,0.000000,-0.181540,5.047351
9,219,0.000000,-0.176077,5.216897
10,219,0.000000,-0.218762,5.263450
1,220,0.000000,0.258925,4.342014
2,220,0.000000,0.284844,4.342014
3,220,0.000000,0.284844,4.363864
4,220,0.000000,0.284844,4.363864
5,220,0.000000,0.284844,4.391280
6,220,0.000000,0.284678,4.391280
7,220,0.000000,0.284678,4.391280
8,220,0.000000,0.279625,4.610460
9,220,0.000000,0.279625,4.424615
10,220,0.000000,0.268500,4.393857
1,221,0.000000,-0.609725,-5.062914
2,221,0.000000,-0.617739,-4.832153
3,221,0.000000,-0.617739,-4.832153
4,221,0.000000,-0.620729,-4.899468
5,221,0.000000,-0.579599,-4.574890
6,221,0.000000,-0.579599,-4.499546
7,221,0.000000,-0.567350,-4.591950
8,221,0.000000,-0.580812,-4.609405
9,221,0.000000,-0.586547,-4.973794
10,221,0.000000,-0.571427,-4.523328
1,222,0.000000,0.434796,10.455225
2,222,0.000000,0.477218,10.680037
3,222,0.000000,0.461105,10.591204
4,222,0.000000,0.490564,10.610431
5,222,0.000000,0.477329,10.497501
6,222,0.000000,0.485333,10.907459
7,222,0.000000,0.427893,11.381175
8,222,0.000000,0.337017,11.228209
9,222,0.000000,0.412267,10.940527
10,222,0.000000,0.307587,11.621746
1,223,0.000000,-0.649811,-3.053272
2,223,0.000000,-0.677533,-3.354093
3,223,0.000000,-0.677533,-3.759456
4,223,0.000000,-0.677533,-3.883297
5,223,0.000000,-0.715989,-4.067957
6,223,0.000000,-0.715989,-4.067957
7,223,0.000000,-0.715989,-3.912864
8,223,0.000000,-0.666136,-3.549587
9,223,0.000000,-0.675885,-3.466034
10,223,0.000000,-0.675885,-3.625452
1,224,0.000000,-1.065148,2.861902
2,224,0.000000,-0.973700,2.325986
3,224,0.000000,-0.938047,2.707194
4,224,0.000000,-1.065895,2.865264
5,224,0.000000,-1.000291,3.257241
6,224,0.000000,-0.916652,2.012179
7,224,0.000000,-0.876120,0.998116
8,224,0.000000,-0.795582,1.745053
9,224,0.000000,-0.865384,2.249348
10,224,0.000000,-0.841207,2.187767
1,225,0.000000,-1.189568,-6.966402
2,225,0.000000,-1.206245,-6.836635
3,225,0.000000,-1.179766,-6.608649
4,225,0.000000,-1.179766,-6.600566
5,225,0.000000,-1.175560,-6.155943
6,225,0.000000,-1.175560,-5.354262
7,225,0.000000,-1.154209,-5.801518
8,225,0.000000,-1.154209,-5.801518
9,225,0.000000,-1.159919,-5.837230
10,225,0.000000,-1.141662,-5.789511
1,226,0.000000,0.358546,-4.518509
2,226,0.000000,0.358546,-4.518509
3,226,0.000000,0.377843,-4.518509
4,226,0.000000,0.377843,-4.518509
5,226,0.000000,0.342170,-4.518509
6,226,0.000000,0.342170,-4.518509
7,226,0.000000,0.342170,-4.518509
8,226,0.000000,0.342170,-4.518509
9,226,0.000000,0.342170,-4.518509
10,226,0.000000,0.342170,-4.726686
1,227,0.000000,-0.678984,-2.719424
2,227,0.000000,-0.662817,-2.811081
3,227,0.000000,-0.688334,-2.965566
4,227,0.000000,-0.702440,-2.758594
5,227,0.000000,-0.685948,-2.991015
6,227,0.000000,-0.677501,-2.449063
7,227,0.000000,-0.604650,-2.281520
8,227,0.000000,-0.662687,-2.306975
9,227,0.000000,-0.662687,-2.595215
10,227,0.000000,-0.703517,-2.720579
1,228,0.000000,-0.647115,-2.847992
2,228,0.000000,-0.634771,-2.680330
3,228,0.000000,-0.634771,-2.278101
4,228,0.000000,-0.632293,-2.591701
5,228,0.000000,-0.600389,-2.057581
6,228,0.000000,-0.600389,-2.057581
7,228,0.000000,-0.600389,-1.978715
8,228,0.000000,-0.574705,-1.945367
9,228,0.000000,-0.583401,-2.129505
10,228,0.000000,-0.615297,-2.302997
1,229,0.000000,-0.512939,-7.230723
2,229,0.000000,-0.513937,-7.014171
3,229,0.000000,-0.524351,-7.236369
4,229,0.000000,-0.524351,-7.646071
5,229,0.000000,-0.530683,-7.593003
6,229,0.000000,-0.530683,-7.409319
7,229,0.000000,-0.530683,-7.409319
8,229,0.000000,-0.522196,-7.478644
9,229,0.000000,-0.522196,-7.478644
10,229,0.000000,-0.538208,-7.563953
1,230,0.000000,0.226868,12.902990
2,230,0.000000,0.137446,12.732368
3,230,0.000000,0.209540,12.732368
4,230,0.000000,0.209540,12.732368
5,230,0.000000,0.185582,12.804943
6,230,0.000000,0.089620,12.870573
7,230,0.000000,0.117992,12.757468
8,230,0.000000,0.209574,12.757468
9,230,0.000000,0.252991,12.757468
10,230,0.000000,0.216894,12.965581
1,231,0.000000,-0.061567,-0.654189
2,231,0.000000,0.008851,-0.338735
3,231,0.000000,0.008851,-0.338735
4,231,0.000000,-0.011163,-0.414503
5,231,0.000000,0.003004,-0.378920
6,231,0.000000,-0.001409,-0.378920
7,231,0.000000,0.086294,0.098250
8,231,0.000000,0.045083,-0.152876
9,231,0.000000,0.060384,-0.018701
10,231,0.000000,0.060384,-0.112064
1,232,0.000000,0.512756,2.348928
2,232,0.000000,0.516706,2.348928
3,232,0.000000,0.500613,2.233283
4,232,0.000000,0.500613,2.233283
5,232,0.000000,0.477286,2.061871
6,232,0.000000,0.448148,1.923305
7,232,0.000000,0.448148,1.923305
8,232,0.000000,0.448148,1.923305
9,232,0.000000,0.448148,1.923305
10,232,0.000000,0.448148,1.923305
1,233,0.000000,0.278751,-4.829677
2,233,0.000000,0.323263,-4.783628
3,233,0.000000,0.279445,-4.899396
4,233,0.000000,0.279445,-4.916796
5,233,0.000000,0.317894,-4.732283
6,233,0.000000,0.317894,-4.767450
7,233,0.000000,0.295673,-4.767450
8,233,0.000000,0.295673,-4.767450
9,233,0.000000,0.295673,-4.767450
10,233,0.000000,0.295673,-4.767450
1,234,0.000000,-0.084966,-7.403474
2,234,0.000000,-0.066380,-7.001638
3,234,0.000000,-0.066380,-7.001638
4,234,0.000000,-0.047791,-6.913921
5,234,0.000000,-0.047791,-6.881299
6,234,0.000000,-0.047791,-6.881299
7,234,0.000000,-0.050528,-7.007857
8,234,0.000000,-0.050528,-7.007857
9,234,0.000000,-0.050528,-7.007857
10,234,0.000000,-0.052483,-6.938608
1,235,0.000000,-0.520240,-10.105991
2,235,0.000000,-0.534201,-10.021609
3,235,0.000000,-0.513052,-10.021609
4,235,0.000000,-0.506767,-9.672649
5,235,0.000000,-0.506767,-9.672649
6,235,0.000000,-0.509427,-9.807659
7,235,0.000000,-0.509427,-9.807659
8,235,0.000000,-0.524427,-10.340715
9,235,0.000000,-0.536239,-10.340715
10,235,0.000000,-0.536239,-10.092418
1,236,0.000000,0.041110,2.354669
2,236,0.000000,0.041110,2.354669
3,236,0.000000,0.032386,2.604585
4,236,0.000000,0.008799,2.097973
5,236,0.000000,0.042569,2.424780
6,236,0.000000,0.042569,2.333246
7,236,0.000000,0.014763,2.021940
8,236,0.000000,0.031484,2.105867
9,236,0.000000,-0.000147,2.029227
10,236,0.000000,-0.000147,1.813335
1,237,0.000000,0.339506,-8.577518
2,237,0.000000,0.340878,-8.475698
3,237,0.000000,0.340878,-8.475698
4,237,0.000000,0.340878,-8.475698
5,237,0.000000,0.333940,-8.512186
6,237,0.000000,0.333940,-8.512186
7,237,0.000000,0.333940,-8.256888
8,237,0.000000,0.369977,-8.256888
9,237,0.000000,0.369977,-8.251849
10,237,0.000000,0.361965,-8.251849
1,238,0.000000,0.148441,6.139597
2,238,0.000000,0.070066,5.855712
3,238,0.000000,0.099576,6.275271
4,238,0.000000,0.081242,6.227543
5,238,0.000000,0.106970,6.227543
6,238,0.000000,0.131595,6.227543
7,238,0.000000,0.178409,6.202815
8,238,0.000000,0.169460,6.041040
9,238,0.000000,0.149138,6.154469
10,238,0.000000,0.174091,6.021981
1,239,0.000000,-0.157047,3.075076
2,239,0.000000,-0.157047,2.859598
3,239,0.000000,-0.157047,3.005818
4,239,0.000000,-0.157047,3.120062
5,239,0.000000,-0.173873,2.585273
6,239,0.000000,-0.151668,3.164741
7,239,0.000000,-0.151668,3.164741
8,239,0.000000,-0.151668,3.164741
9,239,0.000000,-0.156498,2.973443
10,239,0.000000,-0.137298,3.283508
1,240,0.000000,-0.593204,-3.978428
2,240,0.000000,-0.593204,-3.978428
3,240,0.000000,-0.595270,-3.988085
4,240,0.000000,-0.567491,-3.988085
5,240,0.000000,-0.567491,-3.677516
6,240,0.000000,-0.590045,-3.721364
7,240,0.000000,-0.602007,-3.849319
8,240,0.000000,-0.602007,-3.881690
9,240,0.000000,-0.602007,-3.837040
10,240,0.000000,-0.681421,-5.010754
1,241,0.000000,-0.287981,-11.981453
2,241,0.000000,-0.269412,-11.737496
3,241,0.000000,-0.285422,-11.463162
4,241,0.000000,-0.283394,-11.374270
5,241,0.000000,-0.285717,-11.720333
6,241,0.000000,-0.285731,-11.379074
7,241,0.000000,-0.275933,-11.089394
8,241,0.000000,-0.315794,-11.895313
9,241,0.000000,-0.292648,-11.895313
10,241,0.000000,-0.292648,-11.486378
1,242,0.000000,-0.194648,0.674718
2,242,0.000000,-0.194648,0.739659
3,242,0.000000,-0.211424,0.293997
4,242,0.000000,-0.211424,0.296900
5,242,0.000000,-0.242102,0.261788
6,242,0.000000,-0.230380,-0.023840
7,242,0.000000,-0.237875,-0.023840
8,242,0.000000,-0.249891,0.098845
9,242,0.000000,-0.252889,-0.207479
10,242,0.000000,-0.252889,-0.226269
1,243,0.000000,-0.470896,7.056729
2,243,0.000000,-0.462081,7.036772
3,243,0.000000,-0.461081,6.844533
4,243,0.000000,-0.430759,7.151596
5,243,0.000000,-0.446618,7.151596
6,243,0.000000,-0.433100,7.101007
7,243,0.000000,-0.434902,7.101007
8,243,0.000000,-0.458262,7.101007
9,243,0.000000,-0.458262,7.101007
10,243,0.000000,-0.456933,7.200809
1,244,0.000000,-0.521748,-1.451399
2,244,0.000000,-0.525924,-1.451399
3,244,0.000000,-0.525924,-1.205524
4,244,0.000000,-0.528698,-1.043958
5,244,0.000000,-0.562999,-1.525647
6,244,0.000000,-0.566177,-1.629603
7,244,0.000000,-0.589292,-1.628400
8,244,0.000000,-0.589292,-1.944367
9,244,0.000000,-0.589292,-1.944367
10,244,0.000000,-0.602317,-1.944675
1,245,0.000000,-0.664034,-11.919298
2,245,0.000000,-0.664034,-11.919298
3,245,0.000000,-0.653778,-11.839337
4,245,0.000000,-0.660692,-12.125949
5,245,0.000000,-0.660692,-11.662623
6,245,0.000000,-0.660692,-12.439555
7,245,0.000000,-0.660692,-12.626777
8,245,0.000000,-0.625951,-11.433952
9,245,0.000000,-0.636249,-11.213000
10,245,0.000000,-0.622658,-11.325526
1,246,0.000000,0.394192,0.193365
2,246,0.000000,0.394192,0.193365
3,246,0.000000,0.356159,0.149557
4,246,0.000000,0.356159,0.149557
5,246,0.000000,0.356159,0.147293
6,246,0.000000,0.356159,0.147293
7,246,0.000000,0.366345,0.134406
8,246,0.000000,0.364790,0.106010
9,246,0.000000,0.364790,0.106010
10,246,0.000000,0.373994,0.066843
1,247,0.000000,-0.881524,-3.862734
2,247,0.000000,-0.881524,-3.862734
3,247,0.000000,-0.881524,-3.862734
4,247,0.000000,-0.843060,-3.862734
5,247,0.000000,-0.843060,-3.862734
6,247,0.000000,-0.891172,-4.589307
7,247,0.000000,-0.889205,-4.657727
8,247,0.000000,-0.889205,-4.657727
9,247,0.000000,-0.887146,-4.254704
10,247,0.000000,-0.867303,-4.004076
1,248,0.000000,-0.160195,-1.258979
2,248,0.000000,-0.129658,-1.169698
3,248,0.000000,-0.129658,-1.080064
4,248,0.000000,-0.133666,-1.215653
5,248,0.000000,-0.153833,-1.019976
6,248,0.000000,-0.147487,-1.239987
7,248,0.000000,-0.136688,-0.772579
8,248,0.000000,-0.113245,-0.910384
9,248,0.000000,-0.144587,-1.062435
10,248,0.000000,-0.144587,-1.062435
1,249,0.000000,0.175057,-8.933987
2,249,0.000000,0.196699,-8.705099
3,249,0.000000,0.203544,-8.393530
4,249,0.000000,0.203544,-8.393530
5,249,0.000000,0.203544,-8.393530
6,249,0.000000,0.203544,-8.393530
7,249,0.000000,0.203544,-8.503523
8,249,0.000000,0.221019,-8.503523
9,249,0.000000,0.196874,-8.523104
10,249,0.000000,0.212381,-8.468893
1,250,0.000000,0.248539,-7.552705
2,250,0.000000,0.247454,-7.552705
3,250,0.000000,0.247454,-7.552705
4,250,0.000000,0.247454,-7.552705
5,250,0.000000,0.244454,-7.552705
6,250,0.000000,0.245259,-7.552705
7,250,0.000000,0.245259,-7.552705
8,250,0.000000,0.225839,-7.687900
9,250,0.000000,0.236231,-7.687900
10,250,0.000000,0.236231,-7.687900