rep,id,p0,alpha,tau
1,1,0.164594,0.020286,66.492114
2,1,0.164594,0.020170,66.674950
3,1,0.164594,0.020170,66.674950
4,1,0.164594,0.020478,66.666572
5,1,0.164594,0.020496,66.674981
6,1,0.164594,0.020432,66.641825
7,1,0.164594,0.021835,67.019113
8,1,0.164594,0.021180,67.019113
9,1,0.164594,0.019492,66.426854
10,1,0.164594,0.019492,66.046102
1,2,0.164594,0.029037,70.020203
2,2,0.164594,0.029839,69.976655
3,2,0.164594,0.029839,69.976655
4,2,0.164594,0.029622,69.930458
5,2,0.164594,0.029622,69.930458
6,2,0.164594,0.029622,69.930458
7,2,0.164594,0.029622,69.930458
8,2,0.164594,0.030202,70.150834
9,2,0.164594,0.030202,70.176195
10,2,0.164594,0.030202,70.176195
1,3,0.164594,0.015486,66.671905
2,3,0.164594,0.013502,66.400635
3,3,0.164594,0.013417,66.400635
4,3,0.164594,0.013813,66.460346
5,3,0.164594,0.014565,66.568277
6,3,0.164594,0.014127,66.492521
7,3,0.164594,0.013577,66.429124
8,3,0.164594,0.013495,66.185793
9,3,0.164594,0.014383,67.029871
10,3,0.164594,0.014605,66.633652
1,4,0.164594,0.029450,58.585150
2,4,0.164594,0.028090,58.561489
3,4,0.164594,0.028716,58.740879
4,4,0.164594,0.028716,58.707141
5,4,0.164594,0.030571,59.141062
6,4,0.164594,0.029926,59.112750
7,4,0.164594,0.029926,59.112750
8,4,0.164594,0.030985,59.411953
9,4,0.164594,0.031018,59.403265
10,4,0.164594,0.031018,59.403265
1,5,0.164594,0.020095,71.462570
2,5,0.164594,0.019375,70.895671
3,5,0.164594,0.020307,71.053216
4,5,0.164594,0.020510,71.303339
5,5,0.164594,0.020672,71.173944
6,5,0.164594,0.020350,71.283250
7,5,0.164594,0.020672,71.533882
8,5,0.164594,0.020725,71.658993
9,5,0.164594,0.020725,71.658993
10,5,0.164594,0.021188,71.515322
1,6,0.164594,0.046845,57.430593
2,6,0.164594,0.046804,57.503735
3,6,0.164594,0.047526,57.871642
4,6,0.164594,0.047526,57.871642
5,6,0.164594,0.047526,57.871642
6,6,0.164594,0.047526,57.871642
7,6,0.164594,0.048793,58.004530
8,6,0.164594,0.048793,58.004530
9,6,0.164594,0.048793,57.971199
10,6,0.164594,0.049588,58.131329
1,7,0.164594,0.026910,59.050416
2,7,0.164594,0.026910,59.050416
3,7,0.164594,0.026910,59.050416
4,7,0.164594,0.026532,59.053627
5,7,0.164594,0.026513,58.927113
6,7,0.164594,0.027577,59.323627
7,7,0.164594,0.027442,59.276589
8,7,0.164594,0.027754,59.246959
9,7,0.164594,0.027243,59.440736
10,7,0.164594,0.027243,59.061757
1,8,0.164594,0.026962,54.873468
2,8,0.164594,0.027052,55.087726
3,8,0.164594,0.027396,54.699336
4,8,0.164594,0.026339,54.505134
5,8,0.164594,0.025683,54.390874
6,8,0.164594,0.025993,54.744891
7,8,0.164594,0.027055,54.509492
8,8,0.164594,0.026445,54.726611
9,8,0.164594,0.026629,54.784680
10,8,0.164594,0.027691,54.687398
1,9,0.164594,0.030134,60.340127
2,9,0.164594,0.030134,60.334914
3,9,0.164594,0.030134,60.334914
4,9,0.164594,0.030134,60.459024
5,9,0.164594,0.031314,60.431572
6,9,0.164594,0.030910,60.431572
7,9,0.164594,0.030910,60.431572
8,9,0.164594,0.028574,59.744835
9,9,0.164594,0.028829,59.744835
10,9,0.164594,0.028829,60.013963
1,10,0.164594,0.013604,69.703811
2,10,0.164594,0.012627,69.639163
3,10,0.164594,0.013207,69.535466
4,10,0.164594,0.013274,69.544843
5,10,0.164594,0.013274,69.544843
6,10,0.164594,0.012660,69.583001
7,10,0.164594,0.012660,69.583001
8,10,0.164594,0.012792,68.870238
9,10,0.164594,0.013041,69.584326
10,10,0.164594,0.013041,69.584326
1,11,0.164594,0.056133,63.034344
2,11,0.164594,0.056133,63.034344
3,11,0.164594,0.053473,63.034344
4,11,0.164594,0.053465,62.967429
5,11,0.164594,0.053465,63.061617
6,11,0.164594,0.053465,63.061617
7,11,0.164594,0.052302,63.130952
8,11,0.164594,0.053231,63.173509
9,11,0.164594,0.054515,62.800104
10,11,0.164594,0.051857,63.213194
1,12,0.164594,0.025181,71.631980
2,12,0.164594,0.025181,71.528758
3,12,0.164594,0.025181,71.528758
4,12,0.164594,0.025486,71.439825
5,12,0.164594,0.024460,71.340768
6,12,0.164594,0.023748,71.032203
7,12,0.164594,0.022884,71.235365
8,12,0.164594,0.024314,71.235947
9,12,0.164594,0.025024,71.251208
10,12,0.164594,0.025024,71.388939
1,13,0.164594,0.037753,67.430547
2,13,0.164594,0.037923,67.446975
3,13,0.164594,0.037923,67.446975
4,13,0.164594,0.037923,67.446975
5,13,0.164594,0.037923,67.536483
6,13,0.164594,0.037923,67.536483
7,13,0.164594,0.037923,67.536483
8,13,0.164594,0.037691,67.536483
9,13,0.164594,0.037691,67.536483
10,13,0.164594,0.037691,67.354537
1,14,0.164594,0.056221,65.957845
2,14,0.164594,0.054945,66.078447
3,14,0.164594,0.055271,66.078447
4,14,0.164594,0.057949,66.300008
5,14,0.164594,0.052029,66.005951
6,14,0.164594,0.051268,65.580543
7,14,0.164594,0.052211,65.604392
8,14,0.164594,0.053357,65.868222
9,14,0.164594,0.054148,65.649729
10,14,0.164594,0.052942,66.075355
1,15,0.164594,0.034893,78.272175
2,15,0.164594,0.034805,78.272175
3,15,0.164594,0.037176,78.272175
4,15,0.164594,0.037176,78.558669
5,15,0.164594,0.037055,78.538102
6,15,0.164594,0.036828,78.369812
7,15,0.164594,0.033228,78.268945
8,15,0.164594,0.034551,78.250452
9,15,0.164594,0.034551,78.250452
10,15,0.164594,0.033920,78.250452
1,16,0.164594,0.023503,54.333372
2,16,0.164594,0.023503,54.333372
3,16,0.164594,0.023503,54.333372
4,16,0.164594,0.023503,54.333372
5,16,0.164594,0.022996,54.205818
6,16,0.164594,0.022996,54.205818
7,16,0.164594,0.022996,54.205818
8,16,0.164594,0.022996,54.245800
9,16,0.164594,0.022996,54.183777
10,16,0.164594,0.022996,54.183777
1,17,0.164594,0.033938,68.471718
2,17,0.164594,0.034092,68.471718
3,17,0.164594,0.033354,68.324035
4,17,0.164594,0.033482,68.762551
5,17,0.164594,0.033482,68.509000
6,17,0.164594,0.033482,68.392148
7,17,0.164594,0.033482,68.394257
8,17,0.164594,0.032187,68.364302
9,17,0.164594,0.032187,68.266318
10,17,0.164594,0.032187,68.266318
1,18,0.164594,0.024747,53.315514
2,18,0.164594,0.025417,53.667091
3,18,0.164594,0.025417,53.667091
4,18,0.164594,0.024419,53.737023
5,18,0.164594,0.024271,53.145821
6,18,0.164594,0.023241,52.951269
7,18,0.164594,0.023381,53.417539
8,18,0.164594,0.023298,53.417539
9,18,0.164594,0.023298,53.398279
10,18,0.164594,0.023867,53.408880
1,19,0.164594,0.026264,72.115995
2,19,0.164594,0.026264,72.223736
3,19,0.164594,0.026264,72.223736
4,19,0.164594,0.026264,72.223736
5,19,0.164594,0.026264,72.223736
6,19,0.164594,0.026264,72.223736
7,19,0.164594,0.026264,72.223736
8,19,0.164594,0.026264,72.223736
9,19,0.164594,0.026264,72.223736
10,19,0.164594,0.026264,72.223736
1,20,0.164594,0.024707,60.278021
2,20,0.164594,0.024707,60.278021
3,20,0.164594,0.024707,60.278021
4,20,0.164594,0.024909,60.468172
5,20,0.164594,0.024997,60.468172
6,20,0.164594,0.024997,60.286638
7,20,0.164594,0.024997,60.295228
8,20,0.164594,0.024944,60.352207
9,20,0.164594,0.024841,60.352207
10,20,0.164594,0.024841,60.352207
1,21,0.164594,0.024914,61.984848
2,21,0.164594,0.026462,62.174699
3,21,0.164594,0.027200,62.513567
4,21,0.164594,0.026893,62.559312
5,21,0.164594,0.026424,62.559312
6,21,0.164594,0.026424,62.559312
7,21,0.164594,0.027008,62.222780
8,21,0.164594,0.027008,62.582870
9,21,0.164594,0.026266,62.599872
10,21,0.164594,0.025631,62.111136
1,22,0.164594,0.009091,68.570256
2,22,0.164594,0.009292,68.532901
3,22,0.164594,0.010031,68.709099
4,22,0.164594,0.009140,68.679369
5,22,0.164594,0.009192,68.433016
6,22,0.164594,0.008890,68.970131
7,22,0.164594,0.009638,68.803981
8,22,0.164594,0.008128,68.760706
9,22,0.164594,0.009472,68.364567
10,22,0.164594,0.008789,69.238106
1,23,0.164594,0.018891,63.706483
2,23,0.164594,0.018891,63.706483
3,23,0.164594,0.018891,63.706483
4,23,0.164594,0.018891,63.391427
5,23,0.164594,0.018891,63.404648
6,23,0.164594,0.019008,63.568483
7,23,0.164594,0.018740,63.677450
8,23,0.164594,0.018740,63.677450
9,23,0.164594,0.018740,63.677450
10,23,0.164594,0.018455,63.379371
1,24,0.164594,0.007860,67.136118
2,24,0.164594,0.008425,66.821122
3,24,0.164594,0.008077,66.825822
4,24,0.164594,0.007804,66.720593
5,24,0.164594,0.007892,67.973228
6,24,0.164594,0.007764,67.318657
7,24,0.164594,0.008179,66.631614
8,24,0.164594,0.008096,67.257862
9,24,0.164594,0.007934,67.416412
10,24,0.164594,0.007320,66.570138
1,25,0.164594,0.021616,70.005861
2,25,0.164594,0.019118,69.708997
3,25,0.164594,0.018561,69.575048
4,25,0.164594,0.018524,69.340578
5,25,0.164594,0.017774,69.736866
6,25,0.164594,0.017858,69.446998
7,25,0.164594,0.018537,69.650026
8,25,0.164594,0.019659,69.650026
9,25,0.164594,0.019776,69.772271
10,25,0.164594,0.018832,69.744309
1,26,0.164594,0.055219,72.459180
2,26,0.164594,0.054484,72.459180
3,26,0.164594,0.050160,72.853128
4,26,0.164594,0.037597,72.793320
5,26,0.164594,0.043676,72.793320
6,26,0.164594,0.044033,73.075970
7,26,0.164594,0.041906,73.122934
8,26,0.164594,0.037308,72.729843
9,26,0.164594,0.036628,72.729309
10,26,0.164594,0.038885,72.729309
1,27,0.164594,0.017599,63.001686
2,27,0.164594,0.017599,62.279089
3,27,0.164594,0.017712,62.651769
4,27,0.164594,0.017712,62.530407
5,27,0.164594,0.017712,62.896259
6,27,0.164594,0.017712,62.896259
7,27,0.164594,0.017712,62.896259
8,27,0.164594,0.018087,63.025615
9,27,0.164594,0.018087,62.962350
10,27,0.164594,0.018087,62.739691
1,28,0.164594,0.030979,68.215773
2,28,0.164594,0.030835,68.338777
3,28,0.164594,0.032815,68.608253
4,28,0.164594,0.030889,68.342622
5,28,0.164594,0.030889,68.342622
6,28,0.164594,0.032262,68.742955
7,28,0.164594,0.032262,68.742955
8,28,0.164594,0.032475,68.792257
9,28,0.164594,0.031929,68.792257
10,28,0.164594,0.031929,68.792257
1,29,0.164594,0.048313,76.254947
2,29,0.164594,0.048313,76.167576
3,29,0.164594,0.048313,76.167576
4,29,0.164594,0.048281,76.283268
5,29,0.164594,0.048281,76.173022
6,29,0.164594,0.045885,75.969348
7,29,0.164594,0.045505,75.978984
8,29,0.164594,0.045505,75.978984
9,29,0.164594,0.045505,75.978984
10,29,0.164594,0.045505,75.978984
1,30,0.164594,0.015858,61.490085
2,30,0.164594,0.015858,61.490085
3,30,0.164594,0.015858,61.338513
4,30,0.164594,0.015858,61.319247
5,30,0.164594,0.015858,61.491585
6,30,0.164594,0.015561,61.229002
7,30,0.164594,0.015561,61.229002
8,30,0.164594,0.015618,61.010591
9,30,0.164594,0.015618,61.010591
10,30,0.164594,0.015618,61.182374
1,31,0.164594,0.040704,61.658765
2,31,0.164594,0.040704,61.658765
3,31,0.164594,0.040920,61.658765
4,31,0.164594,0.039606,61.658765
5,31,0.164594,0.040761,61.691902
6,31,0.164594,0.039712,61.594846
7,31,0.164594,0.039628,61.594846
8,31,0.164594,0.040655,61.594846
9,31,0.164594,0.038595,61.727424
10,31,0.164594,0.040416,61.644459
1,32,0.164594,0.036927,69.765167
2,32,0.164594,0.035571,69.576123
3,32,0.164594,0.035571,69.576123
4,32,0.164594,0.034688,69.198316
5,32,0.164594,0.036020,69.559491
6,32,0.164594,0.035685,69.221095
7,32,0.164594,0.035685,69.221095
8,32,0.164594,0.035627,69.545311
9,32,0.164594,0.035627,69.545311
10,32,0.164594,0.034573,69.581329
1,33,0.164594,0.021500,68.408807
2,33,0.164594,0.018637,67.603115
3,33,0.164594,0.018939,68.014054
4,33,0.164594,0.019479,68.375993
5,33,0.164594,0.019368,68.148285
6,33,0.164594,0.021925,68.555120
7,33,0.164594,0.019274,68.722261
8,33,0.164594,0.020429,68.223433
9,33,0.164594,0.020255,68.114640
10,33,0.164594,0.018881,67.951935
1,34,0.164594,0.028888,63.006185
2,34,0.164594,0.028888,63.006185
3,34,0.164594,0.028491,62.932818
4,34,0.164594,0.028491,62.932818
5,34,0.164594,0.028491,62.932818
6,34,0.164594,0.028491,62.976722
7,34,0.164594,0.028491,62.976722
8,34,0.164594,0.028491,62.959078
9,34,0.164594,0.028111,62.959078
10,34,0.164594,0.028460,62.959078
1,35,0.164594,0.028301,69.794474
2,35,0.164594,0.028100,69.794474
3,35,0.164594,0.028583,69.767954
4,35,0.164594,0.028228,69.808698
5,35,0.164594,0.028228,69.808698
6,35,0.164594,0.028740,69.808698
7,35,0.164594,0.028410,69.876938
8,35,0.164594,0.027972,69.939403
9,35,0.164594,0.027972,69.939403
10,35,0.164594,0.026946,69.760063
1,36,0.164594,0.024039,63.731257
2,36,0.164594,0.023330,63.731257
3,36,0.164594,0.023635,63.691196
4,36,0.164594,0.023087,63.691196
5,36,0.164594,0.023087,63.785631
6,36,0.164594,0.023087,63.785631
7,36,0.164594,0.023944,63.382009
8,36,0.164594,0.023458,63.440701
9,36,0.164594,0.023458,63.440701
10,36,0.164594,0.024001,63.615663
1,37,0.164594,0.017868,58.398418
2,37,0.164594,0.018030,58.630749
3,37,0.164594,0.018030,58.630749
4,37,0.164594,0.018030,58.630749
5,37,0.164594,0.018030,58.629469
6,37,0.164594,0.018030,58.629469
7,37,0.164594,0.018030,58.621674
8,37,0.164594,0.018030,58.621674
9,37,0.164594,0.018012,58.492096
10,37,0.164594,0.017946,58.240842
1,38,0.164594,0.044854,64.300360
2,38,0.164594,0.045272,64.970266
3,38,0.164594,0.048030,65.488415
4,38,0.164594,0.047383,65.222536
5,38,0.164594,0.047383,64.832499
6,38,0.164594,0.045803,65.112743
7,38,0.164594,0.044544,64.758184
8,38,0.164594,0.047124,64.915546
9,38,0.164594,0.048491,65.146977
10,38,0.164594,0.045410,64.481197
1,39,0.164594,0.023060,67.801570
2,39,0.164594,0.023060,67.950255
3,39,0.164594,0.023073,67.888953
4,39,0.164594,0.023042,67.888953
5,39,0.164594,0.022161,67.888953
6,39,0.164594,0.022161,67.777192
7,39,0.164594,0.022161,67.663041
8,39,0.164594,0.023554,68.551764
9,39,0.164594,0.022560,68.488616
10,39,0.164594,0.023153,68.053268
1,40,0.164594,0.045400,62.602835
2,40,0.164594,0.044554,62.559427
3,40,0.164594,0.044554,62.701115
4,40,0.164594,0.044554,62.701115
5,40,0.164594,0.045801,62.701115
6,40,0.164594,0.045801,62.701115
7,40,0.164594,0.044273,62.683929
8,40,0.164594,0.044227,62.579798
9,40,0.164594,0.044227,62.579798
10,40,0.164594,0.044871,62.732200
1,41,0.164594,0.017033,63.730456
2,41,0.164594,0.017033,63.752822
3,41,0.164594,0.016121,63.326615
4,41,0.164594,0.016912,63.652833
5,41,0.164594,0.017006,63.452095
6,41,0.164594,0.016983,63.452095
7,41,0.164594,0.016983,63.901779
8,41,0.164594,0.017398,63.811604
9,41,0.164594,0.017233,63.811604
10,41,0.164594,0.017421,64.043822
1,42,0.164594,0.060281,67.720753
2,42,0.164594,0.060201,67.587739
3,42,0.164594,0.060201,67.587739
4,42,0.164594,0.061648,67.718464
5,42,0.164594,0.060532,67.664938
6,42,0.164594,0.061187,67.667440
7,42,0.164594,0.061187,67.667440
8,42,0.164594,0.062206,67.667440
9,42,0.164594,0.062206,67.667440
10,42,0.164594,0.062206,67.667440
1,43,0.164594,0.040340,69.079214
2,43,0.164594,0.040340,69.079214
3,43,0.164594,0.040399,69.102457
4,43,0.164594,0.040399,68.993993
5,43,0.164594,0.040399,69.047087
6,43,0.164594,0.038473,69.054200
7,43,0.164594,0.038473,68.843864
8,43,0.164594,0.038473,68.863964
9,43,0.164594,0.037385,68.852018
10,43,0.164594,0.039054,68.852018
1,44,0.164594,0.028037,56.667456
2,44,0.164594,0.028037,56.667456
3,44,0.164594,0.028037,56.667456
4,44,0.164594,0.028037,56.667456
5,44,0.164594,0.027742,56.453369
6,44,0.164594,0.027742,56.453369
7,44,0.164594,0.027742,56.453369
8,44,0.164594,0.027742,56.453369
9,44,0.164594,0.027742,56.451113
10,44,0.164594,0.028067,56.545572
1,45,0.164594,0.038966,68.532315
2,45,0.164594,0.038966,68.532315
3,45,0.164594,0.039692,68.532315
4,45,0.164594,0.038798,68.306656
5,45,0.164594,0.038798,68.539091
6,45,0.164594,0.040389,68.704655
7,45,0.164594,0.040389,68.704655
8,45,0.164594,0.038035,68.365251
9,45,0.164594,0.038035,68.365251
10,45,0.164594,0.038035,68.228741
1,46,0.164594,0.029201,63.890963
2,46,0.164594,0.028670,63.610293
3,46,0.164594,0.029491,64.115490
4,46,0.164594,0.028991,64.115490
5,46,0.164594,0.028991,64.115490
6,46,0.164594,0.029157,63.905253
7,46,0.164594,0.028845,63.905253
8,46,0.164594,0.028394,63.846462
9,46,0.164594,0.028394,63.704954
10,46,0.164594,0.028394,63.704954
1,47,0.164594,0.037427,68.341204
2,47,0.164594,0.038747,68.505324
3,47,0.164594,0.038747,68.524183
4,47,0.164594,0.038747,68.524183
5,47,0.164594,0.038747,68.524183
6,47,0.164594,0.038298,68.358172
7,47,0.164594,0.037846,68.459593
8,47,0.164594,0.038967,68.595874
9,47,0.164594,0.038967,68.595874
10,47,0.164594,0.038351,68.448136
1,48,0.164594,0.017573,69.268090
2,48,0.164594,0.017163,69.268090
3,48,0.164594,0.017857,69.330854
4,48,0.164594,0.017857,69.330854
5,48,0.164594,0.017857,69.330854
6,48,0.164594,0.017473,69.233412
7,48,0.164594,0.017473,69.233412
8,48,0.164594,0.017448,69.051223
9,48,0.164594,0.017448,69.284765
10,48,0.164594,0.017448,69.248089
1,49,0.164594,0.036211,72.138270
2,49,0.164594,0.032713,71.865453
3,49,0.164594,0.032038,71.865453
4,49,0.164594,0.035884,72.093889
5,49,0.164594,0.037121,72.236283
6,49,0.164594,0.036908,72.291032
7,49,0.164594,0.039090,72.291032
8,49,0.164594,0.039617,72.291032
9,49,0.164594,0.036531,72.291032
10,49,0.164594,0.037118,71.968781
1,50,0.164594,0.043243,69.095413
2,50,0.164594,0.043243,69.095413
3,50,0.164594,0.043243,69.033891
4,50,0.164594,0.043243,69.033891
5,50,0.164594,0.043243,69.033891
6,50,0.164594,0.042954,69.033891
7,50,0.164594,0.042954,69.033891
8,50,0.164594,0.042954,69.033891
9,50,0.164594,0.044196,69.228862
10,50,0.164594,0.044196,69.201734
1,51,0.164594,0.026206,64.431453
2,51,0.164594,0.026206,64.362168
3,51,0.164594,0.025938,64.362168
4,51,0.164594,0.026320,64.362168
5,51,0.164594,0.026320,64.362168
6,51,0.164594,0.026320,64.362168
7,51,0.164594,0.026320,64.459315
8,51,0.164594,0.026337,64.472152
9,51,0.164594,0.026337,64.472152
10,51,0.164594,0.026379,64.472152
1,52,0.164594,0.037539,63.802243
2,52,0.164594,0.037200,63.802243
3,52,0.164594,0.037145,63.802243
4,52,0.164594,0.037145,63.802243
5,52,0.164594,0.037145,63.802243
6,52,0.164594,0.037335,63.707131
7,52,0.164594,0.036318,63.707131
8,52,0.164594,0.037267,63.739482
9,52,0.164594,0.037374,63.739482
10,52,0.164594,0.037374,63.852806
1,53,0.164594,0.034883,63.475473
2,53,0.164594,0.036198,63.789001
3,53,0.164594,0.036198,63.924405
4,53,0.164594,0.038427,64.296878
5,53,0.164594,0.036693,63.488275
6,53,0.164594,0.035201,63.488275
7,53,0.164594,0.035669,63.515627
8,53,0.164594,0.035669,63.515627
9,53,0.164594,0.035217,63.386479
10,53,0.164594,0.035217,63.415532
1,54,0.164594,0.024637,69.688056
2,54,0.164594,0.023755,69.341440
3,54,0.164594,0.023755,69.341440
4,54,0.164594,0.022954,69.341440
5,54,0.164594,0.022963,69.541103
6,54,0.164594,0.022957,69.291815
7,54,0.164594,0.023504,69.245183
8,54,0.164594,0.023558,69.746380
9,54,0.164594,0.024202,69.767362
10,54,0.164594,0.024202,70.023006
1,55,0.164594,0.044888,61.183810
2,55,0.164594,0.044888,61.183810
3,55,0.164594,0.044888,61.183810
4,55,0.164594,0.044888,61.183810
5,55,0.164594,0.044888,61.183810
6,55,0.164594,0.044888,61.176776
7,55,0.164594,0.044888,61.288818
8,55,0.164594,0.046704,61.309038
9,55,0.164594,0.046704,61.481142
10,55,0.164594,0.047259,61.481142
1,56,0.164594,0.039733,69.101199
2,56,0.164594,0.041022,68.720493
3,56,0.164594,0.041022,69.161225
4,56,0.164594,0.041622,69.063992
5,56,0.164594,0.041680,69.195806
6,56,0.164594,0.044408,69.186483
7,56,0.164594,0.043422,69.453895
8,56,0.164594,0.041393,69.697395
9,56,0.164594,0.041393,69.576292
10,56,0.164594,0.041522,69.852734
1,57,0.164594,0.026807,67.303881
2,57,0.164594,0.027062,67.303881
3,57,0.164594,0.027062,67.534046
4,57,0.164594,0.025889,67.126517
5,57,0.164594,0.026647,67.015710
6,57,0.164594,0.026780,67.280733
7,57,0.164594,0.026780,67.280733
8,57,0.164594,0.027361,67.345306
9,57,0.164594,0.027322,67.345306
10,57,0.164594,0.027322,67.345306
1,58,0.164594,0.015393,55.616930
2,58,0.164594,0.015440,55.771951
3,58,0.164594,0.014354,55.177898
4,58,0.164594,0.013976,54.630560
5,58,0.164594,0.014992,54.927755
6,58,0.164594,0.014992,55.674436
7,58,0.164594,0.014671,54.759818
8,58,0.164594,0.014238,54.507439
9,58,0.164594,0.014238,54.507439
10,58,0.164594,0.014197,54.546075
1,59,0.164594,0.027564,74.221920
2,59,0.164594,0.027631,73.938830
3,59,0.164594,0.028222,74.335413
4,59,0.164594,0.028271,73.871934
5,59,0.164594,0.028271,74.150270
6,59,0.164594,0.028271,74.150270
7,59,0.164594,0.028918,74.441257
8,59,0.164594,0.028461,74.136991
9,59,0.164594,0.028461,74.136991
10,59,0.164594,0.028624,74.343467
1,60,0.164594,0.046931,70.270470
2,60,0.164594,0.048052,70.109721
3,60,0.164594,0.048052,70.109721
4,60,0.164594,0.048198,70.109721
5,60,0.164594,0.049111,70.333136
6,60,0.164594,0.049601,70.333136
7,60,0.164594,0.046866,70.443656
8,60,0.164594,0.046823,70.282567
9,60,0.164594,0.047655,70.303826
10,60,0.164594,0.047655,70.261848
1,61,0.164594,0.044263,61.694508
2,61,0.164594,0.043343,61.694508
3,61,0.164594,0.043343,61.694508
4,61,0.164594,0.043282,61.565442
5,61,0.164594,0.043282,61.645776
6,61,0.164594,0.042665,61.645776
7,61,0.164594,0.043520,61.599513
8,61,0.164594,0.043520,61.599513
9,61,0.164594,0.041450,61.411615
10,61,0.164594,0.041450,61.411615
1,62,0.164594,0.055068,79.995024
2,62,0.164594,0.055068,79.995024
3,62,0.164594,0.055068,79.995024
4,62,0.164594,0.055802,79.995024
5,62,0.164594,0.055802,79.995024
6,62,0.164594,0.055802,79.995024
7,62,0.164594,0.055802,79.995024
8,62,0.164594,0.054628,79.995024
9,62,0.164594,0.054628,79.995024
10,62,0.164594,0.054628,79.995024
1,63,0.164594,0.012612,57.141511
2,63,0.164594,0.012537,57.114306
3,63,0.164594,0.012802,57.114306
4,63,0.164594,0.012836,57.114306
5,63,0.164594,0.012631,57.114306
6,63,0.164594,0.012669,57.610739
7,63,0.164594,0.012625,57.133151
8,63,0.164594,0.013108,57.362102
9,63,0.164594,0.012792,56.999539
10,63,0.164594,0.012700,57.226918
1,64,0.164594,0.025701,68.416379
2,64,0.164594,0.025701,68.465874
3,64,0.164594,0.025990,68.777212
4,64,0.164594,0.025440,68.688191
5,64,0.164594,0.026129,68.710450
6,64,0.164594,0.026129,68.731318
7,64,0.164594,0.025602,68.478351
8,64,0.164594,0.025577,68.409332
9,64,0.164594,0.025864,68.348301
10,64,0.164594,0.025727,68.466361
1,65,0.164594,0.025066,75.435345
2,65,0.164594,0.025345,75.665401
3,65,0.164594,0.025528,75.472936
4,65,0.164594,0.024995,75.472936
5,65,0.164594,0.025335,75.507711
6,65,0.164594,0.025335,75.507711
7,65,0.164594,0.025266,75.661216
8,65,0.164594,0.025266,75.661216
9,65,0.164594,0.025266,75.452381
10,65,0.164594,0.024808,75.452381
1,66,0.164594,0.043899,69.136347
2,66,0.164594,0.045275,69.243136
3,66,0.164594,0.045219,69.110412
4,66,0.164594,0.044699,69.151641
5,66,0.164594,0.044699,69.151641
6,66,0.164594,0.044699,69.281947
7,66,0.164594,0.045357,69.281947
8,66,0.164594,0.045357,69.281947
9,66,0.164594,0.046198,69.354364
10,66,0.164594,0.046198,69.354364
1,67,0.164594,0.021420,83.046043
2,67,0.164594,0.021164,82.936491
3,67,0.164594,0.021011,82.654273
4,67,0.164594,0.021588,83.300531
5,67,0.164594,0.021087,83.745205
6,67,0.164594,0.019922,83.946667
7,67,0.164594,0.020827,83.757488
8,67,0.164594,0.021407,83.814302
9,67,0.164594,0.020857,83.670141
10,67,0.164594,0.020554,84.000507
1,68,0.164594,0.016154,69.927344
2,68,0.164594,0.016154,69.909094
3,68,0.164594,0.016154,69.963803
4,68,0.164594,0.016132,69.874198
5,68,0.164594,0.016132,69.874198
6,68,0.164594,0.016249,69.874198
7,68,0.164594,0.016063,69.786191
8,68,0.164594,0.016063,69.679877
9,68,0.164594,0.016063,69.834230
10,68,0.164594,0.015945,69.844661
1,69,0.164594,0.018812,71.113347
2,69,0.164594,0.018537,70.935589
3,69,0.164594,0.018193,70.998292
4,69,0.164594,0.017941,70.678472
5,69,0.164594,0.018408,70.925977
6,69,0.164594,0.019532,71.501742
7,69,0.164594,0.020062,71.784229
8,69,0.164594,0.020107,71.818144
9,69,0.164594,0.019232,71.329553
10,69,0.164594,0.019232,71.329553
1,70,0.164594,0.013033,68.903071
2,70,0.164594,0.013477,69.075388
3,70,0.164594,0.014826,68.981652
4,70,0.164594,0.014717,69.359104
5,70,0.164594,0.014248,69.348674
6,70,0.164594,0.014848,69.366724
7,70,0.164594,0.014162,69.113230
8,70,0.164594,0.014488,68.932662
9,70,0.164594,0.014488,68.943299
10,70,0.164594,0.014488,69.443665
1,71,0.164594,0.010124,67.949171
2,71,0.164594,0.010018,66.767617
3,71,0.164594,0.009711,67.829393
4,71,0.164594,0.010964,68.377360
5,71,0.164594,0.011011,68.558773
6,71,0.164594,0.010757,68.197369
7,71,0.164594,0.010632,67.707226
8,71,0.164594,0.010378,67.430605
9,71,0.164594,0.010393,67.248407
10,71,0.164594,0.010325,67.899145
1,72,0.164594,0.011095,59.647356
2,72,0.164594,0.011037,59.390057
3,72,0.164594,0.010892,59.729347
4,72,0.164594,0.011023,59.432615
5,72,0.164594,0.011104,59.239095
6,72,0.164594,0.011516,59.768106
7,72,0.164594,0.011372,59.894641
8,72,0.164594,0.011372,59.894641
9,72,0.164594,0.011726,60.311842
10,72,0.164594,0.011438,60.024822
1,73,0.164594,0.028271,67.070705
2,73,0.164594,0.029006,67.249489
3,73,0.164594,0.029003,66.663647
4,73,0.164594,0.029003,66.808278
5,73,0.164594,0.029003,66.841805
6,73,0.164594,0.026518,66.333424
7,73,0.164594,0.026518,66.333424
8,73,0.164594,0.026518,66.333424
9,73,0.164594,0.026518,66.333424
10,73,0.164594,0.027292,66.059969
1,74,0.164594,0.030722,72.633874
2,74,0.164594,0.030496,72.859286
3,74,0.164594,0.030301,72.859286
4,74,0.164594,0.030868,72.859286
5,74,0.164594,0.029174,72.709388
6,74,0.164594,0.029174,72.709388
7,74,0.164594,0.031651,72.709388
8,74,0.164594,0.030412,72.799622
9,74,0.164594,0.031146,73.019203
10,74,0.164594,0.031146,73.019203
1,75,0.164594,0.012596,63.908913
2,75,0.164594,0.012596,63.908913
3,75,0.164594,0.012596,63.941912
4,75,0.164594,0.012596,63.796641
5,75,0.164594,0.013271,64.042957
6,75,0.164594,0.013302,64.211636
7,75,0.164594,0.013758,64.648125
8,75,0.164594,0.013429,64.528947
9,75,0.164594,0.013580,64.208910
10,75,0.164594,0.012845,63.562838
1,76,0.164594,0.029755,70.245036
2,76,0.164594,0.027635,69.903608
3,76,0.164594,0.030697,69.989328
4,76,0.164594,0.029908,70.037765
5,76,0.164594,0.025362,70.300192
6,76,0.164594,0.024768,70.469809
7,76,0.164594,0.029026,70.085046
8,76,0.164594,0.026169,70.428921
9,76,0.164594,0.026588,70.224875
10,76,0.164594,0.025347,70.248287
1,77,0.164594,0.032017,59.862965
2,77,0.164594,0.032142,59.779181
3,77,0.164594,0.031649,59.570356
4,77,0.164594,0.031493,59.616427
5,77,0.164594,0.033306,59.874455
6,77,0.164594,0.033306,59.874455
7,77,0.164594,0.033128,59.671959
8,77,0.164594,0.032853,59.671959
9,77,0.164594,0.031813,59.624067
10,77,0.164594,0.031813,59.624067
1,78,0.164594,0.045613,73.584369
2,78,0.164594,0.045821,73.584369
3,78,0.164594,0.045821,73.584369
4,78,0.164594,0.043754,73.176687
5,78,0.164594,0.042774,73.128287
6,78,0.164594,0.043707,73.253534
7,78,0.164594,0.042437,73.194544
8,78,0.164594,0.042437,73.375472
9,78,0.164594,0.042765,73.209241
10,78,0.164594,0.042765,73.209241
1,79,0.164594,0.016319,62.420667
2,79,0.164594,0.016397,61.972046
3,79,0.164594,0.016397,62.131415
4,79,0.164594,0.016205,62.098455
5,79,0.164594,0.016205,62.098455
6,79,0.164594,0.015939,61.912677
7,79,0.164594,0.015939,61.912677
8,79,0.164594,0.016049,61.912677
9,79,0.164594,0.016212,61.883231
10,79,0.164594,0.016161,62.059839
1,80,0.164594,0.028367,84.892557
2,80,0.164594,0.030975,84.307399
3,80,0.164594,0.031653,84.804132
4,80,0.164594,0.033826,85.617297
5,80,0.164594,0.032188,85.868881
6,80,0.164594,0.028186,85.060704
7,80,0.164594,0.032562,85.368177
8,80,0.164594,0.034195,84.949485
9,80,0.164594,0.033751,83.936487
10,80,0.164594,0.026674,84.997710
1,81,0.164594,0.015553,57.204268
2,81,0.164594,0.015804,57.360815
3,81,0.164594,0.016831,58.039684
4,81,0.164594,0.016831,58.039684
5,81,0.164594,0.016831,58.105462
6,81,0.164594,0.016831,58.105462
7,81,0.164594,0.016831,58.190048
8,81,0.164594,0.016831,58.190048
9,81,0.164594,0.016831,58.265097
10,81,0.164594,0.017070,58.491468
1,82,0.164594,0.019288,66.535931
2,82,0.164594,0.019366,66.535931
3,82,0.164594,0.019935,66.867872
4,82,0.164594,0.019628,66.660970
5,82,0.164594,0.018921,66.660970
6,82,0.164594,0.019498,66.533066
7,82,0.164594,0.018886,66.533066
8,82,0.164594,0.017739,66.008370
9,82,0.164594,0.018031,66.008370
10,82,0.164594,0.018718,66.315151
1,83,0.164594,0.019876,65.817550
2,83,0.164594,0.020831,65.839983
3,83,0.164594,0.018854,65.732557
4,83,0.164594,0.020166,66.005963
5,83,0.164594,0.021066,66.110258
6,83,0.164594,0.020547,66.045944
7,83,0.164594,0.021527,66.496269
8,83,0.164594,0.021931,66.496269
9,83,0.164594,0.022762,65.884878
10,83,0.164594,0.022563,65.696651
1,84,0.164594,0.016159,58.262939
2,84,0.164594,0.016249,58.133758
3,84,0.164594,0.016861,58.595276
4,84,0.164594,0.016682,58.791259
5,84,0.164594,0.017052,58.791259
6,84,0.164594,0.016278,57.878241
7,84,0.164594,0.016278,57.900702
8,84,0.164594,0.015752,57.900702
9,84,0.164594,0.015554,57.562137
10,84,0.164594,0.015481,57.655976
1,85,0.164594,0.008174,59.968929
2,85,0.164594,0.008197,60.090302
3,85,0.164594,0.008104,60.025743
4,85,0.164594,0.008847,60.025743
5,85,0.164594,0.007559,58.979280
6,85,0.164594,0.007369,58.903948
7,85,0.164594,0.007659,58.903948
8,85,0.164594,0.007572,58.785232
9,85,0.164594,0.007572,58.785232
10,85,0.164594,0.007021,57.753862
1,86,0.164594,0.032855,71.902719
2,86,0.164594,0.033341,71.725715
3,86,0.164594,0.033341,71.725715
4,86,0.164594,0.033801,71.885718
5,86,0.164594,0.033801,71.853522
6,86,0.164594,0.034232,72.038377
7,86,0.164594,0.034232,72.038377
8,86,0.164594,0.034232,72.049697
9,86,0.164594,0.034232,72.049697
10,86,0.164594,0.032211,71.451598
1,87,0.164594,0.047929,61.248538
2,87,0.164594,0.045460,61.228262
3,87,0.164594,0.045574,61.228262
4,87,0.164594,0.046427,61.210229
5,87,0.164594,0.046427,61.233512
6,87,0.164594,0.046686,61.042851
7,87,0.164594,0.046686,61.198394
8,87,0.164594,0.047622,61.198394
9,87,0.164594,0.046194,61.174159
10,87,0.164594,0.046194,61.174159
1,88,0.164594,0.022624,65.731819
2,88,0.164594,0.024137,66.503360
3,88,0.164594,0.024137,66.503360
4,88,0.164594,0.023746,66.409749
5,88,0.164594,0.023931,66.534646
6,88,0.164594,0.023931,66.334057
7,88,0.164594,0.023931,66.334057
8,88,0.164594,0.023352,65.788677
9,88,0.164594,0.023352,65.801822
10,88,0.164594,0.023254,65.987550
1,89,0.164594,0.023563,53.863307
2,89,0.164594,0.023563,53.863307
3,89,0.164594,0.023192,53.853171
4,89,0.164594,0.022701,53.853171
5,89,0.164594,0.022701,53.853171
6,89,0.164594,0.022701,53.637305
7,89,0.164594,0.022822,53.637305
8,89,0.164594,0.022878,53.923662
9,89,0.164594,0.022621,53.705566
10,89,0.164594,0.022621,53.705566
1,90,0.164594,0.034649,75.271743
2,90,0.164594,0.034649,75.271743
3,90,0.164594,0.034119,75.641135
4,90,0.164594,0.034119,75.386991
5,90,0.164594,0.034952,75.386991
6,90,0.164594,0.034131,75.424795
7,90,0.164594,0.032587,75.419472
8,90,0.164594,0.033748,75.267737
9,90,0.164594,0.032499,75.393882
10,90,0.164594,0.035630,75.259296
1,91,0.164594,0.025384,74.198876
2,91,0.164594,0.027553,74.054481
3,91,0.164594,0.026856,73.955811
4,91,0.164594,0.028003,74.009221
5,91,0.164594,0.027935,74.424097
6,91,0.164594,0.027328,73.701750
7,91,0.164594,0.026585,73.760380
8,91,0.164594,0.028793,73.867636
9,91,0.164594,0.026880,73.914873
10,91,0.164594,0.024103,74.663754
1,92,0.164594,0.014970,56.295728
2,92,0.164594,0.014970,56.295728
3,92,0.164594,0.015356,56.347371
4,92,0.164594,0.015294,56.127604
5,92,0.164594,0.015636,56.274980
6,92,0.164594,0.015636,56.636202
7,92,0.164594,0.014859,56.182244
8,92,0.164594,0.015325,56.298989
9,92,0.164594,0.015325,56.204485
10,92,0.164594,0.015325,56.204485
1,93,0.164594,0.021179,56.581348
2,93,0.164594,0.021179,56.689973
3,93,0.164594,0.021179,56.689973
4,93,0.164594,0.021179,56.689973
5,93,0.164594,0.021179,56.689973
6,93,0.164594,0.021179,56.689973
7,93,0.164594,0.021179,56.689973
8,93,0.164594,0.021202,56.821089
9,93,0.164594,0.020961,56.329552
10,93,0.164594,0.020752,56.329552
1,94,0.164594,0.024213,74.948658
2,94,0.164594,0.024096,75.000705
3,94,0.164594,0.023722,74.956341
4,94,0.164594,0.023104,74.855262
5,94,0.164594,0.023104,74.855262
6,94,0.164594,0.023104,74.855262
7,94,0.164594,0.023104,74.855262
8,94,0.164594,0.023600,74.855262
9,94,0.164594,0.023600,74.855262
10,94,0.164594,0.023522,74.855262
1,95,0.164594,0.021576,59.749677
2,95,0.164594,0.021522,59.817919
3,95,0.164594,0.021522,59.817919
4,95,0.164594,0.022352,60.135966
5,95,0.164594,0.022352,60.135966
6,95,0.164594,0.022292,60.123991
7,95,0.164594,0.022292,60.123991
8,95,0.164594,0.022292,60.123991
9,95,0.164594,0.021751,60.123991
10,95,0.164594,0.022386,60.142545
1,96,0.164594,0.030448,63.993255
2,96,0.164594,0.031338,63.762798
3,96,0.164594,0.031351,64.058885
4,96,0.164594,0.031672,64.324886
5,96,0.164594,0.031317,64.130991
6,96,0.164594,0.031477,64.031600
7,96,0.164594,0.031986,64.294606
8,96,0.164594,0.031986,64.294606
9,96,0.164594,0.032928,64.663532
10,96,0.164594,0.031519,64.187109
1,97,0.164594,0.024808,67.720097
2,97,0.164594,0.024915,67.869013
3,97,0.164594,0.024915,67.836034
4,97,0.164594,0.024915,67.836034
5,97,0.164594,0.025541,67.888361
6,97,0.164594,0.025068,67.689641
7,97,0.164594,0.025159,68.028886
8,97,0.164594,0.025159,68.028886
9,97,0.164594,0.025159,68.026039
10,97,0.164594,0.025159,68.026039
1,98,0.164594,0.037869,60.258727
2,98,0.164594,0.037869,60.258727
3,98,0.164594,0.037024,60.258727
4,98,0.164594,0.037024,60.258727
5,98,0.164594,0.038143,60.340169
6,98,0.164594,0.038143,60.339626
7,98,0.164594,0.037639,60.339626
8,98,0.164594,0.037825,60.339626
9,98,0.164594,0.037825,60.339626
10,98,0.164594,0.037825,60.339626
1,99,0.164594,0.022725,73.022062
2,99,0.164594,0.023122,72.966236
3,99,0.164594,0.022682,72.825486
4,99,0.164594,0.023105,72.825486
5,99,0.164594,0.023484,72.971775
6,99,0.164594,0.023595,73.068035
7,99,0.164594,0.024256,73.104104
8,99,0.164594,0.025455,73.381736
9,99,0.164594,0.023753,72.588936
10,99,0.164594,0.021807,72.967406
1,100,0.164594,0.036928,65.478323
2,100,0.164594,0.036928,65.478323
3,100,0.164594,0.035987,65.409767
4,100,0.164594,0.035987,65.409767
5,100,0.164594,0.035987,65.304208
6,100,0.164594,0.034263,65.040649
7,100,0.164594,0.034263,65.008449
8,100,0.164594,0.033533,64.985068
9,100,0.164594,0.033624,64.985068
10,100,0.164594,0.033624,64.985068
1,101,0.164594,0.045433,65.103667
2,101,0.164594,0.045433,64.887357
3,101,0.164594,0.045456,64.887357
4,101,0.164594,0.043713,64.883634
5,101,0.164594,0.043501,64.803220
6,101,0.164594,0.042931,64.658521
7,101,0.164594,0.042931,64.658521
8,101,0.164594,0.042931,64.658521
9,101,0.164594,0.044789,65.133934
10,101,0.164594,0.048983,65.312171
1,102,0.164594,0.020343,73.050299
2,102,0.164594,0.020923,72.730988
3,102,0.164594,0.019884,73.396251
4,102,0.164594,0.021335,72.530787
5,102,0.164594,0.021293,73.313940
6,102,0.164594,0.025094,71.814571
7,102,0.164594,0.026215,71.931691
8,102,0.164594,0.022386,72.263529
9,102,0.164594,0.023609,72.829785
10,102,0.164594,0.023048,72.143106
1,103,0.164594,0.026118,78.303026
2,103,0.164594,0.024642,77.541032
3,103,0.164594,0.026680,78.069586
4,103,0.164594,0.026253,78.173718
5,103,0.164594,0.023927,78.173718
6,103,0.164594,0.026433,78.097270
7,103,0.164594,0.026053,78.093535
8,103,0.164594,0.025723,78.374856
9,103,0.164594,0.027062,77.866117
10,103,0.164594,0.024430,78.231050
1,104,0.164594,0.038503,63.654660
2,104,0.164594,0.039220,63.654660
3,104,0.164594,0.039220,63.654660
4,104,0.164594,0.039220,63.654660
5,104,0.164594,0.038966,63.698124
6,104,0.164594,0.038966,63.698124
7,104,0.164594,0.038966,63.698124
8,104,0.164594,0.039947,63.691169
9,104,0.164594,0.038908,63.691169
10,104,0.164594,0.038908,63.691169
1,105,0.164594,0.024174,77.548525
2,105,0.164594,0.026295,77.727500
3,105,0.164594,0.027461,77.758953
4,105,0.164594,0.023492,77.341891
5,105,0.164594,0.026665,77.642281
6,105,0.164594,0.024849,77.798371
7,105,0.164594,0.024849,77.798371
8,105,0.164594,0.025390,77.798371
9,105,0.164594,0.028278,77.967893
10,105,0.164594,0.023450,77.631669
1,106,0.164594,0.080844,71.943819
2,106,0.164594,0.082511,71.943819
3,106,0.164594,0.083873,72.058885
4,106,0.164594,0.083873,72.058885
5,106,0.164594,0.084460,72.058885
6,106,0.164594,0.084460,72.058885
7,106,0.164594,0.085240,71.923513
8,106,0.164594,0.080637,71.923513
9,106,0.164594,0.080637,71.923513
10,106,0.164594,0.080637,71.923513
1,107,0.164594,0.011480,48.709817
2,107,0.164594,0.011293,48.700008
3,107,0.164594,0.011293,48.700008
4,107,0.164594,0.011293,48.763012
5,107,0.164594,0.011709,49.253255
6,107,0.164594,0.011709,49.436230
7,107,0.164594,0.011709,49.436230
8,107,0.164594,0.011709,49.885398
9,107,0.164594,0.012120,49.960946
10,107,0.164594,0.012120,49.960946
1,108,0.164594,0.056623,66.164807
2,108,0.164594,0.058363,66.164807
3,108,0.164594,0.059620,66.356818
4,108,0.164594,0.059177,66.220391
5,108,0.164594,0.055900,66.220391
6,108,0.164594,0.050811,66.151514
7,108,0.164594,0.050811,66.289642
8,108,0.164594,0.047402,66.289642
9,108,0.164594,0.046153,66.033015
10,108,0.164594,0.050023,66.033015
1,109,0.164594,0.036430,64.319364
2,109,0.164594,0.037565,64.449625
3,109,0.164594,0.036095,64.438250
4,109,0.164594,0.036810,64.410058
5,109,0.164594,0.036747,64.410058
6,109,0.164594,0.037489,64.410058
7,109,0.164594,0.037489,64.410058
8,109,0.164594,0.036917,64.214996
9,109,0.164594,0.037886,64.192345
10,109,0.164594,0.038602,64.537538
1,110,0.164594,0.012282,55.218922
2,110,0.164594,0.012999,56.332141
3,110,0.164594,0.012750,55.906451
4,110,0.164594,0.012643,55.982503
5,110,0.164594,0.012779,56.183696
6,110,0.164594,0.012779,56.274265
7,110,0.164594,0.012508,56.132093
8,110,0.164594,0.012688,56.368789
9,110,0.164594,0.012905,56.301346
10,110,0.164594,0.012767,56.119575
1,111,0.164594,0.030552,53.495941
2,111,0.164594,0.031356,53.772945
3,111,0.164594,0.032505,53.772945
4,111,0.164594,0.032505,53.772945
5,111,0.164594,0.031421,53.322434
6,111,0.164594,0.030175,53.059031
7,111,0.164594,0.031312,53.491391
8,111,0.164594,0.032326,53.428207
9,111,0.164594,0.032558,53.591540
10,111,0.164594,0.032831,53.591540
1,112,0.164594,0.014793,61.758023
2,112,0.164594,0.014793,61.758023
3,112,0.164594,0.014995,62.083987
4,112,0.164594,0.014099,61.233110
5,112,0.164594,0.014099,61.449187
6,112,0.164594,0.014538,61.509621
7,112,0.164594,0.014538,61.509621
8,112,0.164594,0.014399,61.591897
9,112,0.164594,0.014399,61.591897
10,112,0.164594,0.014399,61.591897
1,113,0.164594,0.033184,65.740724
2,113,0.164594,0.033184,65.740724
3,113,0.164594,0.033184,65.740724
4,113,0.164594,0.033893,65.886776
5,113,0.164594,0.033850,65.886776
6,113,0.164594,0.033589,65.773324
7,113,0.164594,0.033059,65.807708
8,113,0.164594,0.033059,65.807708
9,113,0.164594,0.033605,65.807708
10,113,0.164594,0.033106,65.953362
1,114,0.164594,0.010509,57.000011
2,114,0.164594,0.010180,56.925264
3,114,0.164594,0.010161,56.710571
4,114,0.164594,0.010161,56.479596
5,114,0.164594,0.010086,57.049725
6,114,0.164594,0.010673,57.548562
7,114,0.164594,0.010675,57.679797
8,114,0.164594,0.010396,56.912092
9,114,0.164594,0.010396,56.912092
10,114,0.164594,0.010788,57.411324
1,115,0.164594,0.021533,65.540211
2,115,0.164594,0.021533,65.540211
3,115,0.164594,0.021533,65.540211
4,115,0.164594,0.021533,65.540211
5,115,0.164594,0.021533,65.540211
6,115,0.164594,0.021533,65.679525
7,115,0.164594,0.020875,65.013391
8,115,0.164594,0.020875,65.268967
9,115,0.164594,0.021836,65.633784
10,115,0.164594,0.021507,65.633784
1,116,0.164594,0.030563,59.557281
2,116,0.164594,0.030563,59.555458
3,116,0.164594,0.030563,59.555458
4,116,0.164594,0.030563,59.640293
5,116,0.164594,0.030563,59.483719
6,116,0.164594,0.030696,59.518900
7,116,0.164594,0.030696,59.623763
8,116,0.164594,0.030783,59.480947
9,116,0.164594,0.030783,59.480873
10,116,0.164594,0.030783,59.480873
1,117,0.164594,0.028359,76.912911
2,117,0.164594,0.028198,77.029875
3,117,0.164594,0.028603,76.737712
4,117,0.164594,0.029311,77.211772
5,117,0.164594,0.029311,76.999982
6,117,0.164594,0.029936,76.781305
7,117,0.164594,0.030182,76.858285
8,117,0.164594,0.028501,76.881819
9,117,0.164594,0.028700,77.045073
10,117,0.164594,0.027747,76.491882
1,118,0.164594,0.008382,75.816320
2,118,0.164594,0.009860,74.912258
3,118,0.164594,0.011342,75.005318
4,118,0.164594,0.010636,74.963908
5,118,0.164594,0.009912,75.571477
6,118,0.164594,0.011062,75.685996
7,118,0.164594,0.011292,75.553150
8,118,0.164594,0.010824,75.773390
9,118,0.164594,0.009687,75.420993
10,118,0.164594,0.008888,76.863112
1,119,0.164594,0.075155,63.014344
2,119,0.164594,0.075155,62.967076
3,119,0.164594,0.075155,62.967076
4,119,0.164594,0.075155,62.967076
5,119,0.164594,0.075155,62.967076
6,119,0.164594,0.075155,62.967076
7,119,0.164594,0.074207,62.763259
8,119,0.164594,0.074207,62.763259
9,119,0.164594,0.074207,62.763259
10,119,0.164594,0.071709,62.660787
1,120,0.164594,0.042432,81.309938
2,120,0.164594,0.034142,82.245365
3,120,0.164594,0.034726,82.103650
4,120,0.164594,0.036678,81.135044
5,120,0.164594,0.036034,80.687166
6,120,0.164594,0.040554,81.423543
7,120,0.164594,0.043885,80.806719
8,120,0.164594,0.049691,80.738377
9,120,0.164594,0.044511,80.939894
10,120,0.164594,0.039271,82.069013
1,121,0.164594,0.024820,63.445517
2,121,0.164594,0.024136,63.108081
3,121,0.164594,0.023225,63.019714
4,121,0.164594,0.023225,63.019714
5,121,0.164594,0.023225,62.937687
6,121,0.164594,0.023225,62.937687
7,121,0.164594,0.023297,62.811631
8,121,0.164594,0.023297,62.700940
9,121,0.164594,0.024969,63.816671
10,121,0.164594,0.026705,63.816671
1,122,0.164594,0.020396,79.150857
2,122,0.164594,0.019756,78.789795
3,122,0.164594,0.019416,79.689297
4,122,0.164594,0.020175,79.436311
5,122,0.164594,0.020522,78.576153
6,122,0.164594,0.019115,79.215876
7,122,0.164594,0.018572,79.246930
8,122,0.164594,0.019943,79.265358
9,122,0.164594,0.020042,79.499053
10,122,0.164594,0.019988,79.085677
1,123,0.164594,0.028908,82.627919
2,123,0.164594,0.028188,82.627030
3,123,0.164594,0.028019,82.419727
4,123,0.164594,0.026992,82.262783
5,123,0.164594,0.026732,82.419214
6,123,0.164594,0.024418,82.419214
7,123,0.164594,0.024079,82.398971
8,123,0.164594,0.025895,82.366158
9,123,0.164594,0.025291,82.120316
10,123,0.164594,0.023938,82.433407
1,124,0.164594,0.024842,76.112867
2,124,0.164594,0.024116,75.832745
3,124,0.164594,0.024116,75.933767
4,124,0.164594,0.024116,75.933767
5,124,0.164594,0.023909,76.054056
6,124,0.164594,0.023100,75.886867
7,124,0.164594,0.023401,75.735478
8,124,0.164594,0.023401,75.735478
9,124,0.164594,0.024053,76.176169
10,124,0.164594,0.024912,75.982331
1,125,0.164594,0.029349,71.461177
2,125,0.164594,0.028409,71.365644
3,125,0.164594,0.030263,71.422277
4,125,0.164594,0.029597,71.509665
5,125,0.164594,0.029462,71.487374
6,125,0.164594,0.027967,71.197181
7,125,0.164594,0.027427,70.988943
8,125,0.164594,0.028033,71.232590
9,125,0.164594,0.028033,71.063453
10,125,0.164594,0.029046,71.063453
1,126,0.164594,0.011468,63.806724
2,126,0.164594,0.011285,63.664207
3,126,0.164594,0.011285,63.590027
4,126,0.164594,0.011285,63.683188
5,126,0.164594,0.011962,63.951019
6,126,0.164594,0.012287,64.485023
7,126,0.164594,0.012231,64.485023
8,126,0.164594,0.012498,64.973355
9,126,0.164594,0.012622,64.399991
10,126,0.164594,0.012032,64.260888
1,127,0.164594,0.016882,73.397598
2,127,0.164594,0.016420,73.806781
3,127,0.164594,0.015627,72.946732
4,127,0.164594,0.013680,73.578418
5,127,0.164594,0.013505,73.731021
6,127,0.164594,0.013054,73.367038
7,127,0.164594,0.013739,73.510873
8,127,0.164594,0.013837,73.627724
9,127,0.164594,0.015154,73.265600
10,127,0.164594,0.014883,73.572188
1,128,0.164594,0.007610,69.668057
2,128,0.164594,0.007421,69.613299
3,128,0.164594,0.006659,69.019161
4,128,0.164594,0.006538,68.513515
5,128,0.164594,0.006441,67.967944
6,128,0.164594,0.006725,68.094949
7,128,0.164594,0.006624,67.969190
8,128,0.164594,0.006445,67.505214
9,128,0.164594,0.006361,67.418660
10,128,0.164594,0.005861,67.697364
1,129,0.164594,0.033583,80.755109
2,129,0.164594,0.033758,80.624508
3,129,0.164594,0.035012,80.853046
4,129,0.164594,0.034692,80.803869
5,129,0.164594,0.035797,80.726830
6,129,0.164594,0.037144,80.875770
7,129,0.164594,0.034860,80.792188
8,129,0.164594,0.033986,80.792188
9,129,0.164594,0.034022,80.988804
10,129,0.164594,0.036259,80.855827
1,130,0.164594,0.011288,75.717003
2,130,0.164594,0.011754,75.852856
3,130,0.164594,0.012298,76.299568
4,130,0.164594,0.013268,75.941000
5,130,0.164594,0.013557,76.044261
6,130,0.164594,0.012146,75.878601
7,130,0.164594,0.012130,75.460845
8,130,0.164594,0.012668,75.460845
9,130,0.164594,0.012323,76.093956
10,130,0.164594,0.011692,75.265370
1,131,0.164594,0.037426,59.561127
2,131,0.164594,0.037176,59.351774
3,131,0.164594,0.037105,59.365637
4,131,0.164594,0.036710,59.315179
5,131,0.164594,0.036710,59.315179
6,131,0.164594,0.036710,59.415021
7,131,0.164594,0.036710,59.415021
8,131,0.164594,0.036710,59.415021
9,131,0.164594,0.036710,59.415021
10,131,0.164594,0.036710,59.370893
1,132,0.164594,0.014739,61.958141
2,132,0.164594,0.014664,62.054726
3,132,0.164594,0.014808,61.888721
4,132,0.164594,0.014022,61.888721
5,132,0.164594,0.014888,61.944866
6,132,0.164594,0.014092,61.585377
7,132,0.164594,0.013946,61.764022
8,132,0.164594,0.014399,61.764022
9,132,0.164594,0.014399,61.919146
10,132,0.164594,0.014719,62.311316
1,133,0.164594,0.031399,67.954640
2,133,0.164594,0.031399,67.918107
3,133,0.164594,0.031399,67.918107
4,133,0.164594,0.031399,67.918107
5,133,0.164594,0.031600,67.918107
6,133,0.164594,0.031607,67.808699
7,133,0.164594,0.031607,67.831880
8,133,0.164594,0.031607,67.831880
9,133,0.164594,0.030511,67.784163
10,133,0.164594,0.031093,67.784163
1,134,0.164594,0.035250,73.270658
2,134,0.164594,0.034811,73.146945
3,134,0.164594,0.039298,72.871521
4,134,0.164594,0.045038,72.538065
5,134,0.164594,0.045270,72.624630
6,134,0.164594,0.043027,72.831628
7,134,0.164594,0.038838,72.504604
8,134,0.164594,0.039591,72.745825
9,134,0.164594,0.040376,72.579434
10,134,0.164594,0.042721,72.576507
1,135,0.164594,0.010499,66.924299
2,135,0.164594,0.009692,66.205538
3,135,0.164594,0.010055,67.128369
4,135,0.164594,0.010330,67.658167
5,135,0.164594,0.010454,66.950067
6,135,0.164594,0.011056,67.650055
7,135,0.164594,0.010813,66.771456
8,135,0.164594,0.010309,67.374830
9,135,0.164594,0.009930,67.078960
10,135,0.164594,0.010930,67.482327
1,136,0.164594,0.088980,68.068663
2,136,0.164594,0.088980,68.068663
3,136,0.164594,0.085535,68.068663
4,136,0.164594,0.085535,68.068663
5,136,0.164594,0.090215,68.068663
6,136,0.164594,0.090215,68.068663
7,136,0.164594,0.087314,68.049492
8,136,0.164594,0.086784,68.049492
9,136,0.164594,0.085350,67.899575
10,136,0.164594,0.086860,68.023817
1,137,0.164594,0.023266,71.007598
2,137,0.164594,0.025772,71.562225
3,137,0.164594,0.025772,71.562225
4,137,0.164594,0.026360,71.525269
5,137,0.164594,0.025612,71.502953
6,137,0.164594,0.024172,71.278764
7,137,0.164594,0.025661,71.278764
8,137,0.164594,0.024464,71.278764
9,137,0.164594,0.025631,71.434483
10,137,0.164594,0.024499,71.300757
1,138,0.164594,0.099273,65.157558
2,138,0.164594,0.097990,65.157558
3,138,0.164594,0.097990,65.157558
4,138,0.164594,0.096657,65.171782
5,138,0.164594,0.096657,65.171782
6,138,0.164594,0.096657,65.171782
7,138,0.164594,0.096657,65.171782
8,138,0.164594,0.096706,65.171782
9,138,0.164594,0.096706,65.171782
10,138,0.164594,0.096814,65.171782
1,139,0.164594,0.016388,49.070458
2,139,0.164594,0.016313,49.131104
3,139,0.164594,0.016347,49.131104
4,139,0.164594,0.016055,48.783509
5,139,0.164594,0.016055,48.783509
6,139,0.164594,0.015916,48.652445
7,139,0.164594,0.016580,49.076202
8,139,0.164594,0.016580,49.454017
9,139,0.164594,0.016580,49.839173
10,139,0.164594,0.016867,49.035053
1,140,0.164594,0.011661,71.197407
2,140,0.164594,0.011047,71.197407
3,140,0.164594,0.012023,71.599950
4,140,0.164594,0.011287,71.464754
5,140,0.164594,0.010886,70.959343
6,140,0.164594,0.013286,70.779260
7,140,0.164594,0.015082,71.069722
8,140,0.164594,0.013859,70.825655
9,140,0.164594,0.010493,71.175193
10,140,0.164594,0.011271,70.964815
1,141,0.164594,0.018856,65.365783
2,141,0.164594,0.018856,65.822895
3,141,0.164594,0.018856,65.822895
4,141,0.164594,0.018856,65.396436
5,141,0.164594,0.017963,64.982587
6,141,0.164594,0.017978,64.766819
7,141,0.164594,0.018016,65.288688
8,141,0.164594,0.018016,65.288688
9,141,0.164594,0.018597,65.486524
10,141,0.164594,0.017699,64.877419
1,142,0.164594,0.028575,54.669423
2,142,0.164594,0.027701,54.587831
3,142,0.164594,0.027701,54.607031
4,142,0.164594,0.027204,54.257266
5,142,0.164594,0.026268,54.193743
6,142,0.164594,0.027341,54.193743
7,142,0.164594,0.026462,53.913771
8,142,0.164594,0.025643,54.063601
9,142,0.164594,0.025643,54.063601
10,142,0.164594,0.026699,54.297978
1,143,0.164594,0.032206,71.882736
2,143,0.164594,0.036262,71.956512
3,143,0.164594,0.035000,71.867443
4,143,0.164594,0.034243,71.867443
5,143,0.164594,0.033366,71.901061
6,143,0.164594,0.031520,71.792934
7,143,0.164594,0.029409,71.802313
8,143,0.164594,0.028965,71.595018
9,143,0.164594,0.030494,71.654855
10,143,0.164594,0.029958,71.758347
1,144,0.164594,0.016466,59.387513
2,144,0.164594,0.016466,59.387513
3,144,0.164594,0.016466,58.814772
4,144,0.164594,0.016466,59.604357
5,144,0.164594,0.016198,58.925029
6,144,0.164594,0.016198,58.925029
7,144,0.164594,0.016198,58.925029
8,144,0.164594,0.016198,58.925029
9,144,0.164594,0.016198,58.634411
10,144,0.164594,0.016363,58.935675
1,145,0.164594,0.032157,78.922389
2,145,0.164594,0.031620,77.470148
3,145,0.164594,0.032267,77.274141
4,145,0.164594,0.033753,77.120530
5,145,0.164594,0.022660,83.328708
6,145,0.164594,0.023894,84.163758
7,145,0.164594,0.025730,84.864510
8,145,0.164594,0.019838,85.696555
9,145,0.164594,0.017179,84.806762
10,145,0.164594,0.017075,83.841147
1,146,0.164594,0.027623,63.427875
2,146,0.164594,0.027623,63.627609
3,146,0.164594,0.027500,63.773402
4,146,0.164594,0.027500,63.384028
5,146,0.164594,0.027500,63.384028
6,146,0.164594,0.026759,63.384028
7,146,0.164594,0.026759,63.265759
8,146,0.164594,0.027900,64.287847
9,146,0.164594,0.028174,64.102702
10,146,0.164594,0.027814,63.587141
1,147,0.164594,0.041076,55.875716
2,147,0.164594,0.041076,55.876052
3,147,0.164594,0.040870,55.717439
4,147,0.164594,0.040870,55.717439
5,147,0.164594,0.040870,55.717439
6,147,0.164594,0.041347,55.626095
7,147,0.164594,0.041652,55.913912
8,147,0.164594,0.041652,55.913912
9,147,0.164594,0.041652,55.913912
10,147,0.164594,0.040116,55.866045
1,148,0.164594,0.022674,63.933954
2,148,0.164594,0.022674,64.094359
3,148,0.164594,0.022454,63.895791
4,148,0.164594,0.022454,63.895791
5,148,0.164594,0.022758,64.362878
6,148,0.164594,0.021882,63.700056
7,148,0.164594,0.022099,64.160116
8,148,0.164594,0.022889,63.892549
9,148,0.164594,0.022243,64.122802
10,148,0.164594,0.022243,64.193897
1,149,0.164594,0.026868,68.897849
2,149,0.164594,0.026582,68.814933
3,149,0.164594,0.026582,68.988878
4,149,0.164594,0.026582,68.988878
5,149,0.164594,0.026582,68.718153
6,149,0.164594,0.026582,68.718153
7,149,0.164594,0.027206,68.818581
8,149,0.164594,0.025968,68.653655
9,149,0.164594,0.025968,68.653655
10,149,0.164594,0.024521,68.329182
1,150,0.164594,0.023670,68.466481
2,150,0.164594,0.024454,68.780067
3,150,0.164594,0.023784,68.716199
4,150,0.164594,0.024102,68.486567
5,150,0.164594,0.023674,68.532248
6,150,0.164594,0.023858,68.671108
7,150,0.164594,0.022458,68.671108
8,150,0.164594,0.021884,68.671108
9,150,0.164594,0.024873,68.543334
10,150,0.164594,0.024406,68.543334
1,151,0.164594,0.008814,70.989647
2,151,0.164594,0.008572,70.876798
3,151,0.164594,0.008871,70.892309
4,151,0.164594,0.008639,70.755267
5,151,0.164594,0.008326,71.622680
6,151,0.164594,0.008366,71.499660
7,151,0.164594,0.010087,71.545412
8,151,0.164594,0.008809,70.120477
9,151,0.164594,0.008770,71.143209
10,151,0.164594,0.009082,71.316890
1,152,0.164594,0.017280,64.441548
2,152,0.164594,0.017099,64.515282
3,152,0.164594,0.017550,64.961756
4,152,0.164594,0.018268,65.527218
5,152,0.164594,0.018268,65.672435
6,152,0.164594,0.018268,65.672435
7,152,0.164594,0.018268,65.517715
8,152,0.164594,0.018381,65.517715
9,152,0.164594,0.018029,64.906544
10,152,0.164594,0.017562,65.091009
1,153,0.164594,0.025670,71.209122
2,153,0.164594,0.026789,71.438557
3,153,0.164594,0.025982,71.447738
4,153,0.164594,0.025982,71.447738
5,153,0.164594,0.025330,71.353565
6,153,0.164594,0.025602,71.512739
7,153,0.164594,0.025321,71.318173
8,153,0.164594,0.025321,71.318173
9,153,0.164594,0.026815,71.412277
10,153,0.164594,0.026164,71.412277
1,154,0.164594,0.081079,78.527899
2,154,0.164594,0.065032,78.980605
3,154,0.164594,0.059556,79.566226
4,154,0.164594,0.059002,79.358608
5,154,0.164594,0.059927,79.163655
6,154,0.164594,0.062757,79.600411
7,154,0.164594,0.054308,79.785816
8,154,0.164594,0.052932,79.066370
9,154,0.164594,0.057527,79.380003
10,154,0.164594,0.065828,78.834466
1,155,0.164594,0.016590,69.136051
2,155,0.164594,0.015926,68.183392
3,155,0.164594,0.015213,68.048429
4,155,0.164594,0.014679,68.023533
5,155,0.164594,0.014679,68.023533
6,155,0.164594,0.014679,68.023533
7,155,0.164594,0.014660,68.106331
8,155,0.164594,0.015290,68.521054
9,155,0.164594,0.015422,68.503487
10,155,0.164594,0.016250,68.503487
1,156,0.164594,0.025371,80.002571
2,156,0.164594,0.025371,80.002571
3,156,0.164594,0.025473,79.750097
4,156,0.164594,0.026267,79.798413
5,156,0.164594,0.026400,79.960176
6,156,0.164594,0.025424,79.790810
7,156,0.164594,0.025939,79.982044
8,156,0.164594,0.025718,79.937050
9,156,0.164594,0.026340,80.088523
10,156,0.164594,0.025819,79.739572
1,157,0.164594,0.044894,62.826437
2,157,0.164594,0.045494,62.826437
3,157,0.164594,0.045494,62.826437
4,157,0.164594,0.045019,62.969668
5,157,0.164594,0.047283,63.127586
6,157,0.164594,0.045645,62.884267
7,157,0.164594,0.045645,62.884267
8,157,0.164594,0.045645,62.884267
9,157,0.164594,0.045645,62.880747
10,157,0.164594,0.045645,62.880747
1,158,0.164594,0.021435,55.832221
2,158,0.164594,0.021432,55.796506
3,158,0.164594,0.021432,55.796506
4,158,0.164594,0.021556,55.772594
5,158,0.164594,0.021556,56.259969
6,158,0.164594,0.021799,56.268498
7,158,0.164594,0.021615,56.094953
8,158,0.164594,0.021615,56.094953
9,158,0.164594,0.021615,56.085743
10,158,0.164594,0.021615,56.292103
1,159,0.164594,0.021836,73.610360
2,159,0.164594,0.022618,73.993869
3,159,0.164594,0.022618,73.775217
4,159,0.164594,0.021800,73.511258
5,159,0.164594,0.021954,73.511258
6,159,0.164594,0.022043,73.712368
7,159,0.164594,0.021871,73.306665
8,159,0.164594,0.020948,72.907325
9,159,0.164594,0.020948,72.907325
10,159,0.164594,0.020889,72.907325
1,160,0.164594,0.019645,69.058902
2,160,0.164594,0.019406,68.339833
3,160,0.164594,0.019141,68.260497
4,160,0.164594,0.019254,68.676719
5,160,0.164594,0.019594,68.676719
6,160,0.164594,0.019917,69.017620
7,160,0.164594,0.019784,68.882830
8,160,0.164594,0.019939,68.974293
9,160,0.164594,0.020343,68.974293
10,160,0.164594,0.020343,68.974293
1,161,0.164594,0.027093,73.284483
2,161,0.164594,0.026498,73.510174
3,161,0.164594,0.027809,72.811202
4,161,0.164594,0.035605,73.164794
5,161,0.164594,0.034037,72.795315
6,161,0.164594,0.034659,73.431812
7,161,0.164594,0.025355,73.610979
8,161,0.164594,0.025967,73.173037
9,161,0.164594,0.024016,73.285513
10,161,0.164594,0.026051,72.773454
1,162,0.164594,0.020040,82.731128
2,162,0.164594,0.019971,82.409700
3,162,0.164594,0.019211,82.830840
4,162,0.164594,0.020437,83.010292
5,162,0.164594,0.019849,82.733573
6,162,0.164594,0.016820,82.780519
7,162,0.164594,0.018031,82.504887
8,162,0.164594,0.017815,82.909523
9,162,0.164594,0.019045,82.168990
10,162,0.164594,0.018778,83.166281
1,163,0.164594,0.014500,71.229074
2,163,0.164594,0.013966,70.781975
3,163,0.164594,0.014074,70.611540
4,163,0.164594,0.014739,71.619074
5,163,0.164594,0.014859,71.381575
6,163,0.164594,0.014619,71.285529
7,163,0.164594,0.014619,71.285529
8,163,0.164594,0.014619,71.285529
9,163,0.164594,0.014619,71.285529
10,163,0.164594,0.014456,70.392023
1,164,0.164594,0.008630,67.923550
2,164,0.164594,0.008253,66.800556
3,164,0.164594,0.008464,66.926628
4,164,0.164594,0.008361,66.593398
5,164,0.164594,0.008512,66.774766
6,164,0.164594,0.008697,67.830075
7,164,0.164594,0.009583,68.233576
8,164,0.164594,0.009583,68.233576
9,164,0.164594,0.008913,68.029105
10,164,0.164594,0.008963,68.046349
1,165,0.164594,0.034705,65.359371
2,165,0.164594,0.034705,65.359371
3,165,0.164594,0.034705,65.359371
4,165,0.164594,0.034705,65.359371
5,165,0.164594,0.034705,65.359371
6,165,0.164594,0.035256,65.596248
7,165,0.164594,0.034570,65.514115
8,165,0.164594,0.034945,65.514115
9,165,0.164594,0.035014,65.557244
10,165,0.164594,0.034795,65.557244
1,166,0.164594,0.017952,70.082526
2,166,0.164594,0.017848,70.117250
3,166,0.164594,0.017680,70.042008
4,166,0.164594,0.016317,69.532752
5,166,0.164594,0.016474,69.339936
6,166,0.164594,0.016474,69.339936
7,166,0.164594,0.016281,69.361340
8,166,0.164594,0.016281,69.209752
9,166,0.164594,0.016744,69.616030
10,166,0.164594,0.016744,69.616030
1,167,0.164594,0.005034,65.361925
2,167,0.164594,0.005588,66.577956
3,167,0.164594,0.005400,66.558674
4,167,0.164594,0.004937,66.353756
5,167,0.164594,0.005949,67.149339
6,167,0.164594,0.005877,66.647429
7,167,0.164594,0.005625,65.454059
8,167,0.164594,0.005674,64.994377
9,167,0.164594,0.004466,64.000856
10,167,0.164594,0.004348,65.067408
1,168,0.164594,0.102271,82.150558
2,168,0.164594,0.091146,82.989787
3,168,0.164594,0.083213,83.062834
4,168,0.164594,0.084182,85.529224
5,168,0.164594,0.073285,85.560979
6,168,0.164594,0.084455,85.889900
7,168,0.164594,0.083676,85.523324
8,168,0.164594,0.076698,84.630185
9,168,0.164594,0.066555,85.789783
10,168,0.164594,0.048798,86.314529
1,169,0.164594,0.048190,62.142849
2,169,0.164594,0.048583,62.304901
3,169,0.164594,0.049144,62.406689
4,169,0.164594,0.049916,62.406689
5,169,0.164594,0.047569,62.406689
6,169,0.164594,0.047489,62.304856
7,169,0.164594,0.050506,62.437088
8,169,0.164594,0.049241,62.359046
9,169,0.164594,0.048368,62.060079
10,169,0.164594,0.049111,62.307478
1,170,0.164594,0.026921,67.997242
2,170,0.164594,0.027513,67.997242
3,170,0.164594,0.027513,67.997242
4,170,0.164594,0.027513,67.980486
5,170,0.164594,0.027513,67.980486
6,170,0.164594,0.027299,67.938668
7,170,0.164594,0.027299,67.938668
8,170,0.164594,0.027007,67.938668
9,170,0.164594,0.027401,67.987738
10,170,0.164594,0.027401,68.008391
1,171,0.164594,0.009014,60.138907
2,171,0.164594,0.009277,60.152403
3,171,0.164594,0.009430,60.695729
4,171,0.164594,0.009484,60.368886
5,171,0.164594,0.009484,60.368886
6,171,0.164594,0.009516,60.416115
7,171,0.164594,0.009283,60.542628
8,171,0.164594,0.009058,59.808993
9,171,0.164594,0.009447,59.973219
10,171,0.164594,0.009320,60.522005
1,172,0.164594,0.020524,65.287029
2,172,0.164594,0.018866,65.288162
3,172,0.164594,0.019422,65.142699
4,172,0.164594,0.019210,65.142699
5,172,0.164594,0.019210,65.270673
6,172,0.164594,0.019959,65.735258
7,172,0.164594,0.019748,65.479158
8,172,0.164594,0.019996,65.512617
9,172,0.164594,0.019699,65.470806
10,172,0.164594,0.019699,65.470806
1,173,0.164594,0.045843,63.856768
2,173,0.164594,0.044440,63.758958
3,173,0.164594,0.044041,63.770091
4,173,0.164594,0.044041,63.770091
5,173,0.164594,0.044041,63.770091
6,173,0.164594,0.043026,63.613110
7,173,0.164594,0.044790,63.707208
8,173,0.164594,0.044124,63.707208
9,173,0.164594,0.044521,63.707208
10,173,0.164594,0.044521,63.707208
1,174,0.164594,0.009789,61.989352
2,174,0.164594,0.010330,61.889990
3,174,0.164594,0.010084,61.554915
4,174,0.164594,0.009739,61.046729
5,174,0.164594,0.009801,61.576297
6,174,0.164594,0.009440,61.480970
7,174,0.164594,0.009366,61.417833
8,174,0.164594,0.009635,61.119566
9,174,0.164594,0.009840,61.195297
10,174,0.164594,0.009517,61.136415
1,175,0.164594,0.014846,62.779383
2,175,0.164594,0.014980,62.685243
3,175,0.164594,0.014980,62.685243
4,175,0.164594,0.014980,62.685243
5,175,0.164594,0.014264,62.079193
6,175,0.164594,0.014388,61.851309
7,175,0.164594,0.014085,61.851309
8,175,0.164594,0.013982,61.738377
9,175,0.164594,0.014515,62.408256
10,175,0.164594,0.014515,62.408256
1,176,0.164594,0.025271,60.930990
2,176,0.164594,0.025271,60.930990
3,176,0.164594,0.025271,60.930990
4,176,0.164594,0.024281,60.540450
5,176,0.164594,0.025022,60.852824
6,176,0.164594,0.025022,60.852824
7,176,0.164594,0.024492,60.645741
8,176,0.164594,0.024134,60.372728
9,176,0.164594,0.025331,60.683048
10,176,0.164594,0.025331,60.704613
1,177,0.164594,0.055406,74.538519
2,177,0.164594,0.049232,74.420863
3,177,0.164594,0.050879,76.166679
4,177,0.164594,0.042813,76.122832
5,177,0.164594,0.041386,75.629972
6,177,0.164594,0.039326,74.262611
7,177,0.164594,0.037506,74.425036
8,177,0.164594,0.037959,76.050055
9,177,0.164594,0.044932,76.702554
10,177,0.164594,0.041078,75.672547
1,178,0.164594,0.026260,77.191787
2,178,0.164594,0.026375,77.609990
3,178,0.164594,0.026375,77.253236
4,178,0.164594,0.026375,77.601072
5,178,0.164594,0.025999,77.408298
6,178,0.164594,0.025999,77.408298
7,178,0.164594,0.025999,77.152735
8,178,0.164594,0.025772,77.362969
9,178,0.164594,0.025772,77.362969
10,178,0.164594,0.025390,77.094758
1,179,0.164594,0.032080,63.913050
2,179,0.164594,0.032080,64.030091
3,179,0.164594,0.030823,63.675246
4,179,0.164594,0.030823,63.349028
5,179,0.164594,0.030823,63.340189
6,179,0.164594,0.030823,63.431686
7,179,0.164594,0.030823,63.778066
8,179,0.164594,0.031240,63.778066
9,179,0.164594,0.031195,63.778066
10,179,0.164594,0.030611,63.491485
1,180,0.164594,0.022729,57.591956
2,180,0.164594,0.024698,57.960251
3,180,0.164594,0.023777,58.042487
4,180,0.164594,0.023777,57.823916
5,180,0.164594,0.023777,57.823916
6,180,0.164594,0.023777,57.823916
7,180,0.164594,0.023190,57.823916
8,180,0.164594,0.023190,57.823916
9,180,0.164594,0.023495,57.823916
10,180,0.164594,0.023495,57.823916
1,181,0.164594,0.055633,70.174308
2,181,0.164594,0.055633,70.174308
3,181,0.164594,0.055633,70.174308
4,181,0.164594,0.055011,70.174308
5,181,0.164594,0.054731,70.174308
6,181,0.164594,0.054731,70.174308
7,181,0.164594,0.057916,70.467646
8,181,0.164594,0.057678,70.470559
9,181,0.164594,0.057678,70.470559
10,181,0.164594,0.057678,70.392162
1,182,0.164594,0.008815,55.225784
2,182,0.164594,0.008879,54.844393
3,182,0.164594,0.008772,54.844393
4,182,0.164594,0.008939,54.431735
5,182,0.164594,0.008521,53.908639
6,182,0.164594,0.008600,54.834060
7,182,0.164594,0.009353,55.741791
8,182,0.164594,0.009130,55.366889
9,182,0.164594,0.009616,55.797466
10,182,0.164594,0.009411,56.078126
1,183,0.164594,0.017898,65.748411
2,183,0.164594,0.017275,65.573772
3,183,0.164594,0.017275,65.573772
4,183,0.164594,0.016658,65.147547
5,183,0.164594,0.017243,65.918988
6,183,0.164594,0.018821,66.235710
7,183,0.164594,0.018897,66.235710
8,183,0.164594,0.018897,66.235710
9,183,0.164594,0.018371,66.096330
10,183,0.164594,0.018249,66.096330
1,184,0.164594,0.024485,65.442914
2,184,0.164594,0.025240,66.181374
3,184,0.164594,0.025240,66.112137
4,184,0.164594,0.025722,66.183561
5,184,0.164594,0.025532,66.183561
6,184,0.164594,0.025532,66.183561
7,184,0.164594,0.026248,66.183561
8,184,0.164594,0.024893,66.006673
9,184,0.164594,0.024893,65.645022
10,184,0.164594,0.024691,65.645022
1,185,0.164594,0.045774,71.851365
2,185,0.164594,0.045774,71.851365
3,185,0.164594,0.045774,71.851365
4,185,0.164594,0.045774,71.851365
5,185,0.164594,0.045774,71.851365
6,185,0.164594,0.045774,71.741848
7,185,0.164594,0.045774,71.741848
8,185,0.164594,0.044883,71.741848
9,185,0.164594,0.045351,71.781111
10,185,0.164594,0.045351,71.781111
1,186,0.164594,0.027242,66.597346
2,186,0.164594,0.027636,66.576385
3,186,0.164594,0.026201,66.254259
4,186,0.164594,0.026076,66.184175
5,186,0.164594,0.028200,66.444818
6,186,0.164594,0.028200,66.444818
7,186,0.164594,0.027207,66.327605
8,186,0.164594,0.027087,66.353668
9,186,0.164594,0.027087,66.399951
10,186,0.164594,0.026940,66.316736
1,187,0.164594,0.079784,61.724092
2,187,0.164594,0.072308,61.205776
3,187,0.164594,0.072308,61.205776
4,187,0.164594,0.072756,61.135283
5,187,0.164594,0.072756,61.135283
6,187,0.164594,0.072790,61.135283
7,187,0.164594,0.072790,61.135283
8,187,0.164594,0.072790,61.135283
9,187,0.164594,0.071081,61.135283
10,187,0.164594,0.071081,61.135283
1,188,0.164594,0.028617,71.888150
2,188,0.164594,0.028906,71.979919
3,188,0.164594,0.028003,71.506282
4,188,0.164594,0.028003,71.991903
5,188,0.164594,0.028003,71.420211
6,188,0.164594,0.027782,71.875945
7,188,0.164594,0.027500,71.441519
8,188,0.164594,0.027470,71.481529
9,188,0.164594,0.027449,71.860123
10,188,0.164594,0.027323,71.414662
1,189,0.164594,0.012948,63.873463
2,189,0.164594,0.012948,63.928952
3,189,0.164594,0.013147,64.252810
4,189,0.164594,0.014041,64.358284
5,189,0.164594,0.013023,63.249653
6,189,0.164594,0.012356,63.457268
7,189,0.164594,0.012873,63.457268
8,189,0.164594,0.011981,63.129185
9,189,0.164594,0.010707,62.201112
10,189,0.164594,0.010947,61.925713
1,190,0.164594,0.057480,69.892086
2,190,0.164594,0.057480,69.892086
3,190,0.164594,0.057480,69.892086
4,190,0.164594,0.057480,69.892086
5,190,0.164594,0.058485,69.970425
6,190,0.164594,0.058485,69.970425
7,190,0.164594,0.058485,69.970425
8,190,0.164594,0.057903,69.917660
9,190,0.164594,0.057903,69.917660
10,190,0.164594,0.057903,69.917660
1,191,0.164594,0.020814,66.202553
2,191,0.164594,0.020493,66.202553
3,191,0.164594,0.020493,66.202553
4,191,0.164594,0.020983,66.202553
5,191,0.164594,0.020983,66.395096
6,191,0.164594,0.020766,66.364075
7,191,0.164594,0.021041,66.366711
8,191,0.164594,0.021041,66.241315
9,191,0.164594,0.021062,66.217246
10,191,0.164594,0.020623,66.195604
1,192,0.164594,0.035551,56.317095
2,192,0.164594,0.035551,56.317095
3,192,0.164594,0.035515,56.317095
4,192,0.164594,0.035515,56.317095
5,192,0.164594,0.035515,56.317095
6,192,0.164594,0.035515,56.317095
7,192,0.164594,0.035390,56.266983
8,192,0.164594,0.035806,56.404286
9,192,0.164594,0.035161,56.201866
10,192,0.164594,0.035161,56.201866
1,193,0.164594,0.013455,79.242732
2,193,0.164594,0.012291,79.039816
3,193,0.164594,0.012716,79.170165
4,193,0.164594,0.012621,79.085211
5,193,0.164594,0.012758,79.257949
6,193,0.164594,0.013442,78.546493
7,193,0.164594,0.012594,78.527806
8,193,0.164594,0.014185,79.116253
9,193,0.164594,0.012986,79.014197
10,193,0.164594,0.012566,78.365438
1,194,0.164594,0.032630,64.860197
2,194,0.164594,0.032827,64.860197
3,194,0.164594,0.032827,64.860197
4,194,0.164594,0.032827,64.860197
5,194,0.164594,0.032827,64.860197
6,194,0.164594,0.032827,64.860197
7,194,0.164594,0.032827,64.860197
8,194,0.164594,0.032827,64.860197
9,194,0.164594,0.032827,64.860197
10,194,0.164594,0.032618,64.860197
1,195,0.164594,0.024500,62.959137
2,195,0.164594,0.024500,62.732402
3,195,0.164594,0.024500,62.839231
4,195,0.164594,0.024625,63.111573
5,195,0.164594,0.025071,63.143167
6,195,0.164594,0.024921,62.908891
7,195,0.164594,0.025046,63.059109
8,195,0.164594,0.024960,63.103249
9,195,0.164594,0.024796,62.905347
10,195,0.164594,0.024796,62.905347
1,196,0.164594,0.031371,61.861655
2,196,0.164594,0.032737,62.231666
3,196,0.164594,0.032693,62.342483
4,196,0.164594,0.033083,62.577115
5,196,0.164594,0.033263,62.577115
6,196,0.164594,0.032431,62.542313
7,196,0.164594,0.032092,62.347475
8,196,0.164594,0.033567,62.347475
9,196,0.164594,0.033792,62.548268
10,196,0.164594,0.032762,62.517114
1,197,0.164594,0.038123,69.434818
2,197,0.164594,0.035836,69.317018
3,197,0.164594,0.035485,69.317018
4,197,0.164594,0.035078,69.317018
5,197,0.164594,0.037062,69.374698
6,197,0.164594,0.036084,69.394532
7,197,0.164594,0.037791,69.615271
8,197,0.164594,0.037375,69.491125
9,197,0.164594,0.039639,69.491125
10,197,0.164594,0.039639,69.491125
1,198,0.164594,0.086378,71.208687
2,198,0.164594,0.100993,71.965186
3,198,0.164594,0.102383,71.343201
4,198,0.164594,0.099521,72.170662
5,198,0.164594,0.102632,71.677322
6,198,0.164594,0.089991,71.813861
7,198,0.164594,0.092871,71.796276
8,198,0.164594,0.092850,71.312156
9,198,0.164594,0.078164,71.039276
10,198,0.164594,0.078353,71.260879
1,199,0.164594,0.031928,61.543410
2,199,0.164594,0.031928,61.543410
3,199,0.164594,0.031717,61.543410
4,199,0.164594,0.031567,61.543410
5,199,0.164594,0.032215,61.886071
6,199,0.164594,0.032215,61.729669
7,199,0.164594,0.032163,61.686941
8,199,0.164594,0.032163,61.723476
9,199,0.164594,0.032163,61.723476
10,199,0.164594,0.032163,61.723476
1,200,0.164594,0.016892,60.878429
2,200,0.164594,0.016892,60.878429
3,200,0.164594,0.015773,60.525016
4,200,0.164594,0.016371,61.045733
5,200,0.164594,0.016444,60.730848
6,200,0.164594,0.016444,60.730848
7,200,0.164594,0.016444,60.730848
8,200,0.164594,0.016444,60.730848
9,200,0.164594,0.015529,60.043173
10,200,0.164594,0.015529,59.803703
1,201,0.164594,0.012818,73.065484
2,201,0.164594,0.013789,73.490321
3,201,0.164594,0.012686,72.680455
4,201,0.164594,0.012534,72.680455
5,201,0.164594,0.012958,72.762383
6,201,0.164594,0.012941,73.412412
7,201,0.164594,0.012634,72.998873
8,201,0.164594,0.013459,73.385038
9,201,0.164594,0.013508,73.670649
10,201,0.164594,0.013508,73.670649
1,202,0.164594,0.009343,60.713475
2,202,0.164594,0.009455,60.985711
3,202,0.164594,0.009334,61.003733
4,202,0.164594,0.009386,61.068384
5,202,0.164594,0.009504,61.068384
6,202,0.164594,0.009504,61.068384
7,202,0.164594,0.009542,61.337269
8,202,0.164594,0.009504,60.930975
9,202,0.164594,0.009600,61.272800
10,202,0.164594,0.009476,61.196725
1,203,0.164594,0.015585,59.369219
2,203,0.164594,0.015585,59.081857
3,203,0.164594,0.015173,59.081857
4,203,0.164594,0.015173,58.696248
5,203,0.164594,0.015747,59.226031
6,203,0.164594,0.015879,59.329962
7,203,0.164594,0.015729,59.329962
8,203,0.164594,0.015729,59.329962
9,203,0.164594,0.015729,59.329962
10,203,0.164594,0.015729,59.372031
1,204,0.164594,0.015850,58.612163
2,204,0.164594,0.015850,58.612163
3,204,0.164594,0.016140,58.836711
4,204,0.164594,0.016140,58.836711
5,204,0.164594,0.016140,58.728581
6,204,0.164594,0.016140,58.831371
7,204,0.164594,0.016140,58.511925
8,204,0.164594,0.016142,58.460685
9,204,0.164594,0.015721,58.647992
10,204,0.164594,0.016161,58.724402
1,205,0.164594,0.063705,68.747263
2,205,0.164594,0.065908,68.860452
3,205,0.164594,0.065908,68.860452
4,205,0.164594,0.066348,68.860452
5,205,0.164594,0.065294,68.780506
6,205,0.164594,0.067608,68.904875
7,205,0.164594,0.063300,68.775460
8,205,0.164594,0.063300,68.745978
9,205,0.164594,0.064677,68.745978
10,205,0.164594,0.065965,68.770801
1,206,0.164594,0.035004,75.383051
2,206,0.164594,0.035017,75.706191
3,206,0.164594,0.035388,75.658236
4,206,0.164594,0.035976,75.732778
5,206,0.164594,0.035371,75.394242
6,206,0.164594,0.033753,75.532766
7,206,0.164594,0.034419,75.460698
8,206,0.164594,0.034864,75.595686
9,206,0.164594,0.036010,75.704817
10,206,0.164594,0.036350,75.689732
1,207,0.164594,0.018079,69.978358
2,207,0.164594,0.017888,69.813197
3,207,0.164594,0.018916,70.273510
4,207,0.164594,0.019373,70.445628
5,207,0.164594,0.019055,70.557965
6,207,0.164594,0.019395,70.641522
7,207,0.164594,0.019395,70.641522
8,207,0.164594,0.019395,70.506537
9,207,0.164594,0.019140,70.439028
10,207,0.164594,0.019140,70.439028
1,208,0.164594,0.022940,77.658212
2,208,0.164594,0.024880,77.406671
3,208,0.164594,0.027103,77.406671
4,208,0.164594,0.027539,77.305305
5,208,0.164594,0.032569,76.579503
6,208,0.164594,0.026805,77.664657
7,208,0.164594,0.024510,77.453849
8,208,0.164594,0.027934,76.903611
9,208,0.164594,0.026803,76.849949
10,208,0.164594,0.031127,76.147597
1,209,0.164594,0.035430,73.051918
2,209,0.164594,0.034967,72.748278
3,209,0.164594,0.034662,72.865830
4,209,0.164594,0.033608,72.495108
5,209,0.164594,0.033608,72.435641
6,209,0.164594,0.033608,72.551915
7,209,0.164594,0.033608,72.450072
8,209,0.164594,0.033984,72.530772
9,209,0.164594,0.033332,72.387224
10,209,0.164594,0.033332,72.387224
1,210,0.164594,0.011535,56.384483
2,210,0.164594,0.011535,56.643290
3,210,0.164594,0.011557,56.643290
4,210,0.164594,0.011958,56.478083
5,210,0.164594,0.011958,56.934438
6,210,0.164594,0.011872,56.863135
7,210,0.164594,0.011872,56.863135
8,210,0.164594,0.011603,56.515980
9,210,0.164594,0.011603,56.425954
10,210,0.164594,0.011611,56.425954
1,211,0.164594,0.014238,64.279587
2,211,0.164594,0.014240,64.108015
3,211,0.164594,0.014234,64.481250
4,211,0.164594,0.014112,64.481250
5,211,0.164594,0.014112,63.979451
6,211,0.164594,0.013444,63.593733
7,211,0.164594,0.013041,62.704547
8,211,0.164594,0.013325,63.045515
9,211,0.164594,0.013863,63.842729
10,211,0.164594,0.013863,63.842729
1,212,0.164594,0.042262,60.984530
2,212,0.164594,0.040880,60.917987
3,212,0.164594,0.040880,60.917987
4,212,0.164594,0.040880,60.917987
5,212,0.164594,0.039567,60.917987
6,212,0.164594,0.039242,60.740120
7,212,0.164594,0.038918,60.512568
8,212,0.164594,0.036061,60.291825
9,212,0.164594,0.038139,60.291825
10,212,0.164594,0.035609,60.222946
1,213,0.164594,0.021502,73.375962
2,213,0.164594,0.021502,73.375962
3,213,0.164594,0.021502,73.268893
4,213,0.164594,0.022708,73.779940
5,213,0.164594,0.022708,73.376107
6,213,0.164594,0.021729,73.376107
7,213,0.164594,0.022235,73.531194
8,213,0.164594,0.022871,73.759681
9,213,0.164594,0.022769,73.555257
10,213,0.164594,0.022157,73.767835
1,214,0.164594,0.045457,76.593136
2,214,0.164594,0.045457,76.593136
3,214,0.164594,0.045457,76.593136
4,214,0.164594,0.045457,76.593136
5,214,0.164594,0.044715,76.516242
6,214,0.164594,0.046658,76.516242
7,214,0.164594,0.043707,76.108734
8,214,0.164594,0.042745,76.139980
9,214,0.164594,0.042171,75.930385
10,214,0.164594,0.042171,75.930385
1,215,0.164594,0.050853,60.726381
2,215,0.164594,0.050853,60.726381
3,215,0.164594,0.050853,60.726381
4,215,0.164594,0.050853,60.726381
5,215,0.164594,0.050853,60.744620
6,215,0.164594,0.051478,60.763791
7,215,0.164594,0.050864,60.763791
8,215,0.164594,0.050864,60.794941
9,215,0.164594,0.052398,60.822820
10,215,0.164594,0.051314,60.822820
1,216,0.164594,0.033118,69.562339
2,216,0.164594,0.033118,69.562339
3,216,0.164594,0.033118,69.562339
4,216,0.164594,0.033273,69.562339
5,216,0.164594,0.031693,69.562339
6,216,0.164594,0.032871,69.559040
7,216,0.164594,0.032606,69.559040
8,216,0.164594,0.032606,69.559040
9,216,0.164594,0.032331,69.279527
10,216,0.164594,0.031687,69.453581
1,217,0.164594,0.047055,64.986509
2,217,0.164594,0.049298,65.649439
3,217,0.164594,0.049128,65.521943
4,217,0.164594,0.049247,65.494073
5,217,0.164594,0.050429,65.870284
6,217,0.164594,0.052626,66.151393
7,217,0.164594,0.052626,66.088795
8,217,0.164594,0.052626,66.088795
9,217,0.164594,0.052626,66.112055
10,217,0.164594,0.052626,66.112055
1,218,0.164594,0.025846,68.091440
2,218,0.164594,0.025846,68.091440
3,218,0.164594,0.025719,68.150341
4,218,0.164594,0.025719,68.150341
5,218,0.164594,0.025719,68.150341
6,218,0.164594,0.025416,67.891752
7,218,0.164594,0.026105,68.195933
8,218,0.164594,0.026178,68.145485
9,218,0.164594,0.025549,68.074652
10,218,0.164594,0.025549,68.074652
1,219,0.164594,0.019297,72.005213
2,219,0.164594,0.020744,71.973866
3,219,0.164594,0.019231,72.174776
4,219,0.164594,0.019074,72.197481
5,219,0.164594,0.019287,72.108727
6,219,0.164594,0.019661,72.056498
7,219,0.164594,0.021532,71.495485
8,219,0.164594,0.020511,71.613865
9,219,0.164594,0.020624,71.783411
10,219,0.164594,0.019762,71.829963
1,220,0.164594,0.031863,70.908527
2,220,0.164594,0.032699,70.908527
3,220,0.164594,0.032699,70.930377
4,220,0.164594,0.032699,70.930377
5,220,0.164594,0.032699,70.957793
6,220,0.164594,0.032694,70.957793
7,220,0.164594,0.032694,70.957793
8,220,0.164594,0.032529,71.176974
9,220,0.164594,0.032529,70.991129
10,220,0.164594,0.032169,70.960370
1,221,0.164594,0.013367,61.503599
2,221,0.164594,0.013260,61.734361
3,221,0.164594,0.013260,61.734361
4,221,0.164594,0.013221,61.667045
5,221,0.164594,0.013776,61.991623
6,221,0.164594,0.013776,62.066967
7,221,0.164594,0.013946,61.974563
8,221,0.164594,0.013759,61.957108
9,221,0.164594,0.013680,61.592720
10,221,0.164594,0.013889,62.043185
1,222,0.164594,0.037989,77.021739
2,222,0.164594,0.039636,77.246551
3,222,0.164594,0.039002,77.157718
4,222,0.164594,0.040168,77.176944
5,222,0.164594,0.039640,77.064015
6,222,0.164594,0.039959,77.473972
7,222,0.164594,0.037728,77.947688
8,222,0.164594,0.034451,77.794722
9,222,0.164594,0.037143,77.507041
10,222,0.164594,0.033452,78.188260
1,223,0.164594,0.012842,63.513241
2,223,0.164594,0.012491,63.212421
3,223,0.164594,0.012491,62.807058
4,223,0.164594,0.012491,62.683216
5,223,0.164594,0.012019,62.498556
6,223,0.164594,0.012019,62.498556
7,223,0.164594,0.012019,62.653650
8,223,0.164594,0.012634,63.016926
9,223,0.164594,0.012511,63.100479
10,223,0.164594,0.012511,62.941062
1,224,0.164594,0.008477,69.428415
2,224,0.164594,0.009289,68.892499
3,224,0.164594,0.009626,69.273708
4,224,0.164594,0.008471,69.431778
5,224,0.164594,0.009045,69.823755
6,224,0.164594,0.009834,68.578693
7,224,0.164594,0.010241,67.564630
8,224,0.164594,0.011100,68.311566
9,224,0.164594,0.010351,68.815861
10,224,0.164594,0.010605,68.754281
1,225,0.164594,0.007485,59.600112
2,225,0.164594,0.007362,59.729878
3,225,0.164594,0.007559,59.957865
4,225,0.164594,0.007559,59.965947
5,225,0.164594,0.007591,60.410571
6,225,0.164594,0.007591,61.212252
7,225,0.164594,0.007755,60.764996
8,225,0.164594,0.007755,60.764996
9,225,0.164594,0.007711,60.729283
10,225,0.164594,0.007853,60.777002
1,226,0.164594,0.035200,62.048004
2,226,0.164594,0.035200,62.048004
3,226,0.164594,0.035886,62.048004
4,226,0.164594,0.035886,62.048004
5,226,0.164594,0.034629,62.048004
6,226,0.164594,0.034629,62.048004
7,226,0.164594,0.034629,62.048004
8,226,0.164594,0.034629,62.048004
9,226,0.164594,0.034629,62.048004
10,226,0.164594,0.034629,61.839828
1,227,0.164594,0.012473,63.847090
2,227,0.164594,0.012676,63.755432
3,227,0.164594,0.012356,63.600947
4,227,0.164594,0.012183,63.807919
5,227,0.164594,0.012386,63.575499
6,227,0.164594,0.012491,64.117451
7,227,0.164594,0.013435,64.284993
8,227,0.164594,0.012677,64.259539
9,227,0.164594,0.012677,63.971298
10,227,0.164594,0.012170,63.845935
1,228,0.164594,0.012876,63.718522
2,228,0.164594,0.013036,63.886183
3,228,0.164594,0.013036,64.288412
4,228,0.164594,0.013069,63.974812
5,228,0.164594,0.013492,64.508933
6,228,0.164594,0.013492,64.508933
7,228,0.164594,0.013492,64.587798
8,228,0.164594,0.013843,64.621146
9,228,0.164594,0.013724,64.437008
10,228,0.164594,0.013293,64.263516
1,229,0.164594,0.014725,59.335790
2,229,0.164594,0.014711,59.552342
3,229,0.164594,0.014558,59.330144
4,229,0.164594,0.014558,58.920443
5,229,0.164594,0.014466,58.973511
6,229,0.164594,0.014466,59.157194
7,229,0.164594,0.014466,59.157194
8,229,0.164594,0.014590,59.087870
9,229,0.164594,0.014590,59.087870
10,229,0.164594,0.014358,59.002560
1,230,0.164594,0.030858,79.469503
2,230,0.164594,0.028218,79.298881
3,230,0.164594,0.030327,79.298881
4,230,0.164594,0.030327,79.298881
5,230,0.164594,0.029609,79.371457
6,230,0.164594,0.026900,79.437086
7,230,0.164594,0.027674,79.323982
8,230,0.164594,0.030328,79.323982
9,230,0.164594,0.031674,79.323982
10,230,0.164594,0.030551,79.532094
1,231,0.164594,0.023126,65.912324
2,231,0.164594,0.024813,66.227778
3,231,0.164594,0.024813,66.227778
4,231,0.164594,0.024321,66.152010
5,231,0.164594,0.024668,66.187594
6,231,0.164594,0.024560,66.187594
7,231,0.164594,0.026811,66.664764
8,231,0.164594,0.025728,66.413637
9,231,0.164594,0.026125,66.547812
10,231,0.164594,0.026125,66.454450
1,232,0.164594,0.041070,68.915442
2,232,0.164594,0.041232,68.915442
3,232,0.164594,0.040574,68.799796
4,232,0.164594,0.040574,68.799796
5,232,0.164594,0.039638,68.628385
6,232,0.164594,0.038500,68.489818
7,232,0.164594,0.038500,68.489818
8,232,0.164594,0.038500,68.489818
9,232,0.164594,0.038500,68.489818
10,232,0.164594,0.038500,68.489818
1,233,0.164594,0.032501,61.736837
2,233,0.164594,0.033980,61.782886
3,233,0.164594,0.032523,61.667118
4,233,0.164594,0.032523,61.649718
5,233,0.164594,0.033798,61.834231
6,233,0.164594,0.033798,61.799063
7,233,0.164594,0.033055,61.799063
8,233,0.164594,0.033055,61.799063
9,233,0.164594,0.033055,61.799063
10,233,0.164594,0.033055,61.799063
1,234,0.164594,0.022591,59.163040
2,234,0.164594,0.023015,59.564875
3,234,0.164594,0.023015,59.564875
4,234,0.164594,0.023447,59.652592
5,234,0.164594,0.023447,59.685215
6,234,0.164594,0.023447,59.685215
7,234,0.164594,0.023382,59.558656
8,234,0.164594,0.023382,59.558656
9,234,0.164594,0.023382,59.558656
10,234,0.164594,0.023337,59.627906
1,235,0.164594,0.014618,56.460523
2,235,0.164594,0.014416,56.544904
3,235,0.164594,0.014724,56.544904
4,235,0.164594,0.014817,56.893865
5,235,0.164594,0.014817,56.893865
6,235,0.164594,0.014777,56.758854
7,235,0.164594,0.014777,56.758854
8,235,0.164594,0.014557,56.225798
9,235,0.164594,0.014386,56.225798
10,235,0.164594,0.014386,56.474096
1,236,0.164594,0.025626,68.921182
2,236,0.164594,0.025626,68.921182
3,236,0.164594,0.025404,69.171099
4,236,0.164594,0.024812,68.664487
5,236,0.164594,0.025664,68.991293
6,236,0.164594,0.025664,68.899760
7,236,0.164594,0.024960,68.588454
8,236,0.164594,0.025381,68.672380
9,236,0.164594,0.024591,68.595740
10,236,0.164594,0.024591,68.379848
1,237,0.164594,0.034537,57.988995
2,237,0.164594,0.034584,58.090816
3,237,0.164594,0.034584,58.090816
4,237,0.164594,0.034584,58.090816
5,237,0.164594,0.034345,58.054327
6,237,0.164594,0.034345,58.054327
7,237,0.164594,0.034345,58.309625
8,237,0.164594,0.035605,58.309625
9,237,0.164594,0.035605,58.314664
10,237,0.164594,0.035321,58.314664
1,238,0.164594,0.028530,72.706110
2,238,0.164594,0.026379,72.422226
3,238,0.164594,0.027169,72.841785
4,238,0.164594,0.026676,72.794057
5,238,0.164594,0.027371,72.794057
6,238,0.164594,0.028053,72.794057
7,238,0.164594,0.029398,72.769328
8,238,0.164594,0.029136,72.607554
9,238,0.164594,0.028550,72.720983
10,238,0.164594,0.029271,72.588494
1,239,0.164594,0.021020,69.641590
2,239,0.164594,0.021020,69.426111
3,239,0.164594,0.021020,69.572331
4,239,0.164594,0.021020,69.686575
5,239,0.164594,0.020669,69.151786
6,239,0.164594,0.021133,69.731255
7,239,0.164594,0.021133,69.731255
8,239,0.164594,0.021133,69.731255
9,239,0.164594,0.021031,69.539956
10,239,0.164594,0.021439,69.850021
1,240,0.164594,0.013590,62.588086
2,240,0.164594,0.013590,62.588086
3,240,0.164594,0.013562,62.578429
4,240,0.164594,0.013944,62.578429
5,240,0.164594,0.013944,62.888998
6,240,0.164594,0.013633,62.845150
7,240,0.164594,0.013471,62.717194
8,240,0.164594,0.013471,62.684823
9,240,0.164594,0.013471,62.729474
10,240,0.164594,0.012442,61.555759
1,241,0.164594,0.018440,54.585060
2,241,0.164594,0.018786,54.829017
3,241,0.164594,0.018487,55.103351
4,241,0.164594,0.018525,55.192244
5,241,0.164594,0.018482,54.846180
6,241,0.164594,0.018482,55.187440
7,241,0.164594,0.018664,55.477119
8,241,0.164594,0.017934,54.671201
9,241,0.164594,0.018354,54.671201
10,241,0.164594,0.018354,55.080136
1,242,0.164594,0.020244,67.241231
2,242,0.164594,0.020244,67.306172
3,242,0.164594,0.019907,66.860511
4,242,0.164594,0.019907,66.863413
5,242,0.164594,0.019306,66.828301
6,242,0.164594,0.019534,66.542673
7,242,0.164594,0.019388,66.542673
8,242,0.164594,0.019156,66.665359
9,242,0.164594,0.019099,66.359035
10,242,0.164594,0.019099,66.340245
1,243,0.164594,0.015358,73.623242
2,243,0.164594,0.015494,73.603286
3,243,0.164594,0.015509,73.411046
4,243,0.164594,0.015987,73.718109
5,243,0.164594,0.015735,73.718109
6,243,0.164594,0.015949,73.667521
7,243,0.164594,0.015921,73.667521
8,243,0.164594,0.015553,73.667521
9,243,0.164594,0.015553,73.667521
10,243,0.164594,0.015574,73.767322
1,244,0.164594,0.014596,65.115114
2,244,0.164594,0.014535,65.115114
3,244,0.164594,0.014535,65.360990
4,244,0.164594,0.014495,65.522556
5,244,0.164594,0.014006,65.040866
6,244,0.164594,0.013962,64.936911
7,244,0.164594,0.013643,64.938114
8,244,0.164594,0.013643,64.622146
9,244,0.164594,0.013643,64.622146
10,244,0.164594,0.013466,64.621839
1,245,0.164594,0.012660,54.647215
2,245,0.164594,0.012660,54.647215
3,245,0.164594,0.012791,54.727177
4,245,0.164594,0.012703,54.440565
5,245,0.164594,0.012703,54.903890
6,245,0.164594,0.012703,54.126959
7,245,0.164594,0.012703,53.939737
8,245,0.164594,0.013152,55.132561
9,245,0.164594,0.013017,55.353514
10,245,0.164594,0.013195,55.240987
1,246,0.164594,0.036478,66.759878
2,246,0.164594,0.036478,66.759878
3,246,0.164594,0.035117,66.716070
4,246,0.164594,0.035117,66.716070
5,246,0.164594,0.035117,66.713806
6,246,0.164594,0.035117,66.713806
7,246,0.164594,0.035476,66.700920
8,246,0.164594,0.035421,66.672524
9,246,0.164594,0.035421,66.672524
10,246,0.164594,0.035748,66.633356
1,247,0.164594,0.010186,62.703780
2,247,0.164594,0.010186,62.703780
3,247,0.164594,0.010186,62.703780
4,247,0.164594,0.010585,62.703780
5,247,0.164594,0.010585,62.703780
6,247,0.164594,0.010088,61.977207
7,247,0.164594,0.010108,61.908786
8,247,0.164594,0.010108,61.908786
9,247,0.164594,0.010129,62.311809
10,247,0.164594,0.010332,62.562437
1,248,0.164594,0.020954,65.307534
2,248,0.164594,0.021604,65.396816
3,248,0.164594,0.021604,65.486449
4,248,0.164594,0.021517,65.350860
5,248,0.164594,0.021088,65.546537
6,248,0.164594,0.021222,65.326526
7,248,0.164594,0.021452,65.793934
8,248,0.164594,0.021961,65.656130
9,248,0.164594,0.021283,65.504078
10,248,0.164594,0.021283,65.504078
1,249,0.164594,0.029300,57.632526
2,249,0.164594,0.029941,57.861415
3,249,0.164594,0.030146,58.172983
4,249,0.164594,0.030146,58.172983
5,249,0.164594,0.030146,58.172983
6,249,0.164594,0.030146,58.172983
7,249,0.164594,0.030146,58.062991
8,249,0.164594,0.030678,58.062991
9,249,0.164594,0.029946,58.043410
10,249,0.164594,0.030414,58.097621
1,250,0.164594,0.031534,59.013809
2,250,0.164594,0.031499,59.013809
3,250,0.164594,0.031499,59.013809
4,250,0.164594,0.031499,59.013809
5,250,0.164594,0.031405,59.013809
6,250,0.164594,0.031430,59.013809
7,250,0.164594,0.031430,59.013809
8,250,0.164594,0.030826,58.878613
9,250,0.164594,0.031148,58.878613
10,250,0.164594,0.031148,58.878613