Tlag_abscissa,Tlag_pdf,Tlag_cdf,ka_abscissa,ka_pdf,ka_cdf,V_abscissa,V_pdf,V_cdf,split
2.22045e-16,2.49314e+12,0.00106212,2.22045e-16,0,0,20.7767,3.67428e-05,0.000118033,All
0.00170973,11.0253,0.938678,0.0613939,0.133591,0.00221563,26.1662,0.000110006,0.000489915,All
0.00341946,4.64025,0.950692,0.122788,0.489355,0.0212503,31.5557,0.000240902,0.00140801,All
0.00512919,2.7819,0.956798,0.184182,0.767412,0.0604992,36.9452,0.000432791,0.00319675,All
0.00683893,1.93037,0.960748,0.245576,0.919381,0.11286,42.3347,0.000679731,0.00617233,All
0.00854866,1.45192,0.963605,0.30697,0.977148,0.171462,47.7243,0.000969891,0.0106014,All
0.0102584,1.14944,0.965811,0.368363,0.975608,0.231635,53.1138,0.00128889,0.0166786,All
0.0119681,0.942833,0.96759,0.429757,0.939819,0.29056,58.5033,0.00162226,0.0245201,All
0.0136779,0.793762,0.969068,0.491151,0.885914,0.346667,63.8928,0.00195697,0.0341673,All
0.0153876,0.68172,0.970325,0.552545,0.823819,0.399175,69.2824,0.00228215,0.0455971,All
0.0170973,0.594796,0.971413,0.613939,0.759461,0.447777,74.6719,0.00258936,0.0587343,All
0.018807,0.525629,0.972369,0.675333,0.696269,0.492452,80.0614,0.00287248,0.0734645,All
0.0205168,0.469443,0.973218,0.736727,0.636132,0.533334,85.4509,0.00312742,0.0896461,All
0.0222265,0.423008,0.97398,0.798121,0.579994,0.570643,90.8404,0.00335187,0.10712,All
0.0239362,0.384067,0.974669,0.859515,0.528235,0.60464,96.23,0.00354489,0.12572,All
0.025646,0.351002,0.975296,0.920909,0.480899,0.635595,101.619,0.00370661,0.145274,All
0.0273557,0.322619,0.975871,0.982303,0.437837,0.663776,107.009,0.003838,0.165619,All
0.0290654,0.298025,0.976401,1.0437,0.398797,0.689438,112.399,0.00394057,0.186593,All
0.0307752,0.276533,0.976892,1.10509,0.363478,0.71282,117.788,0.00401622,0.208046,All
0.0324849,0.257614,0.977349,1.16648,0.331565,0.734139,123.178,0.00406708,0.229839,All
0.0341946,0.240847,0.977774,1.22788,0.302744,0.753595,128.567,0.0040954,0.251845,All
0.0359044,0.225899,0.978173,1.28927,0.276717,0.771369,133.957,0.00410343,0.273947,All
0.0376141,0.2125,0.978548,1.35067,0.253206,0.787624,139.346,0.00409342,0.296043,All
0.0393238,0.20043,0.978901,1.41206,0.231957,0.802506,144.736,0.00406751,0.318042,All
0.0410336,0.189509,0.979234,1.47345,0.212737,0.816147,150.125,0.00402774,0.339862,All
0.0427433,0.179585,0.979549,1.53485,0.195337,0.828665,155.515,0.00397598,0.361435,All
0.044453,0.170534,0.979848,1.59624,0.17957,0.840165,160.904,0.00391401,0.382701,All
0.0461628,0.16225,0.980133,1.65764,0.165267,0.850744,166.294,0.00384343,0.403609,All
0.0478725,0.154643,0.980404,1.71903,0.152277,0.860485,171.683,0.00376568,0.424117,All
0.0495822,0.147637,0.980662,1.78042,0.140467,0.869466,177.073,0.00368209,0.444189,All
0.0512919,0.141166,0.980909,1.84182,0.129718,0.877754,182.462,0.00359383,0.463798,All
0.0530017,0.135173,0.981145,1.90321,0.119921,0.885413,187.852,0.00350195,0.482921,All
0.0547114,0.12961,0.981371,1.96461,0.110983,0.892497,193.241,0.00340738,0.501541,All
0.0564211,0.124434,0.981588,2.026,0.102819,0.899056,198.631,0.00331093,0.519646,All
0.0581309,0.119608,0.981797,2.08739,0.0953531,0.905136,204.02,0.00321332,0.537227,All
0.0598406,0.115098,0.981997,2.14879,0.0885177,0.910777,209.41,0.00311517,0.554281,All
0.0615503,0.110876,0.982191,2.21018,0.0822526,0.916017,214.799,0.00301702,0.570806,All
0.0632601,0.106917,0.982377,2.27157,0.0765038,0.920887,220.189,0.00291933,0.586803,All
0.0649698,0.103197,0.982556,2.33297,0.0712231,0.92542,225.578,0.00282249,0.602275,All
0.0666795,0.0996966,0.98273,2.39436,0.066367,0.929641,230.968,0.00272685,0.617229,All
0.0683893,0.0963975,0.982897,2.45576,0.0618969,0.933577,236.358,0.00263268,0.631671,All
0.070099,0.0932838,0.983059,2.51715,0.0577777,0.937249,241.747,0.00254022,0.645609,All
0.0718087,0.0903407,0.983216,2.57854,0.0539782,0.940678,247.137,0.00244966,0.659055,All
0.0735185,0.0875554,0.983368,2.63994,0.0504699,0.943883,252.526,0.00236114,0.672018,All
0.0752282,0.0849159,0.983516,2.70133,0.0472276,0.94688,257.916,0.0022748,0.68451,All
0.0769379,0.0824117,0.983659,2.76273,0.0442281,0.949686,263.305,0.00219072,0.696542,All
0.0786477,0.080033,0.983798,2.82412,0.0414507,0.952315,268.695,0.00210898,0.708128,All
0.0803574,0.0777711,0.983933,2.88551,0.0388767,0.95478,274.084,0.00202962,0.719279,All
0.0820671,0.0756179,0.984064,2.94691,0.0364891,0.957093,279.474,0.00195267,0.73001,All
0.0837768,0.0735662,0.984191,3.0083,0.0342725,0.959264,284.863,0.00187813,0.740332,All
0.0854866,0.0716091,0.984315,3.0697,0.0322128,0.961304,290.253,0.00180601,0.750258,All
0.0871963,0.0697407,0.984436,3.13109,0.0302974,0.963222,295.642,0.0017363,0.759803,All
0.088906,0.0679553,0.984554,3.19248,0.0285147,0.965027,301.032,0.00166897,0.768978,All
0.0906158,0.0662478,0.984669,3.25388,0.0268543,0.966726,306.421,0.00160398,0.777797,All
0.0923255,0.0646133,0.98478,3.31527,0.0253065,0.968327,311.811,0.00154131,0.786272,All
0.0940352,0.0630475,0.98489,3.37667,0.0238626,0.969836,317.2,0.0014809,0.794415,All
0.095745,0.0615464,0.984996,3.43806,0.0225147,0.971259,322.59,0.00142271,0.802239,All
0.0974547,0.0601062,0.9851,3.49945,0.0212555,0.972602,327.979,0.00136668,0.809754,All
0.0991644,0.0587235,0.985202,3.56085,0.0200783,0.97387,333.369,0.00131276,0.816974,All
0.100874,0.0573949,0.985301,3.62224,0.018977,0.975069,338.758,0.00126089,0.823908,All
0.102584,0.0561177,0.985398,3.68363,0.017946,0.976202,344.148,0.00121101,0.830569,All
0.104294,0.0548889,0.985493,3.74503,0.0169802,0.977274,349.537,0.00116306,0.836965,All
0.106003,0.0537059,0.985586,3.80642,0.0160749,0.978288,354.927,0.00111699,0.843109,All
0.107713,0.0525665,0.985676,3.86782,0.0152257,0.979249,360.316,0.00107272,0.849009,All
0.109423,0.0514683,0.985765,3.92921,0.0144287,0.980159,365.706,0.00103021,0.854675,All
0.111133,0.0504093,0.985853,3.9906,0.0136802,0.981021,371.096,0.000989379,0.860116,All
0.112842,0.0493875,0.985938,4.052,0.0129769,0.98184,376.485,0.000950182,0.865342,All
0.114552,0.048401,0.986021,4.11339,0.0123156,0.982616,381.875,0.000912556,0.870361,All
0.116262,0.0474481,0.986103,4.17479,0.0116934,0.983353,387.264,0.000876444,0.875181,All
0.117971,0.0465272,0.986184,4.23618,0.0111078,0.984052,392.654,0.00084179,0.879811,All
0.119681,0.0456369,0.986262,4.29757,0.0105563,0.984717,398.043,0.000808539,0.884258,All
0.121391,0.0447756,0.98634,4.35897,0.0100365,0.985349,403.433,0.000776636,0.888529,All
0.123101,0.0439422,0.986416,4.42036,0.00954652,0.98595,408.822,0.000746031,0.892631,All
0.12481,0.0431351,0.98649,4.48176,0.00908428,0.986522,414.212,0.000716672,0.896573,All
0.12652,0.0423535,0.986563,4.54315,0.00864802,0.987066,419.601,0.00068851,0.900359,All
0.12823,0.041596,0.986635,4.60454,0.00823607,0.987584,424.991,0.000661498,0.903996,All
0.12994,0.0408616,0.986705,4.66594,0.00784689,0.988078,430.38,0.00063559,0.907491,All
0.131649,0.0401494,0.986775,4.72733,0.00747904,0.988548,435.77,0.000610741,0.910849,All
0.133359,0.0394584,0.986843,4.78873,0.0071312,0.988997,441.159,0.000586907,0.914076,All
0.135069,0.0387877,0.98691,4.85012,0.00680212,0.989424,446.549,0.000564049,0.917177,All
0.136779,0.0381365,0.986975,4.91151,0.00649064,0.989832,451.938,0.000542125,0.920158,All
0.138488,0.0375039,0.98704,4.97291,0.0061957,0.990222,457.328,0.000521098,0.923022,All
0.140198,0.0368893,0.987104,5.0343,0.00591629,0.990593,462.717,0.00050093,0.925776,All
0.141908,0.0362919,0.987166,5.09569,0.00565147,0.990948,468.107,0.000481586,0.928423,All
0.143617,0.035711,0.987228,5.15709,0.0054004,0.991287,473.496,0.000463031,0.930968,All
0.145327,0.0351461,0.987288,5.21848,0.00516224,0.991612,478.886,0.000445233,0.933416,All
0.147037,0.0345964,0.987348,5.27988,0.00493624,0.991922,484.275,0.00042816,0.935769,All
0.148747,0.0340613,0.987407,5.34127,0.0047217,0.992218,489.665,0.000411782,0.938032,All
0.150456,0.0335405,0.987464,5.40266,0.00451795,0.992502,495.055,0.000396069,0.940209,All
0.152166,0.0330332,0.987521,5.46406,0.00432438,0.992773,500.444,0.000380994,0.942302,All
0.153876,0.0325391,0.987577,5.52545,0.0041404,0.993033,505.834,0.00036653,0.944317,All
0.155586,0.0320576,0.987633,5.58685,0.00396548,0.993282,511.223,0.000352651,0.946254,All
0.157295,0.0315882,0.987687,5.64824,0.00379911,0.99352,516.613,0.000339333,0.948119,All
0.159005,0.0311307,0.987741,5.70963,0.00364081,0.993748,522.002,0.000326552,0.949913,All
0.160715,0.0306844,0.987793,5.77103,0.00349014,0.993967,527.392,0.000314286,0.95164,All
0.162425,0.0302491,0.987845,5.83242,0.00334667,0.994177,532.781,0.000302512,0.953302,All
0.164134,0.0298243,0.987897,5.89382,0.00321003,0.994378,538.171,0.000291211,0.954901,All
0.165844,0.0294098,0.987947,5.95521,0.00307983,0.994571,543.56,0.000280362,0.956441,All
0.167554,0.0290051,0.987997,6.0166,0.00295573,0.994756,548.95,0.000269946,0.957924,All
0.169263,0.0286099,0.988047,6.078,0.0028374,0.994934,554.339,0.000259945,0.959352,All