rep,id,p0,alpha,tau
1,1,0.283495,0.029981,71.477212
2,1,0.283495,0.030597,71.458110
3,1,0.283495,0.028450,71.409771
4,1,0.283495,0.030550,71.223842
5,1,0.283495,0.028804,71.095385
6,1,0.283495,0.030224,71.210515
7,1,0.283495,0.029875,71.430580
8,1,0.283495,0.029329,70.889080
9,1,0.283495,0.030646,71.018852
10,1,0.283495,0.028859,71.206487
1,2,0.283495,0.042711,73.371519
2,2,0.283495,0.042711,73.260160
3,2,0.283495,0.042711,73.142087
4,2,0.283495,0.043433,73.358917
5,2,0.283495,0.043433,73.358917
6,2,0.283495,0.043001,73.077365
7,2,0.283495,0.043398,73.369072
8,2,0.283495,0.043398,73.369072
9,2,0.283495,0.043398,73.369072
10,2,0.283495,0.043760,73.352489
1,3,0.283495,0.021833,73.463988
2,3,0.283495,0.021814,73.463988
3,3,0.283495,0.021121,73.184381
4,3,0.283495,0.022015,73.489279
5,3,0.283495,0.022015,73.419998
6,3,0.283495,0.023045,73.152103
7,3,0.283495,0.022271,73.406853
8,3,0.283495,0.022061,73.489648
9,3,0.283495,0.021212,73.131559
10,3,0.283495,0.022250,73.550556
1,4,0.283495,0.045565,62.484157
2,4,0.283495,0.044836,62.259798
3,4,0.283495,0.044836,62.259798
4,4,0.283495,0.044836,62.358017
5,4,0.283495,0.044836,62.358017
6,4,0.283495,0.045935,62.297525
7,4,0.283495,0.045935,62.297525
8,4,0.283495,0.044698,62.297525
9,4,0.283495,0.044698,62.297525
10,4,0.283495,0.046168,62.297525
1,5,0.283495,0.032365,76.360837
2,5,0.283495,0.031702,76.357841
3,5,0.283495,0.031702,76.357841
4,5,0.283495,0.031553,76.114705
5,5,0.283495,0.030222,76.227413
6,5,0.283495,0.029730,75.682457
7,5,0.283495,0.029314,75.849816
8,5,0.283495,0.028758,76.062427
9,5,0.283495,0.028891,75.887419
10,5,0.283495,0.030658,76.270731
1,6,0.283495,0.070265,59.741580
2,6,0.283495,0.069346,59.737967
3,6,0.283495,0.069346,59.737967
4,6,0.283495,0.069346,59.737967
5,6,0.283495,0.073105,60.048059
6,6,0.283495,0.067799,59.721886
7,6,0.283495,0.069401,59.714996
8,6,0.283495,0.069401,59.714996
9,6,0.283495,0.069080,59.672075
10,6,0.283495,0.069080,59.650706
1,7,0.283495,0.039494,62.484042
2,7,0.283495,0.039494,62.808248
3,7,0.283495,0.039494,62.808248
4,7,0.283495,0.039494,62.808248
5,7,0.283495,0.041420,62.808248
6,7,0.283495,0.041799,62.818939
7,7,0.283495,0.039124,62.563584
8,7,0.283495,0.038838,62.564582
9,7,0.283495,0.037967,62.564582
10,7,0.283495,0.037967,62.489746
1,8,0.283495,0.042600,58.384196
2,8,0.283495,0.038836,58.160594
3,8,0.283495,0.039420,58.548005
4,8,0.283495,0.039470,58.293586
5,8,0.283495,0.040522,58.252824
6,8,0.283495,0.040597,58.287421
7,8,0.283495,0.039061,58.186554
8,8,0.283495,0.039927,57.991880
9,8,0.283495,0.039927,58.377546
10,8,0.283495,0.041433,58.433992
1,9,0.283495,0.043344,63.362900
2,9,0.283495,0.042778,63.149624
3,9,0.283495,0.045373,63.751117
4,9,0.283495,0.045373,63.595548
5,9,0.283495,0.045178,63.595548
6,9,0.283495,0.042618,63.359240
7,9,0.283495,0.044482,63.591713
8,9,0.283495,0.045665,63.537507
9,9,0.283495,0.046785,63.630194
10,9,0.283495,0.046785,63.630194
1,10,0.283495,0.019142,76.607438
2,10,0.283495,0.019284,76.884444
3,10,0.283495,0.018225,76.878176
4,10,0.283495,0.018225,77.055004
5,10,0.283495,0.018015,77.354021
6,10,0.283495,0.018026,77.354021
7,10,0.283495,0.018162,77.084595
8,10,0.283495,0.018871,77.084595
9,10,0.283495,0.019548,76.964074
10,10,0.283495,0.018473,76.558956
1,11,0.283495,0.081326,64.766646
2,11,0.283495,0.083649,64.819426
3,11,0.283495,0.081418,64.819426
4,11,0.283495,0.077986,64.698649
5,11,0.283495,0.080495,64.698649
6,11,0.283495,0.080495,64.698649
7,11,0.283495,0.081406,64.853691
8,11,0.283495,0.081420,64.762436
9,11,0.283495,0.081649,64.666792
10,11,0.283495,0.079999,64.797818
1,12,0.283495,0.036459,75.505389
2,12,0.283495,0.036792,75.381833
3,12,0.283495,0.038566,75.041572
4,12,0.283495,0.037033,75.028647
5,12,0.283495,0.036998,75.028647
6,12,0.283495,0.035653,75.039147
7,12,0.283495,0.034958,75.039147
8,12,0.283495,0.034958,75.039147
9,12,0.283495,0.035598,75.419339
10,12,0.283495,0.035598,75.293640
1,13,0.283495,0.057131,69.975024
2,13,0.283495,0.057131,69.975024
3,13,0.283495,0.057131,69.975024
4,13,0.283495,0.055892,69.777335
5,13,0.283495,0.055892,69.777335
6,13,0.283495,0.054132,69.777335
7,13,0.283495,0.054132,69.777335
8,13,0.283495,0.054132,70.125697
9,13,0.283495,0.058738,70.125697
10,13,0.283495,0.056635,70.199023
1,14,0.283495,0.078181,67.736107
2,14,0.283495,0.080085,67.769373
3,14,0.283495,0.078646,67.595222
4,14,0.283495,0.078646,67.708884
5,14,0.283495,0.078646,67.708884
6,14,0.283495,0.076334,67.708884
7,14,0.283495,0.077298,67.708884
8,14,0.283495,0.077298,67.708884
9,14,0.283495,0.077298,67.708884
10,14,0.283495,0.077298,67.708884
1,15,0.283495,0.053556,80.840621
2,15,0.283495,0.048727,80.946250
3,15,0.283495,0.051295,81.100381
4,15,0.283495,0.047123,81.100381
5,15,0.283495,0.047123,81.100381
6,15,0.283495,0.047445,80.851994
7,15,0.283495,0.048413,80.851994
8,15,0.283495,0.045777,80.851994
9,15,0.283495,0.051323,80.936536
10,15,0.283495,0.048851,80.936536
1,16,0.283495,0.033698,58.125455
2,16,0.283495,0.033698,58.362874
3,16,0.283495,0.033698,58.362874
4,16,0.283495,0.033698,58.362874
5,16,0.283495,0.033698,58.372056
6,16,0.283495,0.033625,58.372056
7,16,0.283495,0.033244,58.135259
8,16,0.283495,0.033362,58.331547
9,16,0.283495,0.033618,58.207953
10,16,0.283495,0.033618,58.207953
1,17,0.283495,0.046789,71.235117
2,17,0.283495,0.046416,71.235117
3,17,0.283495,0.046223,71.086829
4,17,0.283495,0.046223,71.086829
5,17,0.283495,0.046223,71.065714
6,17,0.283495,0.048242,71.089858
7,17,0.283495,0.048242,71.132907
8,17,0.283495,0.048242,71.506683
9,17,0.283495,0.045966,71.100884
10,17,0.283495,0.045966,71.294245
1,18,0.283495,0.036645,57.456138
2,18,0.283495,0.036645,57.506621
3,18,0.283495,0.036645,57.506621
4,18,0.283495,0.036645,57.506621
5,18,0.283495,0.036645,57.506621
6,18,0.283495,0.034591,57.506621
7,18,0.283495,0.034591,57.506621
8,18,0.283495,0.035339,57.277740
9,18,0.283495,0.035745,57.277740
10,18,0.283495,0.035745,57.277740
1,19,0.283495,0.040112,76.166115
2,19,0.283495,0.040113,76.166115
3,19,0.283495,0.039637,76.166115
4,19,0.283495,0.040109,76.166115
5,19,0.283495,0.040046,75.905475
6,19,0.283495,0.038509,75.656596
7,19,0.283495,0.039102,75.853975
8,19,0.283495,0.039102,75.853975
9,19,0.283495,0.038591,75.806825
10,19,0.283495,0.038591,75.806825
1,20,0.283495,0.038523,64.452651
2,20,0.283495,0.038523,64.452651
3,20,0.283495,0.038523,64.452651
4,20,0.283495,0.034733,63.771484
5,20,0.283495,0.034733,63.771484
6,20,0.283495,0.034733,63.771484
7,20,0.283495,0.034875,63.675169
8,20,0.283495,0.035100,63.675169
9,20,0.283495,0.035837,63.911556
10,20,0.283495,0.035837,64.155527
1,21,0.283495,0.040394,66.124908
2,21,0.283495,0.042300,66.479928
3,21,0.283495,0.042300,66.003073
4,21,0.283495,0.041181,66.219427
5,21,0.283495,0.039158,66.020501
6,21,0.283495,0.039923,66.186975
7,21,0.283495,0.040460,66.162063
8,21,0.283495,0.040460,65.888466
9,21,0.283495,0.040460,65.888466
10,21,0.283495,0.038424,65.888466
1,22,0.283495,0.015364,77.842619
2,22,0.283495,0.015438,78.186841
3,22,0.283495,0.015065,78.119815
4,22,0.283495,0.015334,78.434902
5,22,0.283495,0.014059,78.571788
6,22,0.283495,0.015712,78.963437
7,22,0.283495,0.015536,78.135845
8,22,0.283495,0.014418,78.381341
9,22,0.283495,0.014931,78.811787
10,22,0.283495,0.013668,78.688323
1,23,0.283495,0.026143,68.330712
2,23,0.283495,0.026368,68.330712
3,23,0.283495,0.026368,68.330712
4,23,0.283495,0.026368,68.215830
5,23,0.283495,0.026368,68.098330
6,23,0.283495,0.026368,68.367176
7,23,0.283495,0.026368,68.367176
8,23,0.283495,0.027057,68.367176
9,23,0.283495,0.026000,68.367176
10,23,0.283495,0.027876,68.638280
1,24,0.283495,0.011222,78.403633
2,24,0.283495,0.011938,78.130084
3,24,0.283495,0.011492,78.130084
4,24,0.283495,0.011913,78.110014
5,24,0.283495,0.010752,79.289226
6,24,0.283495,0.010032,78.913141
7,24,0.283495,0.011887,78.931689
8,24,0.283495,0.011887,78.441998
9,24,0.283495,0.012179,79.010522
10,24,0.283495,0.010960,78.546986
1,25,0.283495,0.026033,74.471259
2,25,0.283495,0.027731,74.471259
3,25,0.283495,0.030800,74.273706
4,25,0.283495,0.028720,74.480737
5,25,0.283495,0.031071,74.539533
6,25,0.283495,0.027576,74.421203
7,25,0.283495,0.027312,74.575184
8,25,0.283495,0.030683,74.397621
9,25,0.283495,0.030619,74.397621
10,25,0.283495,0.030829,74.768464
1,26,0.283495,0.080687,74.339698
2,26,0.283495,0.084724,74.198107
3,26,0.283495,0.077202,74.635677
4,26,0.283495,0.075298,74.475026
5,26,0.283495,0.076153,74.254610
6,26,0.283495,0.080276,74.439394
7,26,0.283495,0.071961,74.335013
8,26,0.283495,0.068727,74.649112
9,26,0.283495,0.071190,74.547720
10,26,0.283495,0.075572,74.330460
1,27,0.283495,0.026804,68.108400
2,27,0.283495,0.026804,68.259922
3,27,0.283495,0.027442,68.368997
4,27,0.283495,0.026618,68.358548
5,27,0.283495,0.025727,67.899090
6,27,0.283495,0.025224,67.896220
7,27,0.283495,0.025905,67.642851
8,27,0.283495,0.025905,67.890120
9,27,0.283495,0.025905,67.890120
10,27,0.283495,0.026755,68.125457
1,28,0.283495,0.048182,71.582969
2,28,0.283495,0.047214,71.588618
3,28,0.283495,0.047214,71.625729
4,28,0.283495,0.047214,71.625729
5,28,0.283495,0.047214,71.811305
6,28,0.283495,0.047214,71.669215
7,28,0.283495,0.047214,71.669215
8,28,0.283495,0.046009,71.543698
9,28,0.283495,0.046009,71.292660
10,28,0.283495,0.046526,71.290338
1,29,0.283495,0.064824,78.172522
2,29,0.283495,0.070934,78.144790
3,29,0.283495,0.070934,78.144790
4,29,0.283495,0.066898,78.146370
5,29,0.283495,0.068918,78.146370
6,29,0.283495,0.068918,78.146370
7,29,0.283495,0.068918,78.146370
8,29,0.283495,0.068918,78.194743
9,29,0.283495,0.065308,77.938895
10,29,0.283495,0.065308,77.938895
1,30,0.283495,0.023853,67.642408
2,30,0.283495,0.024321,67.439256
3,30,0.283495,0.023626,67.392558
4,30,0.283495,0.023626,67.173972
5,30,0.283495,0.023626,67.640683
6,30,0.283495,0.024280,67.961577
7,30,0.283495,0.023355,67.471819
8,30,0.283495,0.024164,67.628889
9,30,0.283495,0.023123,67.474690
10,30,0.283495,0.023214,67.247659
1,31,0.283495,0.061630,64.030860
2,31,0.283495,0.059490,64.005544
3,31,0.283495,0.059490,64.005544
4,31,0.283495,0.057332,64.125330
5,31,0.283495,0.058675,64.033705
6,31,0.283495,0.059362,64.022047
7,31,0.283495,0.058010,64.027476
8,31,0.283495,0.059189,63.959862
9,31,0.283495,0.062186,64.290804
10,31,0.283495,0.062186,64.290804
1,32,0.283495,0.054789,72.178380
2,32,0.283495,0.051024,72.402983
3,32,0.283495,0.053646,71.976496
4,32,0.283495,0.051112,72.221738
5,32,0.283495,0.051169,72.255114
6,32,0.283495,0.053568,72.239758
7,32,0.283495,0.053568,72.273202
8,32,0.283495,0.050359,72.090193
9,32,0.283495,0.049965,72.089793
10,32,0.283495,0.049965,71.915702
1,33,0.283495,0.027162,72.904781
2,33,0.283495,0.027162,72.904781
3,33,0.283495,0.026817,72.683010
4,33,0.283495,0.029418,72.976530
5,33,0.283495,0.029418,72.788978
6,33,0.283495,0.029126,73.106600
7,33,0.283495,0.027546,72.769309
8,33,0.283495,0.027711,72.796580
9,33,0.283495,0.027561,72.656709
10,33,0.283495,0.031253,72.731230
1,34,0.283495,0.040849,66.431561
2,34,0.283495,0.042691,66.367267
3,34,0.283495,0.040985,66.367267
4,34,0.283495,0.041650,66.367267
5,34,0.283495,0.042667,66.402453
6,34,0.283495,0.042483,66.693724
7,34,0.283495,0.042668,66.693724
8,34,0.283495,0.043018,66.375874
9,34,0.283495,0.042132,66.544397
10,34,0.283495,0.042132,66.546682
1,35,0.283495,0.042696,73.177302
2,35,0.283495,0.039953,73.177302
3,35,0.283495,0.042091,73.241197
4,35,0.283495,0.042091,73.177422
5,35,0.283495,0.039214,73.256475
6,35,0.283495,0.039214,73.314334
7,35,0.283495,0.039214,73.034357
8,35,0.283495,0.043642,73.175966
9,35,0.283495,0.042967,73.088688
10,35,0.283495,0.039596,73.088688
1,36,0.283495,0.034498,67.831566
2,36,0.283495,0.034498,67.831566
3,36,0.283495,0.034068,67.755780
4,36,0.283495,0.034068,67.755780
5,36,0.283495,0.034068,67.755780
6,36,0.283495,0.035924,67.857661
7,36,0.283495,0.036413,67.857661
8,36,0.283495,0.036618,68.035352
9,36,0.283495,0.036618,67.994344
10,36,0.283495,0.035236,67.636753
1,37,0.283495,0.024925,63.361639
2,37,0.283495,0.024925,63.361639
3,37,0.283495,0.025293,63.361639
4,37,0.283495,0.024334,63.354174
5,37,0.283495,0.024894,63.273155
6,37,0.283495,0.025148,63.227968
7,37,0.283495,0.024767,63.162293
8,37,0.283495,0.025767,63.704221
9,37,0.283495,0.026163,63.487348
10,37,0.283495,0.026163,63.487348
1,38,0.283495,0.068769,67.345597
2,38,0.283495,0.068169,66.543970
3,38,0.283495,0.061028,65.989298
4,38,0.283495,0.061790,66.596061
5,38,0.283495,0.064578,66.614820
6,38,0.283495,0.066692,66.626011
7,38,0.283495,0.068781,66.624267
8,38,0.283495,0.066349,66.839372
9,38,0.283495,0.067147,67.026171
10,38,0.283495,0.068794,67.108186
1,39,0.283495,0.033425,72.115147
2,39,0.283495,0.033425,72.115147
3,39,0.283495,0.033453,72.338764
4,39,0.283495,0.034958,72.276047
5,39,0.283495,0.033731,72.265810
6,39,0.283495,0.035526,72.265810
7,39,0.283495,0.035526,72.265810
8,39,0.283495,0.033765,72.145045
9,39,0.283495,0.034551,72.012462
10,39,0.283495,0.033914,72.105419
1,40,0.283495,0.066204,64.714124
2,40,0.283495,0.066204,64.714124
3,40,0.283495,0.066204,64.714124
4,40,0.283495,0.066204,64.714124
5,40,0.283495,0.066105,64.843694
6,40,0.283495,0.066105,64.843694
7,40,0.283495,0.067951,65.026180
8,40,0.283495,0.064614,64.790061
9,40,0.283495,0.065233,64.790061
10,40,0.283495,0.065233,64.790061
1,41,0.283495,0.026176,69.415977
2,41,0.283495,0.026176,69.573336
3,41,0.283495,0.026599,69.309302
4,41,0.283495,0.025203,69.343861
5,41,0.283495,0.025203,69.613855
6,41,0.283495,0.025297,69.532731
7,41,0.283495,0.026337,69.307839
8,41,0.283495,0.025831,69.509173
9,41,0.283495,0.024270,69.209548
10,41,0.283495,0.023367,69.024555
1,42,0.283495,0.091385,69.291902
2,42,0.283495,0.090826,69.302316
3,42,0.283495,0.090826,69.302316
4,42,0.283495,0.090826,69.302316
5,42,0.283495,0.091198,69.228606
6,42,0.283495,0.091198,69.228606
7,42,0.283495,0.091198,69.228606
8,42,0.283495,0.091198,69.228606
9,42,0.283495,0.092463,69.209660
10,42,0.283495,0.092463,69.404942
1,43,0.283495,0.058490,71.421954
2,43,0.283495,0.057509,71.421677
3,43,0.283495,0.057609,71.448544
4,43,0.283495,0.057609,71.307574
5,43,0.283495,0.057609,71.307574
6,43,0.283495,0.057312,71.307574
7,43,0.283495,0.057371,71.268966
8,43,0.283495,0.055962,71.268966
9,43,0.283495,0.055897,71.257495
10,43,0.283495,0.056718,71.257495
1,44,0.283495,0.039615,59.667185
2,44,0.283495,0.039615,59.673973
3,44,0.283495,0.039629,59.728015
4,44,0.283495,0.040110,59.728015
5,44,0.283495,0.040110,59.728015
6,44,0.283495,0.040110,59.728015
7,44,0.283495,0.040110,59.728015
8,44,0.283495,0.040110,59.728015
9,44,0.283495,0.040110,59.728015
10,44,0.283495,0.040113,59.578390
1,45,0.283495,0.059908,70.977406
2,45,0.283495,0.060171,71.051324
3,45,0.283495,0.060171,71.051324
4,45,0.283495,0.057180,70.933445
5,45,0.283495,0.057589,70.863430
6,45,0.283495,0.061867,71.175019
7,45,0.283495,0.061867,71.175019
8,45,0.283495,0.061872,71.191206
9,45,0.283495,0.061872,71.216768
10,45,0.283495,0.061872,70.932215
1,46,0.283495,0.043060,67.077157
2,46,0.283495,0.042441,67.332397
3,46,0.283495,0.042988,67.332397
4,46,0.283495,0.042988,67.358141
5,46,0.283495,0.043251,67.358141
6,46,0.283495,0.042240,67.214559
7,46,0.283495,0.042240,67.072766
8,46,0.283495,0.042514,67.072766
9,46,0.283495,0.042514,67.072766
10,46,0.283495,0.041538,67.072766
1,47,0.283495,0.055317,70.835500
2,47,0.283495,0.055688,70.957884
3,47,0.283495,0.055688,70.990834
4,47,0.283495,0.056746,71.038837
5,47,0.283495,0.056746,70.933712
6,47,0.283495,0.057326,70.933712
7,47,0.283495,0.057536,70.992060
8,47,0.283495,0.056151,70.931643
9,47,0.283495,0.056151,70.931643
10,47,0.283495,0.056151,70.931643
1,48,0.283495,0.026768,74.881796
2,48,0.283495,0.026045,74.672525
3,48,0.283495,0.026045,74.672525
4,48,0.283495,0.026388,74.672525
5,48,0.283495,0.026168,74.887317
6,48,0.283495,0.025222,74.476423
7,48,0.283495,0.026200,74.476423
8,48,0.283495,0.026418,74.501654
9,48,0.283495,0.025816,74.501654
10,48,0.283495,0.025816,74.500512
1,49,0.283495,0.057101,74.676812
2,49,0.283495,0.056919,74.878343
3,49,0.283495,0.056976,74.878343
4,49,0.283495,0.059132,74.713182
5,49,0.283495,0.059132,74.700757
6,49,0.283495,0.055197,74.862044
7,49,0.283495,0.052923,74.862044
8,49,0.283495,0.050082,74.862044
9,49,0.283495,0.052605,74.951396
10,49,0.283495,0.056633,74.891143
1,50,0.283495,0.064228,71.221979
2,50,0.283495,0.064228,71.151226
3,50,0.283495,0.064569,71.151226
4,50,0.283495,0.066197,71.380542
5,50,0.283495,0.066340,71.380542
6,50,0.283495,0.065225,71.380542
7,50,0.283495,0.065459,71.196323
8,50,0.283495,0.064933,71.499854
9,50,0.283495,0.064933,71.223723
10,50,0.283495,0.064933,71.223723
1,51,0.283495,0.041403,68.342999
2,51,0.283495,0.041403,68.342999
3,51,0.283495,0.041665,68.360409
4,51,0.283495,0.041277,68.266187
5,51,0.283495,0.041277,68.266187
6,51,0.283495,0.041277,68.266187
7,51,0.283495,0.041277,68.266187
8,51,0.283495,0.041277,68.266187
9,51,0.283495,0.041569,68.449655
10,51,0.283495,0.041569,68.449655
1,52,0.283495,0.055835,66.473343
2,52,0.283495,0.055835,66.499214
3,52,0.283495,0.055835,66.499214
4,52,0.283495,0.054109,66.341845
5,52,0.283495,0.054109,66.341845
6,52,0.283495,0.054109,66.341845
7,52,0.283495,0.054510,66.404486
8,52,0.283495,0.054186,66.404486
9,52,0.283495,0.055499,66.385678
10,52,0.283495,0.055585,66.421385
1,53,0.283495,0.052169,66.162974
2,53,0.283495,0.050353,66.162974
3,53,0.283495,0.050353,66.161137
4,53,0.283495,0.054353,66.647735
5,53,0.283495,0.055291,66.684427
6,53,0.283495,0.055291,66.684427
7,53,0.283495,0.058959,66.816862
8,53,0.283495,0.055497,66.641625
9,53,0.283495,0.055497,66.512383
10,53,0.283495,0.053834,66.373820
1,54,0.283495,0.034493,73.687853
2,54,0.283495,0.034493,73.687853
3,54,0.283495,0.033696,73.430242
4,54,0.283495,0.035527,73.507110
5,54,0.283495,0.034502,73.603175
6,54,0.283495,0.034468,73.508551
7,54,0.283495,0.033942,73.615037
8,54,0.283495,0.033845,73.366107
9,54,0.283495,0.033394,73.366107
10,54,0.283495,0.034702,73.258385
1,55,0.283495,0.066940,63.346676
2,55,0.283495,0.066940,63.346676
3,55,0.283495,0.068594,63.512434
4,55,0.283495,0.068594,63.512434
5,55,0.283495,0.068594,63.443364
6,55,0.283495,0.068594,63.598511
7,55,0.283495,0.070277,63.598511
8,55,0.283495,0.070390,63.598511
9,55,0.283495,0.070390,63.598511
10,55,0.283495,0.071306,63.598511
1,56,0.283495,0.061134,71.491907
2,56,0.283495,0.059940,71.220394
3,56,0.283495,0.062455,71.663736
4,56,0.283495,0.062455,71.853463
5,56,0.283495,0.062455,71.913934
6,56,0.283495,0.062455,71.913934
7,56,0.283495,0.063972,72.001835
8,56,0.283495,0.061975,71.440060
9,56,0.283495,0.061975,71.930968
10,56,0.283495,0.063087,71.623069
1,57,0.283495,0.037782,70.409707
2,57,0.283495,0.037782,70.409707
3,57,0.283495,0.037296,70.465300
4,57,0.283495,0.037296,70.540372
5,57,0.283495,0.037296,70.540372
6,57,0.283495,0.037020,70.606763
7,57,0.283495,0.037046,70.406181
8,57,0.283495,0.037441,70.406181
9,57,0.283495,0.037441,70.406181
10,57,0.283495,0.039222,70.862977
1,58,0.283495,0.020815,61.419237
2,58,0.283495,0.020989,61.419237
3,58,0.283495,0.020957,61.045218
4,58,0.283495,0.020957,61.341836
5,58,0.283495,0.021320,61.373488
6,58,0.283495,0.021109,61.845479
7,58,0.283495,0.021646,61.226456
8,58,0.283495,0.021185,61.546541
9,58,0.283495,0.021185,61.370171
10,58,0.283495,0.021018,61.668635
1,59,0.283495,0.041540,77.377468
2,59,0.283495,0.041540,77.443556
3,59,0.283495,0.041005,77.443556
4,59,0.283495,0.039911,77.447484
5,59,0.283495,0.042135,77.447484
6,59,0.283495,0.042401,77.604706
7,59,0.283495,0.042401,77.604706
8,59,0.283495,0.041635,77.604706
9,59,0.283495,0.041650,77.438620
10,59,0.283495,0.041650,77.728475
1,60,0.283495,0.072614,72.107979
2,60,0.283495,0.068485,72.107979
3,60,0.283495,0.068485,72.107979
4,60,0.283495,0.066962,72.107979
5,60,0.283495,0.066962,72.107979
6,60,0.283495,0.065884,72.130428
7,60,0.283495,0.065884,72.130428
8,60,0.283495,0.073966,71.983216
9,60,0.283495,0.075856,72.136712
10,60,0.283495,0.067736,72.123547
1,61,0.283495,0.063743,63.844401
2,61,0.283495,0.063743,63.818105
3,61,0.283495,0.063743,63.818105
4,61,0.283495,0.066796,63.843393
5,61,0.283495,0.065131,63.843393
6,61,0.283495,0.065131,63.843393
7,61,0.283495,0.065131,63.843393
8,61,0.283495,0.065131,63.870743
9,61,0.283495,0.065131,63.870743
10,61,0.283495,0.065131,63.888275
1,62,0.283495,0.080013,81.758007
2,62,0.283495,0.083725,81.758007
3,62,0.283495,0.083560,81.758007
4,62,0.283495,0.080613,81.758007
5,62,0.283495,0.080613,81.758007
6,62,0.283495,0.080613,81.758007
7,62,0.283495,0.080613,81.579141
8,62,0.283495,0.079141,81.684163
9,62,0.283495,0.079141,81.684163
10,62,0.283495,0.078771,81.684163
1,63,0.283495,0.019150,65.253198
2,63,0.283495,0.019860,65.245380
3,63,0.283495,0.019860,65.245380
4,63,0.283495,0.019860,65.479302
5,63,0.283495,0.019649,65.251938
6,63,0.283495,0.019772,65.287062
7,63,0.283495,0.019772,65.370588
8,63,0.283495,0.019772,65.370588
9,63,0.283495,0.019772,65.154363
10,63,0.283495,0.019941,65.112478
1,64,0.283495,0.036342,72.242419
2,64,0.283495,0.037766,72.332179
3,64,0.283495,0.038348,71.963367
4,64,0.283495,0.040463,72.730520
5,64,0.283495,0.040539,72.678613
6,64,0.283495,0.040539,72.732335
7,64,0.283495,0.038811,72.260617
8,64,0.283495,0.038364,72.404094
9,64,0.283495,0.038364,72.398036
10,64,0.283495,0.038045,72.379492
1,65,0.283495,0.038664,79.326665
2,65,0.283495,0.038550,79.654574
3,65,0.283495,0.038934,79.407347
4,65,0.283495,0.038934,79.407347
5,65,0.283495,0.039025,79.208375
6,65,0.283495,0.038556,79.319634
7,65,0.283495,0.039529,79.319634
8,65,0.283495,0.040714,79.655149
9,65,0.283495,0.040963,79.373402
10,65,0.283495,0.037816,79.401522
1,66,0.283495,0.064567,71.461576
2,66,0.283495,0.063343,71.038456
3,66,0.283495,0.063343,71.195356
4,66,0.283495,0.063440,71.180999
5,66,0.283495,0.065511,71.180999
6,66,0.283495,0.065511,71.338275
7,66,0.283495,0.065511,71.338275
8,66,0.283495,0.065042,71.396676
9,66,0.283495,0.068086,71.318214
10,66,0.283495,0.067274,71.382526
1,67,0.283495,0.049441,83.173434
2,67,0.283495,0.045761,84.553285
3,67,0.283495,0.043355,84.938044
4,67,0.283495,0.043277,84.416051
5,67,0.283495,0.044457,83.839256
6,67,0.283495,0.046208,84.149027
7,67,0.283495,0.045582,84.605269
8,67,0.283495,0.046413,84.039131
9,67,0.283495,0.045855,83.974143
10,67,0.283495,0.048358,84.249296
1,68,0.283495,0.022976,75.504879
2,68,0.283495,0.022630,75.504879
3,68,0.283495,0.023317,75.426070
4,68,0.283495,0.022805,75.372916
5,68,0.283495,0.022885,75.512793
6,68,0.283495,0.022720,75.074951
7,68,0.283495,0.024389,75.753525
8,68,0.283495,0.024729,75.626175
9,68,0.283495,0.024683,75.626178
10,68,0.283495,0.024117,76.051799
1,69,0.283495,0.028957,76.455973
2,69,0.283495,0.029943,76.465216
3,69,0.283495,0.028421,76.507587
4,69,0.283495,0.029295,76.723443
5,69,0.283495,0.029295,76.241494
6,69,0.283495,0.028166,76.145559
7,69,0.283495,0.027910,76.236830
8,69,0.283495,0.027910,76.236830
9,69,0.283495,0.028887,76.318864
10,69,0.283495,0.030085,76.660781
1,70,0.283495,0.021098,75.733293
2,70,0.283495,0.020728,75.787413
3,70,0.283495,0.021693,75.936109
4,70,0.283495,0.020953,75.689312
5,70,0.283495,0.022168,75.870583
6,70,0.283495,0.020922,75.497904
7,70,0.283495,0.020922,75.680626
8,70,0.283495,0.020922,75.501758
9,70,0.283495,0.021127,75.642208
10,70,0.283495,0.021127,75.642208
1,71,0.283495,0.016526,77.274902
2,71,0.283495,0.015754,77.251737
3,71,0.283495,0.015603,77.004453
4,71,0.283495,0.015456,76.912564
5,71,0.283495,0.014911,77.102257
6,71,0.283495,0.014719,76.795074
7,71,0.283495,0.015876,76.652327
8,71,0.283495,0.015355,76.668035
9,71,0.283495,0.016205,76.451439
10,71,0.283495,0.016076,76.953314
1,72,0.283495,0.018011,68.643363
2,72,0.283495,0.018168,68.648417
3,72,0.283495,0.018004,68.987442
4,72,0.283495,0.018004,68.193782
5,72,0.283495,0.017737,68.287193
6,72,0.283495,0.017855,68.655315
7,72,0.283495,0.017762,68.410360
8,72,0.283495,0.017307,68.631933
9,72,0.283495,0.017607,68.390995
10,72,0.283495,0.016994,68.135452
1,73,0.283495,0.041567,69.899804
2,73,0.283495,0.042150,69.914411
3,73,0.283495,0.038865,70.101083
4,73,0.283495,0.040584,69.989359
5,73,0.283495,0.039586,69.871987
6,73,0.283495,0.039586,70.033213
7,73,0.283495,0.040402,69.945279
8,73,0.283495,0.040402,70.059319
9,73,0.283495,0.040402,69.735103
10,73,0.283495,0.040961,69.939223
1,74,0.283495,0.045815,75.784808
2,74,0.283495,0.047282,75.885654
3,74,0.283495,0.046219,75.885654
4,74,0.283495,0.045524,75.997070
5,74,0.283495,0.048558,75.768039
6,74,0.283495,0.048241,75.780571
7,74,0.283495,0.048241,75.780571
8,74,0.283495,0.048241,75.961745
9,74,0.283495,0.048241,75.961745
10,74,0.283495,0.048241,75.961745
1,75,0.283495,0.018109,71.342771
2,75,0.283495,0.018461,71.463235
3,75,0.283495,0.018492,71.244695
4,75,0.283495,0.018342,71.761292
5,75,0.283495,0.018938,71.819242
6,75,0.283495,0.018758,71.395165
7,75,0.283495,0.018255,71.395165
8,75,0.283495,0.019422,71.654208
9,75,0.283495,0.019108,71.707342
10,75,0.283495,0.019284,71.306659
1,76,0.283495,0.038109,73.918852
2,76,0.283495,0.039514,73.826817
3,76,0.283495,0.039274,73.929987
4,76,0.283495,0.038193,73.935787
5,76,0.283495,0.036862,74.072633
6,76,0.283495,0.038858,73.980226
7,76,0.283495,0.038041,74.502291
8,76,0.283495,0.037277,73.898792
9,76,0.283495,0.039224,73.913763
10,76,0.283495,0.040191,73.661063
1,77,0.283495,0.046697,62.764504
2,77,0.283495,0.046697,62.764504
3,77,0.283495,0.047700,62.764504
4,77,0.283495,0.047344,62.500533
5,77,0.283495,0.049323,62.601621
6,77,0.283495,0.049420,62.606966
7,77,0.283495,0.045287,62.606966
8,77,0.283495,0.047172,62.596352
9,77,0.283495,0.046377,62.641481
10,77,0.283495,0.046377,62.641481
1,78,0.283495,0.068295,75.712252
2,78,0.283495,0.069629,75.662780
3,78,0.283495,0.069629,75.662780
4,78,0.283495,0.069803,75.601102
5,78,0.283495,0.067849,75.908228
6,78,0.283495,0.067849,75.865196
7,78,0.283495,0.067849,75.865196
8,78,0.283495,0.067755,75.525514
9,78,0.283495,0.067755,75.525514
10,78,0.283495,0.063719,75.525514
1,79,0.283495,0.023738,68.131264
2,79,0.283495,0.023738,68.257234
3,79,0.283495,0.023238,68.036277
4,79,0.283495,0.023753,68.036277
5,79,0.283495,0.024863,68.338945
6,79,0.283495,0.024863,68.389897
7,79,0.283495,0.024231,68.052831
8,79,0.283495,0.024231,68.052831
9,79,0.283495,0.024231,67.981840
10,79,0.283495,0.023300,67.809115
1,80,0.283495,0.050816,84.595782
2,80,0.283495,0.062531,84.791657
3,80,0.283495,0.060188,84.283289
4,80,0.283495,0.064092,83.216277
5,80,0.283495,0.066141,83.325592
6,80,0.283495,0.055017,84.205449
7,80,0.283495,0.058833,85.726981
8,80,0.283495,0.056523,83.487252
9,80,0.283495,0.057834,84.301127
10,80,0.283495,0.048571,85.435589
1,81,0.283495,0.024527,63.578440
2,81,0.283495,0.023265,63.202685
3,81,0.283495,0.023617,63.394667
4,81,0.283495,0.023075,63.394667
5,81,0.283495,0.024338,63.493503
6,81,0.283495,0.024338,63.493503
7,81,0.283495,0.023493,63.285364
8,81,0.283495,0.023493,63.351613
9,81,0.283495,0.023493,63.351613
10,81,0.283495,0.023493,63.312478
1,82,0.283495,0.029532,71.593901
2,82,0.283495,0.029222,71.736961
3,82,0.283495,0.029222,71.796740
4,82,0.283495,0.029269,71.635343
5,82,0.283495,0.028785,71.659810
6,82,0.283495,0.029271,71.659810
7,82,0.283495,0.028902,71.435204
8,82,0.283495,0.028902,71.435204
9,82,0.283495,0.028678,71.366712
10,82,0.283495,0.027338,71.366712
1,83,0.283495,0.025445,71.944713
2,83,0.283495,0.025553,71.551316
3,83,0.283495,0.023156,71.565404
4,83,0.283495,0.024216,71.630498
5,83,0.283495,0.023752,71.483671
6,83,0.283495,0.030413,70.986459
7,83,0.283495,0.030413,70.986459
8,83,0.283495,0.030419,71.088440
9,83,0.283495,0.030460,70.338403
10,83,0.283495,0.029669,70.539595
1,84,0.283495,0.022806,63.768638
2,84,0.283495,0.022806,63.768638
3,84,0.283495,0.022806,63.805271
4,84,0.283495,0.023971,63.897006
5,84,0.283495,0.023177,63.781144
6,84,0.283495,0.023177,63.848643
7,84,0.283495,0.023318,63.930057
8,84,0.283495,0.023519,64.323695
9,84,0.283495,0.023602,64.323695
10,84,0.283495,0.023278,63.860101
1,85,0.283495,0.012107,71.455006
2,85,0.283495,0.013967,71.245990
3,85,0.283495,0.014304,71.244659
4,85,0.283495,0.015842,71.633784
5,85,0.283495,0.013227,71.877964
6,85,0.283495,0.011301,71.213601
7,85,0.283495,0.011817,71.249898
8,85,0.283495,0.009997,71.354097
9,85,0.283495,0.012538,71.636593
10,85,0.283495,0.012262,71.013015
1,86,0.283495,0.048251,74.680375
2,86,0.283495,0.047804,74.590311
3,86,0.283495,0.048304,74.590311
4,86,0.283495,0.048304,74.555110
5,86,0.283495,0.048304,74.778765
6,86,0.283495,0.048304,74.441418
7,86,0.283495,0.048080,74.570024
8,86,0.283495,0.047974,74.588671
9,86,0.283495,0.047974,74.588671
10,86,0.283495,0.047974,74.588671
1,87,0.283495,0.064588,63.059183
2,87,0.283495,0.066983,63.059183
3,87,0.283495,0.065239,63.234675
4,87,0.283495,0.068231,63.187519
5,87,0.283495,0.063642,63.187519
6,87,0.283495,0.068518,63.359876
7,87,0.283495,0.067079,63.125748
8,87,0.283495,0.066519,63.109779
9,87,0.283495,0.065398,63.229478
10,87,0.283495,0.065245,63.229478
1,88,0.283495,0.034439,69.898257
2,88,0.283495,0.033618,69.837176
3,88,0.283495,0.033434,69.697406
4,88,0.283495,0.033863,69.480019
5,88,0.283495,0.033121,69.889752
6,88,0.283495,0.033052,69.775553
7,88,0.283495,0.033052,69.783963
8,88,0.283495,0.034063,70.020513
9,88,0.283495,0.035285,69.991470
10,88,0.283495,0.035960,70.355744
1,89,0.283495,0.033389,58.026189
2,89,0.283495,0.033176,57.922023
3,89,0.283495,0.033176,57.922023
4,89,0.283495,0.036127,58.430175
5,89,0.283495,0.036127,58.336209
6,89,0.283495,0.036127,58.381037
7,89,0.283495,0.034912,58.366346
8,89,0.283495,0.034912,58.366346
9,89,0.283495,0.035968,58.425378
10,89,0.283495,0.035968,58.334036
1,90,0.283495,0.053119,78.158133
2,90,0.283495,0.053119,78.158133
3,90,0.283495,0.051674,78.202131
4,90,0.283495,0.054593,78.119965
5,90,0.283495,0.053187,78.071963
6,90,0.283495,0.053187,78.277879
7,90,0.283495,0.053874,78.313395
8,90,0.283495,0.052273,78.128903
9,90,0.283495,0.052273,78.128903
10,90,0.283495,0.056458,77.977338
1,91,0.283495,0.036318,78.118450
2,91,0.283495,0.041141,77.921987
3,91,0.283495,0.035529,78.307739
4,91,0.283495,0.039310,77.924689
5,91,0.283495,0.038131,78.128881
6,91,0.283495,0.039844,77.430114
7,91,0.283495,0.038158,77.551026
8,91,0.283495,0.039887,77.738786
9,91,0.283495,0.039887,77.312222
10,91,0.283495,0.040807,77.342052
1,92,0.283495,0.022908,62.748189
2,92,0.283495,0.022908,62.748189
3,92,0.283495,0.022908,62.748189
4,92,0.283495,0.022554,62.746945
5,92,0.283495,0.022113,62.718741
6,92,0.283495,0.022113,62.710675
7,92,0.283495,0.023122,62.973952
8,92,0.283495,0.023122,62.973952
9,92,0.283495,0.023122,62.765044
10,92,0.283495,0.022553,62.765044
1,93,0.283495,0.031892,61.129421
2,93,0.283495,0.031342,61.168491
3,93,0.283495,0.030533,60.718080
4,93,0.283495,0.030963,61.102821
5,93,0.283495,0.031201,61.253931
6,93,0.283495,0.031590,61.356654
7,93,0.283495,0.031590,61.198349
8,93,0.283495,0.032535,61.526101
9,93,0.283495,0.033784,61.816771
10,93,0.283495,0.032734,61.394122
1,94,0.283495,0.037785,79.313384
2,94,0.283495,0.039569,79.592138
3,94,0.283495,0.037737,79.406179
4,94,0.283495,0.037737,79.407116
5,94,0.283495,0.036689,79.311202
6,94,0.283495,0.035859,79.311202
7,94,0.283495,0.037753,79.311202
8,94,0.283495,0.038703,79.476702
9,94,0.283495,0.038703,79.476702
10,94,0.283495,0.038703,79.476702
1,95,0.283495,0.032673,64.419545
2,95,0.283495,0.032968,64.424085
3,95,0.283495,0.032968,64.424085
4,95,0.283495,0.032968,64.424085
5,95,0.283495,0.032968,64.481348
6,95,0.283495,0.033029,64.481348
7,95,0.283495,0.033029,64.481348
8,95,0.283495,0.033029,64.481348
9,95,0.283495,0.033029,64.432986
10,95,0.283495,0.033516,64.689370
1,96,0.283495,0.045400,67.090276
2,96,0.283495,0.043265,66.677208
3,96,0.283495,0.043893,67.017944
4,96,0.283495,0.043893,67.017944
5,96,0.283495,0.045857,67.029083
6,96,0.283495,0.045857,67.070975
7,96,0.283495,0.045857,67.070975
8,96,0.283495,0.042871,66.393816
9,96,0.283495,0.043535,66.828373
10,96,0.283495,0.044429,66.991527
1,97,0.283495,0.038374,71.923877
2,97,0.283495,0.036211,71.529295
3,97,0.283495,0.035594,71.529295
4,97,0.283495,0.035594,71.709036
5,97,0.283495,0.036134,71.709036
6,97,0.283495,0.036559,71.709036
7,97,0.283495,0.036559,71.695166
8,97,0.283495,0.037634,71.695166
9,97,0.283495,0.037634,72.062522
10,97,0.283495,0.037634,71.887483
1,98,0.283495,0.055910,62.897167
2,98,0.283495,0.055910,62.897167
3,98,0.283495,0.055910,62.897167
4,98,0.283495,0.055910,62.791865
5,98,0.283495,0.055910,62.791865
6,98,0.283495,0.055910,62.924770
7,98,0.283495,0.055910,62.924770
8,98,0.283495,0.055775,62.924770
9,98,0.283495,0.055775,62.924770
10,98,0.283495,0.055775,62.924770
1,99,0.283495,0.032327,77.133201
2,99,0.283495,0.032327,77.453682
3,99,0.283495,0.031499,77.342335
4,99,0.283495,0.031499,77.342335
5,99,0.283495,0.031175,77.085821
6,99,0.283495,0.031579,77.060746
7,99,0.283495,0.031332,77.505624
8,99,0.283495,0.030687,77.759581
9,99,0.283495,0.031094,77.445598
10,99,0.283495,0.033352,76.969834
1,100,0.283495,0.052095,67.849055
2,100,0.283495,0.052834,67.866746
3,100,0.283495,0.052278,67.866746
4,100,0.283495,0.052278,67.866746
5,100,0.283495,0.052647,67.927782
6,100,0.283495,0.052179,68.038375
7,100,0.283495,0.051525,68.102521
8,100,0.283495,0.050895,67.919933
9,100,0.283495,0.054929,68.239999
10,100,0.283495,0.054929,68.032255
1,101,0.283495,0.067353,67.173117
2,101,0.283495,0.070627,67.289135
3,101,0.283495,0.069687,67.266737
4,101,0.283495,0.070126,67.266737
5,101,0.283495,0.070126,67.309762
6,101,0.283495,0.068207,67.158728
7,101,0.283495,0.068207,67.174529
8,101,0.283495,0.070951,67.380315
9,101,0.283495,0.068565,67.380315
10,101,0.283495,0.070337,67.222801
1,102,0.283495,0.040543,74.744181
2,102,0.283495,0.041013,74.839508
3,102,0.283495,0.043891,74.209310
4,102,0.283495,0.027883,78.296975
5,102,0.283495,0.033544,76.602989
6,102,0.283495,0.033544,76.867600
7,102,0.283495,0.032272,77.435832
8,102,0.283495,0.031759,78.050608
9,102,0.283495,0.027778,78.483941
10,102,0.283495,0.028064,78.674213
1,103,0.283495,0.043332,80.972544
2,103,0.283495,0.043438,81.045006
3,103,0.283495,0.044192,80.981148
4,103,0.283495,0.045457,80.618587
5,103,0.283495,0.050074,80.262391
6,103,0.283495,0.050707,80.262391
7,103,0.283495,0.054987,80.037501
8,103,0.283495,0.047331,80.402560
9,103,0.283495,0.048922,80.113655
10,103,0.283495,0.052842,79.821442
1,104,0.283495,0.055859,66.001133
2,104,0.283495,0.055859,66.001133
3,104,0.283495,0.055846,65.947518
4,104,0.283495,0.055846,65.947518
5,104,0.283495,0.054568,66.033029
6,104,0.283495,0.057490,66.089327
7,104,0.283495,0.056165,66.089327
8,104,0.283495,0.057027,66.161123
9,104,0.283495,0.058465,66.219384
10,104,0.283495,0.057505,66.121191
1,105,0.283495,0.036787,81.907389
2,105,0.283495,0.033547,82.354075
3,105,0.283495,0.032835,82.354075
4,105,0.283495,0.031448,82.124856
5,105,0.283495,0.031448,82.318290
6,105,0.283495,0.031532,82.134203
7,105,0.283495,0.034402,81.538244
8,105,0.283495,0.036953,81.521764
9,105,0.283495,0.035745,81.389896
10,105,0.283495,0.036092,82.017296
1,106,0.283495,0.114242,73.096120
2,106,0.283495,0.114242,73.096120
3,106,0.283495,0.116049,73.077374
4,106,0.283495,0.116049,73.077374
5,106,0.283495,0.122979,73.077374
6,106,0.283495,0.122979,73.077374
7,106,0.283495,0.119497,73.077374
8,106,0.283495,0.118003,73.125166
9,106,0.283495,0.117530,73.125166
10,106,0.283495,0.126562,73.125166
1,107,0.283495,0.019659,59.359024
2,107,0.283495,0.019659,59.331794
3,107,0.283495,0.018946,59.021613
4,107,0.283495,0.018371,58.187614
5,107,0.283495,0.018371,58.187614
6,107,0.283495,0.018159,58.271781
7,107,0.283495,0.018159,58.409093
8,107,0.283495,0.018597,58.114433
9,107,0.283495,0.017417,57.938465
10,107,0.283495,0.017417,58.141204
1,108,0.283495,0.074215,68.362605
2,108,0.283495,0.069949,68.001943
3,108,0.283495,0.068287,68.001943
4,108,0.283495,0.075119,68.289461
5,108,0.283495,0.080668,67.903827
6,108,0.283495,0.074621,68.028132
7,108,0.283495,0.076691,68.028132
8,108,0.283495,0.072609,68.028132
9,108,0.283495,0.069583,68.211673
10,108,0.283495,0.072576,68.063397
1,109,0.283495,0.053027,66.964362
2,109,0.283495,0.053027,66.847400
3,109,0.283495,0.054264,66.811523
4,109,0.283495,0.052539,66.854915
5,109,0.283495,0.053269,66.854915
6,109,0.283495,0.054994,66.972594
7,109,0.283495,0.054608,66.985477
8,109,0.283495,0.052469,66.907687
9,109,0.283495,0.052469,66.907687
10,109,0.283495,0.055589,66.876416
1,110,0.283495,0.017285,63.327756
2,110,0.283495,0.017253,63.272797
3,110,0.283495,0.017253,63.026953
4,110,0.283495,0.017966,63.026953
5,110,0.283495,0.017619,63.017288
6,110,0.283495,0.016102,62.507591
7,110,0.283495,0.016102,62.453084
8,110,0.283495,0.015584,61.842347
9,110,0.283495,0.016113,62.421274
10,110,0.283495,0.017048,63.069394
1,111,0.283495,0.050238,56.700747
2,111,0.283495,0.049447,56.640984
3,111,0.283495,0.049447,56.640984
4,111,0.283495,0.047996,56.567151
5,111,0.283495,0.046984,56.592890
6,111,0.283495,0.047653,56.525759
7,111,0.283495,0.047653,56.543668
8,111,0.283495,0.042633,56.309464
9,111,0.283495,0.042633,56.245048
10,111,0.283495,0.042633,56.245048
1,112,0.283495,0.021963,68.348815
2,112,0.283495,0.021848,68.172393
3,112,0.283495,0.020406,68.172393
4,112,0.283495,0.021371,68.289839
5,112,0.283495,0.023796,68.619725
6,112,0.283495,0.023002,68.140657
7,112,0.283495,0.023533,68.469998
8,112,0.283495,0.023533,68.469998
9,112,0.283495,0.022415,68.469998
10,112,0.283495,0.022144,68.469998
1,113,0.283495,0.050619,69.015079
2,113,0.283495,0.050518,68.651973
3,113,0.283495,0.050518,68.786199
4,113,0.283495,0.050518,68.786199
5,113,0.283495,0.050518,68.786199
6,113,0.283495,0.050518,68.783262
7,113,0.283495,0.050518,68.783262
8,113,0.283495,0.049585,68.783262
9,113,0.283495,0.049585,68.783407
10,113,0.283495,0.048595,68.690860
1,114,0.283495,0.014135,65.933649
2,114,0.283495,0.014670,65.933649
3,114,0.283495,0.014670,65.861903
4,114,0.283495,0.015447,66.616838
5,114,0.283495,0.015453,65.859220
6,114,0.283495,0.015601,66.205208
7,114,0.283495,0.015283,66.201738
8,114,0.283495,0.015912,66.360669
9,114,0.283495,0.015103,66.200103
10,114,0.283495,0.015041,66.273362
1,115,0.283495,0.030760,69.994252
2,115,0.283495,0.031643,70.398619
3,115,0.283495,0.031017,69.738858
4,115,0.283495,0.030507,69.738858
5,115,0.283495,0.031753,69.959926
6,115,0.283495,0.031753,69.846764
7,115,0.283495,0.031143,69.846764
8,115,0.283495,0.031143,69.846764
9,115,0.283495,0.032648,70.034881
10,115,0.283495,0.033239,70.522581
1,116,0.283495,0.046208,62.817514
2,116,0.283495,0.046208,62.831725
3,116,0.283495,0.046208,62.831725
4,116,0.283495,0.046208,62.831725
5,116,0.283495,0.046208,63.014096
6,116,0.283495,0.046208,62.725197
7,116,0.283495,0.046208,62.725197
8,116,0.283495,0.044895,62.725197
9,116,0.283495,0.045199,62.775387
10,116,0.283495,0.044463,62.750033
1,117,0.283495,0.040681,79.932769
2,117,0.283495,0.042336,80.347341
3,117,0.283495,0.041356,79.903505
4,117,0.283495,0.037735,79.783699
5,117,0.283495,0.041543,79.824276
6,117,0.283495,0.040063,80.280194
7,117,0.283495,0.042289,80.055531
8,117,0.283495,0.040172,80.543429
9,117,0.283495,0.044116,80.461455
10,117,0.283495,0.042750,79.882096
1,118,0.283495,0.015178,84.103920
2,118,0.283495,0.015409,84.303965
3,118,0.283495,0.016217,83.608468
4,118,0.283495,0.016142,83.993653
5,118,0.283495,0.015584,83.684036
6,118,0.283495,0.015100,84.282925
7,118,0.283495,0.014772,84.198691
8,118,0.283495,0.014850,84.056844
9,118,0.283495,0.016433,82.909522
10,118,0.283495,0.016045,84.441134
1,119,0.283495,0.107993,64.112372
2,119,0.283495,0.107993,64.112372
3,119,0.283495,0.107993,64.120915
4,119,0.283495,0.109197,64.110222
5,119,0.283495,0.109197,64.110222
6,119,0.283495,0.109197,64.110222
7,119,0.283495,0.108144,64.110222
8,119,0.283495,0.108144,64.110222
9,119,0.283495,0.108144,64.110222
10,119,0.283495,0.108144,64.110222
1,120,0.283495,0.074464,82.737807
2,120,0.283495,0.069931,82.923911
3,120,0.283495,0.074225,83.412822
4,120,0.283495,0.075309,82.515252
5,120,0.283495,0.075165,81.966219
6,120,0.283495,0.070770,82.999163
7,120,0.283495,0.069476,82.784214
8,120,0.283495,0.071323,83.267600
9,120,0.283495,0.061741,83.272107
10,120,0.283495,0.063074,83.063354
1,121,0.283495,0.036807,67.364665
2,121,0.283495,0.035190,66.824750
3,121,0.283495,0.033019,67.081348
4,121,0.283495,0.035689,67.075020
5,121,0.283495,0.036503,67.264863
6,121,0.283495,0.037406,67.204168
7,121,0.283495,0.037406,67.305349
8,121,0.283495,0.036191,67.440252
9,121,0.283495,0.036191,67.440252
10,121,0.283495,0.034995,67.440252
1,122,0.283495,0.030720,83.930250
2,122,0.283495,0.031201,83.779061
3,122,0.283495,0.031201,83.779061
4,122,0.283495,0.032456,83.817854
5,122,0.283495,0.031679,83.620439
6,122,0.283495,0.032263,83.718025
7,122,0.283495,0.031117,83.718025
8,122,0.283495,0.031779,83.352036
9,122,0.283495,0.032901,83.691366
10,122,0.283495,0.031706,83.642826
1,123,0.283495,0.040695,86.229605
2,123,0.283495,0.041055,86.042883
3,123,0.283495,0.037777,86.044265
4,123,0.283495,0.035349,86.133697
5,123,0.283495,0.036387,85.898880
6,123,0.283495,0.037825,86.385028
7,123,0.283495,0.040637,85.969488
8,123,0.283495,0.035371,86.140541
9,123,0.283495,0.037395,85.936914
10,123,0.283495,0.029913,86.124314
1,124,0.283495,0.032152,79.692332
2,124,0.283495,0.036030,79.692332
3,124,0.283495,0.034074,79.716628
4,124,0.283495,0.035049,79.974402
5,124,0.283495,0.035681,79.946680
6,124,0.283495,0.037076,79.946680
7,124,0.283495,0.033032,79.698047
8,124,0.283495,0.039664,79.937981
9,124,0.283495,0.036729,79.830749
10,124,0.283495,0.034765,79.643998
1,125,0.283495,0.042056,74.540453
2,125,0.283495,0.041492,74.540453
3,125,0.283495,0.040412,74.563777
4,125,0.283495,0.039341,74.460911
5,125,0.283495,0.040897,74.168519
6,125,0.283495,0.041036,74.461304
7,125,0.283495,0.041030,74.461304
8,125,0.283495,0.041809,74.750574
9,125,0.283495,0.041809,74.750574
10,125,0.283495,0.042054,74.637490
1,126,0.283495,0.017415,72.602972
2,126,0.283495,0.018270,72.295934
3,126,0.283495,0.017319,72.408541
4,126,0.283495,0.017435,72.113084
5,126,0.283495,0.017234,72.321340
6,126,0.283495,0.017001,72.198483
7,126,0.283495,0.017878,72.024143
8,126,0.283495,0.017984,71.935162
9,126,0.283495,0.017984,72.235582
10,126,0.283495,0.017383,72.153522
1,127,0.283495,0.025134,79.168832
2,127,0.283495,0.023948,79.349145
3,127,0.283495,0.023742,79.159901
4,127,0.283495,0.022959,78.826263
5,127,0.283495,0.021381,79.467594
6,127,0.283495,0.023485,79.462316
7,127,0.283495,0.023183,79.293845
8,127,0.283495,0.023000,79.338173
9,127,0.283495,0.023600,79.276244
10,127,0.283495,0.023758,79.056507
1,128,0.283495,0.009683,82.546464
2,128,0.283495,0.009716,83.076718
3,128,0.283495,0.009450,81.657031
4,128,0.283495,0.009299,82.593859
5,128,0.283495,0.009465,83.244040
6,128,0.283495,0.010093,83.445974
7,128,0.283495,0.008754,82.758803
8,128,0.283495,0.008950,82.985298
9,128,0.283495,0.008304,83.691003
10,128,0.283495,0.009608,83.289660
1,129,0.283495,0.052638,83.499552
2,129,0.283495,0.049656,83.534859
3,129,0.283495,0.049397,83.684761
4,129,0.283495,0.056057,83.472203
5,129,0.283495,0.054129,83.326903
6,129,0.283495,0.051338,83.326903
7,129,0.283495,0.051338,83.741502
8,129,0.283495,0.054060,83.741502
9,129,0.283495,0.046514,83.597834
10,129,0.283495,0.050021,83.455752
1,130,0.283495,0.018897,82.654754
2,130,0.283495,0.017932,83.071110
3,130,0.283495,0.017932,83.810922
4,130,0.283495,0.018815,82.870779
5,130,0.283495,0.019431,83.568115
6,130,0.283495,0.019850,83.288506
7,130,0.283495,0.017660,84.024726
8,130,0.283495,0.018174,82.968316
9,130,0.283495,0.017718,83.673352
10,130,0.283495,0.018372,83.398299
1,131,0.283495,0.054684,61.892534
2,131,0.283495,0.054684,61.892534
3,131,0.283495,0.052526,61.892534
4,131,0.283495,0.052526,61.897647
5,131,0.283495,0.052526,61.708477
6,131,0.283495,0.052526,61.708477
7,131,0.283495,0.052526,61.708477
8,131,0.283495,0.052526,61.708477
9,131,0.283495,0.052526,61.708477
10,131,0.283495,0.052526,61.708477
1,132,0.283495,0.021866,68.752459
2,132,0.283495,0.022073,68.752459
3,132,0.283495,0.022342,68.548610
4,132,0.283495,0.022373,68.375019
5,132,0.283495,0.020341,68.523046
6,132,0.283495,0.021693,68.644966
7,132,0.283495,0.021798,68.629815
8,132,0.283495,0.021507,68.758937
9,132,0.283495,0.021392,68.905741
10,132,0.283495,0.021392,68.316299
1,133,0.283495,0.046466,71.133144
2,133,0.283495,0.047232,71.270896
3,133,0.283495,0.046660,70.846585
4,133,0.283495,0.046660,70.846585
5,133,0.283495,0.046660,71.008199
6,133,0.283495,0.046333,71.159765
7,133,0.283495,0.046377,71.159765
8,133,0.283495,0.046377,71.159765
9,133,0.283495,0.048686,71.111214
10,133,0.283495,0.045382,70.831174
1,134,0.283495,0.050013,75.864590
2,134,0.283495,0.052654,75.864590
3,134,0.283495,0.052654,75.627650
4,134,0.283495,0.052384,75.828697
5,134,0.283495,0.053183,75.871353
6,134,0.283495,0.055394,76.107244
7,134,0.283495,0.057305,75.514073
8,134,0.283495,0.057305,75.243441
9,134,0.283495,0.057252,75.243441
10,134,0.283495,0.057864,75.243441
1,135,0.283495,0.017361,75.977363
2,135,0.283495,0.016122,76.440204
3,135,0.283495,0.015799,76.440204
4,135,0.283495,0.015403,76.285336
5,135,0.283495,0.015955,76.262814
6,135,0.283495,0.016355,75.955215
7,135,0.283495,0.016767,75.794353
8,135,0.283495,0.016241,75.756930
9,135,0.283495,0.017074,75.737214
10,135,0.283495,0.016102,75.843135
1,136,0.283495,0.140606,69.103120
2,136,0.283495,0.135565,69.103120
3,136,0.283495,0.134466,69.101801
4,136,0.283495,0.134466,69.101801
5,136,0.283495,0.133247,69.101801
6,136,0.283495,0.132034,69.179168
7,136,0.283495,0.132034,69.179168
8,136,0.283495,0.119774,69.160784
9,136,0.283495,0.122947,69.160784
10,136,0.283495,0.137023,69.160784
1,137,0.283495,0.035915,75.126972
2,137,0.283495,0.037343,75.126972
3,137,0.283495,0.039602,74.786766
4,137,0.283495,0.035834,74.921045
5,137,0.283495,0.036335,74.870917
6,137,0.283495,0.037936,74.831510
7,137,0.283495,0.038758,75.117599
8,137,0.283495,0.038283,74.969192
9,137,0.283495,0.038483,74.969192
10,137,0.283495,0.038836,75.012613
1,138,0.283495,0.152756,66.230300
2,138,0.283495,0.146477,66.230300
3,138,0.283495,0.152205,66.230300
4,138,0.283495,0.158780,66.230300
5,138,0.283495,0.149360,66.230300
6,138,0.283495,0.149766,66.230300
7,138,0.283495,0.145718,66.230300
8,138,0.283495,0.154243,66.230300
9,138,0.283495,0.142884,66.230300
10,138,0.283495,0.142884,66.230300
1,139,0.283495,0.024265,55.000677
2,139,0.283495,0.024265,54.900599
3,139,0.283495,0.024387,54.715658
4,139,0.283495,0.023593,54.706255
5,139,0.283495,0.023984,54.787974
6,139,0.283495,0.023349,54.787974
7,139,0.283495,0.024014,54.803408
8,139,0.283495,0.024014,54.709677
9,139,0.283495,0.024014,54.865885
10,139,0.283495,0.024014,55.013535
1,140,0.283495,0.016014,79.798492
2,140,0.283495,0.015860,79.662478
3,140,0.283495,0.015875,80.336616
4,140,0.283495,0.015740,80.108371
5,140,0.283495,0.015502,80.410528
6,140,0.283495,0.016440,79.828120
7,140,0.283495,0.015409,79.854017
8,140,0.283495,0.016199,79.600716
9,140,0.283495,0.016199,79.748351
10,140,0.283495,0.016328,80.052794
1,141,0.283495,0.027010,70.484634
2,141,0.283495,0.027010,70.692599
3,141,0.283495,0.026522,70.113302
4,141,0.283495,0.027131,70.752313
5,141,0.283495,0.027546,70.802958
6,141,0.283495,0.027546,70.646696
7,141,0.283495,0.028118,70.663312
8,141,0.283495,0.027592,70.445374
9,141,0.283495,0.027592,70.445374
10,141,0.283495,0.026546,70.361431
1,142,0.283495,0.039929,57.991474
2,142,0.283495,0.039496,57.832715
3,142,0.283495,0.039496,57.832715
4,142,0.283495,0.039724,57.872035
5,142,0.283495,0.039052,57.831727
6,142,0.283495,0.041088,57.831727
7,142,0.283495,0.041088,58.148509
8,142,0.283495,0.042109,58.148509
9,142,0.283495,0.040969,58.148509
10,142,0.283495,0.042514,58.355897
1,143,0.283495,0.042466,75.117217
2,143,0.283495,0.042240,75.115248
3,143,0.283495,0.042235,75.108077
4,143,0.283495,0.045760,74.858050
5,143,0.283495,0.045760,74.858050
6,143,0.283495,0.045760,74.858050
7,143,0.283495,0.043633,75.235879
8,143,0.283495,0.046141,74.733730
9,143,0.283495,0.046141,74.909249
10,143,0.283495,0.042764,74.912107
1,144,0.283495,0.025097,65.205396
2,144,0.283495,0.025097,65.323103
3,144,0.283495,0.025097,65.393551
4,144,0.283495,0.025083,65.242436
5,144,0.283495,0.025083,65.452795
6,144,0.283495,0.025014,65.291662
7,144,0.283495,0.024773,65.151664
8,144,0.283495,0.024773,65.258126
9,144,0.283495,0.025010,65.343821
10,144,0.283495,0.025010,65.096859
1,145,0.283495,0.056064,81.054484
2,145,0.283495,0.045068,81.553570
3,145,0.283495,0.056031,81.731595
4,145,0.283495,0.044656,81.380172
5,145,0.283495,0.046639,80.948287
6,145,0.283495,0.049708,80.959402
7,145,0.283495,0.047508,80.606057
8,145,0.283495,0.051818,80.188809
9,145,0.283495,0.051967,80.199516
10,145,0.283495,0.068497,80.200679
1,146,0.283495,0.043988,67.618010
2,146,0.283495,0.044372,68.036603
3,146,0.283495,0.044372,67.708415
4,146,0.283495,0.044113,67.637262
5,146,0.283495,0.043691,67.637262
6,146,0.283495,0.043691,67.637262
7,146,0.283495,0.043691,67.637262
8,146,0.283495,0.043691,67.637262
9,146,0.283495,0.043609,67.874216
10,146,0.283495,0.042346,67.509743
1,147,0.283495,0.062442,58.281900
2,147,0.283495,0.059791,58.281900
3,147,0.283495,0.059791,58.281900
4,147,0.283495,0.059791,58.222106
5,147,0.283495,0.061787,58.222106
6,147,0.283495,0.061133,58.206527
7,147,0.283495,0.061133,58.214650
8,147,0.283495,0.061311,58.271476
9,147,0.283495,0.059363,58.271476
10,147,0.283495,0.061647,58.271743
1,148,0.283495,0.032879,68.118229
2,148,0.283495,0.032879,68.118229
3,148,0.283495,0.033036,68.247041
4,148,0.283495,0.032708,68.008725
5,148,0.283495,0.032708,68.008725
6,148,0.283495,0.032657,68.008725
7,148,0.283495,0.033877,68.439214
8,148,0.283495,0.033816,68.403416
9,148,0.283495,0.033816,68.471715
10,148,0.283495,0.033816,68.471715
1,149,0.283495,0.038615,72.357728
2,149,0.283495,0.038615,72.357728
3,149,0.283495,0.039049,72.357728
4,149,0.283495,0.039049,72.469975
5,149,0.283495,0.038095,72.491218
6,149,0.283495,0.037214,72.491218
7,149,0.283495,0.037214,72.407259
8,149,0.283495,0.037214,72.407259
9,149,0.283495,0.037214,72.407259
10,149,0.283495,0.036852,72.366975
1,150,0.283495,0.033404,72.807154
2,150,0.283495,0.034789,72.587310
3,150,0.283495,0.035219,72.587310
4,150,0.283495,0.035219,72.587310
5,150,0.283495,0.035584,72.538299
6,150,0.283495,0.035553,72.680003
7,150,0.283495,0.036148,72.680003
8,150,0.283495,0.036162,72.705058
9,150,0.283495,0.034031,72.978135
10,150,0.283495,0.034031,72.810929
1,151,0.283495,0.013295,81.940633
2,151,0.283495,0.012696,82.486345
3,151,0.283495,0.012363,82.215875
4,151,0.283495,0.012423,82.455728
5,151,0.283495,0.012385,82.036369
6,151,0.283495,0.011497,83.409117
7,151,0.283495,0.011401,83.188508
8,151,0.283495,0.011354,82.523292
9,151,0.283495,0.012683,81.888902
10,151,0.283495,0.013443,82.036948
1,152,0.283495,0.027765,71.127464
2,152,0.283495,0.026696,70.472558
3,152,0.283495,0.026696,70.619604
4,152,0.283495,0.026743,70.600899
5,152,0.283495,0.026743,70.421548
6,152,0.283495,0.026743,70.670408
7,152,0.283495,0.026743,70.418573
8,152,0.283495,0.026743,70.335994
9,152,0.283495,0.025860,70.202589
10,152,0.283495,0.025860,70.202589
1,153,0.283495,0.036047,75.034892
2,153,0.283495,0.036578,75.060071
3,153,0.283495,0.038404,75.060071
4,153,0.283495,0.037642,75.034084
5,153,0.283495,0.037642,75.034084
6,153,0.283495,0.037642,75.034084
7,153,0.283495,0.036870,75.034084
8,153,0.283495,0.036870,74.887844
9,153,0.283495,0.037043,74.933130
10,153,0.283495,0.037043,74.933130
1,154,0.283495,0.070013,81.388519
2,154,0.283495,0.077186,81.117826
3,154,0.283495,0.074643,81.840612
4,154,0.283495,0.070234,81.840612
5,154,0.283495,0.072440,81.303748
6,154,0.283495,0.076622,81.106737
7,154,0.283495,0.081914,81.051898
8,154,0.283495,0.086370,81.711483
9,154,0.283495,0.078177,80.932680
10,154,0.283495,0.087132,80.773923
1,155,0.283495,0.020092,74.603042
2,155,0.283495,0.022086,74.440723
3,155,0.283495,0.021625,74.641233
4,155,0.283495,0.019982,74.529250
5,155,0.283495,0.022581,74.500212
6,155,0.283495,0.021748,74.232935
7,155,0.283495,0.021897,74.232935
8,155,0.283495,0.021432,74.334945
9,155,0.283495,0.021328,74.323334
10,155,0.283495,0.021328,74.323334
1,156,0.283495,0.038453,83.732833
2,156,0.283495,0.038453,83.732833
3,156,0.283495,0.040482,83.697888
4,156,0.283495,0.036619,83.470396
5,156,0.283495,0.036297,83.087164
6,156,0.283495,0.036297,83.774484
7,156,0.283495,0.036297,83.378024
8,156,0.283495,0.036726,83.583072
9,156,0.283495,0.036726,83.583072
10,156,0.283495,0.036184,83.645686
1,157,0.283495,0.065562,64.867276
2,157,0.283495,0.065562,64.867276
3,157,0.283495,0.065562,65.002557
4,157,0.283495,0.065562,65.002557
5,157,0.283495,0.065396,64.862042
6,157,0.283495,0.065396,64.862042
7,157,0.283495,0.067127,64.862042
8,157,0.283495,0.065760,64.862042
9,157,0.283495,0.065760,64.862042
10,157,0.283495,0.065760,64.862042
1,158,0.283495,0.032734,60.802975
2,158,0.283495,0.032734,60.802975
3,158,0.283495,0.032187,60.300312
4,158,0.283495,0.033711,60.892316
5,158,0.283495,0.032515,60.707768
6,158,0.283495,0.032515,60.707768
7,158,0.283495,0.032515,60.901922
8,158,0.283495,0.032770,60.901291
9,158,0.283495,0.031786,60.776673
10,158,0.283495,0.032020,60.934042
1,159,0.283495,0.031395,77.709562
2,159,0.283495,0.031606,77.891405
3,159,0.283495,0.032301,78.079213
4,159,0.283495,0.032301,77.934022
5,159,0.283495,0.032301,78.054106
6,159,0.283495,0.030162,77.615442
7,159,0.283495,0.030162,77.615442
8,159,0.283495,0.030411,77.573634
9,159,0.283495,0.030411,77.573634
10,159,0.283495,0.032092,78.316847
1,160,0.283495,0.031472,73.815477
2,160,0.283495,0.032309,73.677115
3,160,0.283495,0.032309,73.677115
4,160,0.283495,0.031480,73.497785
5,160,0.283495,0.030908,73.993976
6,160,0.283495,0.032430,73.993976
7,160,0.283495,0.032430,73.993976
8,160,0.283495,0.032430,73.818227
9,160,0.283495,0.031363,73.880140
10,160,0.283495,0.031363,73.880140
1,161,0.283495,0.042072,76.252211
2,161,0.283495,0.044601,76.252211
3,161,0.283495,0.044388,75.827723
4,161,0.283495,0.052514,75.580569
5,161,0.283495,0.052514,75.567621
6,161,0.283495,0.056253,75.484472
7,161,0.283495,0.052895,75.869674
8,161,0.283495,0.050540,75.695836
9,161,0.283495,0.050540,75.924507
10,161,0.283495,0.050230,75.355745
1,162,0.283495,0.028703,87.859354
2,162,0.283495,0.025871,88.140384
3,162,0.283495,0.025310,87.705280
4,162,0.283495,0.024560,87.691986
5,162,0.283495,0.023593,87.617212
6,162,0.283495,0.026637,87.479190
7,162,0.283495,0.032074,87.567337
8,162,0.283495,0.029184,87.567337
9,162,0.283495,0.030778,87.567337
10,162,0.283495,0.030713,87.467236
1,163,0.283495,0.022347,78.268928
2,163,0.283495,0.020691,77.434427
3,163,0.283495,0.020968,77.697135
4,163,0.283495,0.021033,77.124726
5,163,0.283495,0.020965,77.366636
6,163,0.283495,0.020965,77.366636
7,163,0.283495,0.021239,77.798288
8,163,0.283495,0.021601,77.440578
9,163,0.283495,0.021077,77.536622
10,163,0.283495,0.021697,77.552780
1,164,0.283495,0.012948,78.448894
2,164,0.283495,0.012495,78.713074
3,164,0.283495,0.013808,79.003948
4,164,0.283495,0.013392,78.982447
5,164,0.283495,0.012976,78.657515
6,164,0.283495,0.012838,78.058975
7,164,0.283495,0.012688,78.231272
8,164,0.283495,0.012822,78.529124
9,164,0.283495,0.013660,77.819553
10,164,0.283495,0.013660,78.483579
1,165,0.283495,0.051967,68.519527
2,165,0.283495,0.051967,68.519527
3,165,0.283495,0.053864,68.578168
4,165,0.283495,0.053864,68.578168
5,165,0.283495,0.053413,68.800377
6,165,0.283495,0.052630,68.259195
7,165,0.283495,0.051350,68.259195
8,165,0.283495,0.051350,68.259195
9,165,0.283495,0.053348,68.367567
10,165,0.283495,0.053348,68.367567
1,166,0.283495,0.025079,75.588210
2,166,0.283495,0.026356,75.368404
3,166,0.283495,0.026292,75.259482
4,166,0.283495,0.026292,75.259482
5,166,0.283495,0.028073,75.271572
6,166,0.283495,0.027091,75.271572
7,166,0.283495,0.026847,75.314234
8,166,0.283495,0.025139,75.732126
9,166,0.283495,0.025732,75.434969
10,166,0.283495,0.027184,75.315866
1,167,0.283495,0.008483,83.266398
2,167,0.283495,0.008196,83.501114
3,167,0.283495,0.008171,82.944559
4,167,0.283495,0.008832,82.309623
5,167,0.283495,0.009130,82.610339
6,167,0.283495,0.009316,82.146181
7,167,0.283495,0.009549,82.250289
8,167,0.283495,0.008938,82.154551
9,167,0.283495,0.007823,83.913141
10,167,0.283495,0.007787,83.137398
1,168,0.283495,0.112850,88.683793
2,168,0.283495,0.114166,88.549603
3,168,0.283495,0.106832,89.338149
4,168,0.283495,0.116444,88.090164
5,168,0.283495,0.126496,88.576741
6,168,0.283495,0.082884,89.706994
7,168,0.283495,0.083128,89.688651
8,168,0.283495,0.080625,89.932077
9,168,0.283495,0.070575,91.285985
10,168,0.283495,0.060460,91.637538
1,169,0.283495,0.073647,64.275693
2,169,0.283495,0.073647,64.275693
3,169,0.283495,0.070322,64.275693
4,169,0.283495,0.073269,64.275693
5,169,0.283495,0.072159,64.275693
6,169,0.283495,0.072159,64.259955
7,169,0.283495,0.070900,64.440718
8,169,0.283495,0.070900,64.440718
9,169,0.283495,0.067640,64.009684
10,169,0.283495,0.067640,64.009684
1,170,0.283495,0.039623,71.329133
2,170,0.283495,0.039623,71.329133
3,170,0.283495,0.039623,71.329133
4,170,0.283495,0.039623,71.329133
5,170,0.283495,0.039623,71.329133
6,170,0.283495,0.039623,71.329133
7,170,0.283495,0.039623,71.329133
8,170,0.283495,0.037356,71.153101
9,170,0.283495,0.037356,71.153101
10,170,0.283495,0.037711,71.153101
1,171,0.283495,0.013477,70.524710
2,171,0.283495,0.014039,70.424607
3,171,0.283495,0.014039,70.579704
4,171,0.283495,0.013742,70.688572
5,171,0.283495,0.013760,70.689127
6,171,0.283495,0.014390,71.015980
7,171,0.283495,0.014390,71.041619
8,171,0.283495,0.013802,70.654635
9,171,0.283495,0.013695,70.660403
10,171,0.283495,0.013676,70.462876
1,172,0.283495,0.029348,70.253632
2,172,0.283495,0.030592,70.201268
3,172,0.283495,0.029740,70.382899
4,172,0.283495,0.032197,70.382899
5,172,0.283495,0.030256,70.403368
6,172,0.283495,0.030256,70.403368
7,172,0.283495,0.029878,70.390020
8,172,0.283495,0.030020,70.300480
9,172,0.283495,0.029126,70.300480
10,172,0.283495,0.029050,70.497078
1,173,0.283495,0.066427,65.832128
2,173,0.283495,0.065247,65.784588
3,173,0.283495,0.065247,65.784588
4,173,0.283495,0.065247,65.784588
5,173,0.283495,0.065247,65.784588
6,173,0.283495,0.065247,65.784588
7,173,0.283495,0.065247,65.784588
8,173,0.283495,0.065247,65.784588
9,173,0.283495,0.067175,65.927534
10,173,0.283495,0.067175,65.927534
1,174,0.283495,0.013914,70.671203
2,174,0.283495,0.013914,70.697157
3,174,0.283495,0.014110,71.173363
4,174,0.283495,0.014487,71.238033
5,174,0.283495,0.014448,70.914224
6,174,0.283495,0.014112,70.686950
7,174,0.283495,0.014179,70.937755
8,174,0.283495,0.014430,71.054575
9,174,0.283495,0.014323,71.056633
10,174,0.283495,0.014889,70.814416
1,175,0.283495,0.022297,68.733450
2,175,0.283495,0.022297,68.736932
3,175,0.283495,0.021193,68.568023
4,175,0.283495,0.021504,68.456865
5,175,0.283495,0.020850,68.797027
6,175,0.283495,0.021299,68.570231
7,175,0.283495,0.021299,68.858448
8,175,0.283495,0.021299,68.651752
9,175,0.283495,0.021053,68.984426
10,175,0.283495,0.021559,69.068160
1,176,0.283495,0.036932,64.662858
2,176,0.283495,0.037179,64.531222
3,176,0.283495,0.037179,64.627575
4,176,0.283495,0.037746,64.627575
5,176,0.283495,0.037570,64.822952
6,176,0.283495,0.036876,64.586434
7,176,0.283495,0.036876,64.586434
8,176,0.283495,0.036876,64.586434
9,176,0.283495,0.036517,64.586434
10,176,0.283495,0.036517,64.586434
1,177,0.283495,0.044741,82.776739
2,177,0.283495,0.044291,84.400545
3,177,0.283495,0.045315,84.200284
4,177,0.283495,0.043470,84.677312
5,177,0.283495,0.037805,84.495805
6,177,0.283495,0.044896,84.134869
7,177,0.283495,0.047274,84.964350
8,177,0.283495,0.051888,84.728071
9,177,0.283495,0.043925,82.922698
10,177,0.283495,0.044174,82.413123
1,178,0.283495,0.038495,81.100019
2,178,0.283495,0.035986,80.560132
3,178,0.283495,0.037443,80.519409
4,178,0.283495,0.037443,81.004766
5,178,0.283495,0.037443,81.004766
6,178,0.283495,0.042286,81.408870
7,178,0.283495,0.045110,81.701285
8,178,0.283495,0.044696,81.686727
9,178,0.283495,0.041163,81.010602
10,178,0.283495,0.041583,81.387135
1,179,0.283495,0.044717,66.836895
2,179,0.283495,0.047871,66.814903
3,179,0.283495,0.047534,67.066365
4,179,0.283495,0.047369,66.719765
5,179,0.283495,0.047369,66.719765
6,179,0.283495,0.046851,66.979327
7,179,0.283495,0.045426,66.651141
8,179,0.283495,0.045426,66.651141
9,179,0.283495,0.045426,66.527460
10,179,0.283495,0.045986,66.845380
1,180,0.283495,0.036089,61.866295
2,180,0.283495,0.035328,62.193176
3,180,0.283495,0.034208,62.107860
4,180,0.283495,0.034905,61.834989
5,180,0.283495,0.035281,62.026267
6,180,0.283495,0.035665,62.002399
7,180,0.283495,0.034636,61.971945
8,180,0.283495,0.034129,61.971945
9,180,0.283495,0.035140,61.978006
10,180,0.283495,0.038075,62.043446
1,181,0.283495,0.080924,71.822651
2,181,0.283495,0.082626,72.006604
3,181,0.283495,0.082626,72.006604
4,181,0.283495,0.082626,72.006604
5,181,0.283495,0.082626,71.997257
6,181,0.283495,0.082626,71.997257
7,181,0.283495,0.082626,71.997257
8,181,0.283495,0.078582,71.722438
9,181,0.283495,0.078522,71.780342
10,181,0.283495,0.079465,71.770095
1,182,0.283495,0.014056,65.911237
2,182,0.283495,0.012418,65.300047
3,182,0.283495,0.012241,65.775279
4,182,0.283495,0.012500,65.774947
5,182,0.283495,0.012421,65.829972
6,182,0.283495,0.012617,65.724948
7,182,0.283495,0.013272,65.741949
8,182,0.283495,0.013272,65.571503
9,182,0.283495,0.013449,65.588233
10,182,0.283495,0.013600,66.202135
1,183,0.283495,0.025674,71.319472
2,183,0.283495,0.025959,71.080425
3,183,0.283495,0.025959,71.100162
4,183,0.283495,0.025959,71.100162
5,183,0.283495,0.026706,71.336755
6,183,0.283495,0.027596,71.231129
7,183,0.283495,0.026081,71.231129
8,183,0.283495,0.026250,71.507738
9,183,0.283495,0.026228,70.943944
10,183,0.283495,0.024048,70.855491
1,184,0.283495,0.038037,69.707157
2,184,0.283495,0.036767,69.426956
3,184,0.283495,0.035649,69.507620
4,184,0.283495,0.036264,69.507620
5,184,0.283495,0.036906,69.543866
6,184,0.283495,0.036102,69.584445
7,184,0.283495,0.036102,69.584445
8,184,0.283495,0.036102,69.584445
9,184,0.283495,0.036102,69.584445
10,184,0.283495,0.036102,69.746755
1,185,0.283495,0.071083,73.990755
2,185,0.283495,0.071083,73.990755
3,185,0.283495,0.063996,73.725521
4,185,0.283495,0.063996,73.725521
5,185,0.283495,0.064469,73.813128
6,185,0.283495,0.066019,73.997032
7,185,0.283495,0.069193,73.921612
8,185,0.283495,0.069193,73.921612
9,185,0.283495,0.068286,73.921612
10,185,0.283495,0.065636,73.921612
1,186,0.283495,0.039935,69.894874
2,186,0.283495,0.039548,69.990457
3,186,0.283495,0.039548,69.990457
4,186,0.283495,0.038496,69.990457
5,186,0.283495,0.040255,70.023088
6,186,0.283495,0.040255,69.928105
7,186,0.283495,0.040255,69.928105
8,186,0.283495,0.040154,70.107617
9,186,0.283495,0.040391,69.920016
10,186,0.283495,0.041532,69.782212
1,187,0.283495,0.117527,62.844768
2,187,0.283495,0.112950,62.630229
3,187,0.283495,0.112950,62.630229
4,187,0.283495,0.113616,62.697041
5,187,0.283495,0.113616,62.697041
6,187,0.283495,0.110830,62.578207
7,187,0.283495,0.110830,62.578207
8,187,0.283495,0.111733,62.722082
9,187,0.283495,0.111733,62.722082
10,187,0.283495,0.111866,62.722082
1,188,0.283495,0.040791,74.925171
2,188,0.283495,0.042034,75.099719
3,188,0.283495,0.042605,75.217748
4,188,0.283495,0.042135,75.209046
5,188,0.283495,0.039311,74.852197
6,188,0.283495,0.039477,75.098094
7,188,0.283495,0.040315,75.180539
8,188,0.283495,0.042194,75.376226
9,188,0.283495,0.042324,75.075942
10,188,0.283495,0.042428,75.235553
1,189,0.283495,0.019703,71.415338
2,189,0.283495,0.017118,71.344963
3,189,0.283495,0.017798,71.225831
4,189,0.283495,0.018052,71.195822
5,189,0.283495,0.016921,71.247135
6,189,0.283495,0.018442,71.543238
7,189,0.283495,0.018225,71.543238
8,189,0.283495,0.017155,71.175456
9,189,0.283495,0.017997,70.760938
10,189,0.283495,0.016469,71.119109
1,190,0.283495,0.088896,71.592089
2,190,0.283495,0.088896,71.592089
3,190,0.283495,0.084750,71.587522
4,190,0.283495,0.084750,71.587522
5,190,0.283495,0.084750,71.532069
6,190,0.283495,0.084750,71.532069
7,190,0.283495,0.084750,71.532069
8,190,0.283495,0.084750,71.532069
9,190,0.283495,0.084750,71.532069
10,190,0.283495,0.084750,71.532069
1,191,0.283495,0.028620,70.517538
2,191,0.283495,0.030079,70.531966
3,191,0.283495,0.029247,70.478975
4,191,0.283495,0.031088,71.094331
5,191,0.283495,0.030855,70.932383
6,191,0.283495,0.031018,70.932383
7,191,0.283495,0.030940,70.932383
8,191,0.283495,0.031031,71.123162
9,191,0.283495,0.031031,71.008430
10,191,0.283495,0.031064,71.008430
1,192,0.283495,0.047877,58.711581
2,192,0.283495,0.047961,58.711581
3,192,0.283495,0.047961,58.711581
4,192,0.283495,0.047961,58.711581
5,192,0.283495,0.048908,58.905351
6,192,0.283495,0.048908,58.905351
7,192,0.283495,0.048908,58.905351
8,192,0.283495,0.048908,58.905351
9,192,0.283495,0.049385,58.751781
10,192,0.283495,0.049636,58.761992
1,193,0.283495,0.019431,86.226047
2,193,0.283495,0.019238,86.085659
3,193,0.283495,0.019238,86.085659
4,193,0.283495,0.020083,86.510548
5,193,0.283495,0.020494,86.163784
6,193,0.283495,0.020639,85.845023
7,193,0.283495,0.020257,86.245526
8,193,0.283495,0.020195,86.192483
9,193,0.283495,0.019652,85.988046
10,193,0.283495,0.019628,86.456402
1,194,0.283495,0.048020,67.762256
2,194,0.283495,0.048020,67.762256
3,194,0.283495,0.048020,67.762256
4,194,0.283495,0.048020,67.762256
5,194,0.283495,0.047597,67.754416
6,194,0.283495,0.048393,67.754416
7,194,0.283495,0.048393,67.754416
8,194,0.283495,0.048393,67.754416
9,194,0.283495,0.047896,67.716326
10,194,0.283495,0.047896,67.716326
1,195,0.283495,0.035764,66.761351
2,195,0.283495,0.035764,66.761351
3,195,0.283495,0.035764,66.854520
4,195,0.283495,0.036591,66.854520
5,195,0.283495,0.036591,66.854520
6,195,0.283495,0.036591,66.895041
7,195,0.283495,0.034771,66.328327
8,195,0.283495,0.035515,66.526822
9,195,0.283495,0.035515,66.526822
10,195,0.283495,0.035515,66.526822
1,196,0.283495,0.047969,65.316857
2,196,0.283495,0.047594,65.316857
3,196,0.283495,0.048784,65.422819
4,196,0.283495,0.048784,65.422819
5,196,0.283495,0.047815,65.208180
6,196,0.283495,0.048875,65.385238
7,196,0.283495,0.048775,65.381083
8,196,0.283495,0.049100,65.381083
9,196,0.283495,0.049915,65.166459
10,196,0.283495,0.052178,65.790585
1,197,0.283495,0.053214,72.050662
2,197,0.283495,0.053214,72.050662
3,197,0.283495,0.052567,72.143343
4,197,0.283495,0.052567,72.098925
5,197,0.283495,0.052658,71.994362
6,197,0.283495,0.052875,72.001880
7,197,0.283495,0.052875,72.001880
8,197,0.283495,0.057772,72.001880
9,197,0.283495,0.052368,71.996583
10,197,0.283495,0.052368,71.996583
1,198,0.283495,0.126834,72.432845
2,198,0.283495,0.126834,73.201199
3,198,0.283495,0.126021,72.256741
4,198,0.283495,0.130805,72.902295
5,198,0.283495,0.128367,72.894204
6,198,0.283495,0.126078,73.401669
7,198,0.283495,0.126056,73.172925
8,198,0.283495,0.123397,72.704702
9,198,0.283495,0.118250,72.865467
10,198,0.283495,0.124696,72.967250
1,199,0.283495,0.050718,64.994913
2,199,0.283495,0.050619,65.224666
3,199,0.283495,0.049727,65.044459
4,199,0.283495,0.047999,64.790557
5,199,0.283495,0.047999,64.790557
6,199,0.283495,0.047999,64.790557
7,199,0.283495,0.048704,64.837061
8,199,0.283495,0.049471,64.766569
9,199,0.283495,0.048837,64.873305
10,199,0.283495,0.048837,64.857150
1,200,0.283495,0.022919,65.957052
2,200,0.283495,0.022406,65.792453
3,200,0.283495,0.022737,66.194135
4,200,0.283495,0.022896,65.984489
5,200,0.283495,0.022796,65.984489
6,200,0.283495,0.022796,66.045772
7,200,0.283495,0.022388,66.045772
8,200,0.283495,0.022485,65.812823
9,200,0.283495,0.023687,66.423604
10,200,0.283495,0.022826,65.919532
1,201,0.283495,0.019581,80.825665
2,201,0.283495,0.019581,80.240042
3,201,0.283495,0.019090,80.381411
4,201,0.283495,0.019297,80.723256
5,201,0.283495,0.019396,80.098931
6,201,0.283495,0.018894,79.821630
7,201,0.283495,0.018726,80.574937
8,201,0.283495,0.019066,80.568413
9,201,0.283495,0.019024,80.511419
10,201,0.283495,0.020306,80.259139
1,202,0.283495,0.014371,71.740295
2,202,0.283495,0.014924,71.609884
3,202,0.283495,0.014106,71.370740
4,202,0.283495,0.013427,70.924152
5,202,0.283495,0.013427,70.894593
6,202,0.283495,0.013427,70.894593
7,202,0.283495,0.013818,71.228752
8,202,0.283495,0.013818,71.212320
9,202,0.283495,0.013744,71.098411
10,202,0.283495,0.014116,71.299620
1,203,0.283495,0.024262,65.316524
2,203,0.283495,0.023532,65.792147
3,203,0.283495,0.022275,65.142063
4,203,0.283495,0.022275,65.142063
5,203,0.283495,0.022609,65.176151
6,203,0.283495,0.022623,65.010038
7,203,0.283495,0.023048,65.268368
8,203,0.283495,0.023048,65.268368
9,203,0.283495,0.023048,65.268368
10,203,0.283495,0.023048,65.268368
1,204,0.283495,0.023842,64.707502
2,204,0.283495,0.025456,64.767141
3,204,0.283495,0.025808,64.879064
4,204,0.283495,0.025070,65.003520
5,204,0.283495,0.025070,65.003520
6,204,0.283495,0.025070,64.870967
7,204,0.283495,0.025070,64.870967
8,204,0.283495,0.025070,64.870967
9,204,0.283495,0.025070,64.870967
10,204,0.283495,0.025070,64.870967
1,205,0.283495,0.096904,70.213400
2,205,0.283495,0.094542,70.263055
3,205,0.283495,0.094542,70.263055
4,205,0.283495,0.094542,70.263055
5,205,0.283495,0.094542,70.263055
6,205,0.283495,0.098368,70.292093
7,205,0.283495,0.097071,70.292093
8,205,0.283495,0.097071,70.292093
9,205,0.283495,0.095363,70.196007
10,205,0.283495,0.095363,70.196007
1,206,0.283495,0.048576,78.176313
2,206,0.283495,0.047940,78.070272
3,206,0.283495,0.049625,78.066643
4,206,0.283495,0.049625,78.021159
5,206,0.283495,0.049625,78.021159
6,206,0.283495,0.048689,78.021159
7,206,0.283495,0.048329,78.021159
8,206,0.283495,0.048329,78.258584
9,206,0.283495,0.048087,78.243177
10,206,0.283495,0.048242,78.073509
1,207,0.283495,0.026263,75.135879
2,207,0.283495,0.025919,75.182308
3,207,0.283495,0.025714,75.063974
4,207,0.283495,0.027345,75.063974
5,207,0.283495,0.027689,75.285535
6,207,0.283495,0.027263,75.344704
7,207,0.283495,0.027722,75.344704
8,207,0.283495,0.027780,75.344704
9,207,0.283495,0.026498,75.211157
10,207,0.283495,0.026498,75.211157
1,208,0.283495,0.039084,81.288235
2,208,0.283495,0.036881,81.763238
3,208,0.283495,0.035942,82.554465
4,208,0.283495,0.034137,81.594504
5,208,0.283495,0.034137,82.644901
6,208,0.283495,0.036200,82.336356
7,208,0.283495,0.037129,81.280404
8,208,0.283495,0.037129,81.020994
9,208,0.283495,0.035652,81.872679
10,208,0.283495,0.038360,80.980965
1,209,0.283495,0.049935,75.483662
2,209,0.283495,0.050656,75.415419
3,209,0.283495,0.051017,75.619544
4,209,0.283495,0.050788,75.619544
5,209,0.283495,0.050788,75.407965
6,209,0.283495,0.050788,75.407965
7,209,0.283495,0.051433,75.525139
8,209,0.283495,0.051545,75.505978
9,209,0.283495,0.051545,75.446728
10,209,0.283495,0.051132,75.446728
1,210,0.283495,0.018074,64.928811
2,210,0.283495,0.017707,65.004689
3,210,0.283495,0.016972,64.524979
4,210,0.283495,0.016904,64.500284
5,210,0.283495,0.017799,64.631463
6,210,0.283495,0.018080,64.590860
7,210,0.283495,0.018080,65.411352
8,210,0.283495,0.018105,65.352635
9,210,0.283495,0.018427,65.348256
10,210,0.283495,0.018571,65.416084
1,211,0.283495,0.020205,70.515904
2,211,0.283495,0.020089,70.515904
3,211,0.283495,0.020089,70.515904
4,211,0.283495,0.020089,70.515904
5,211,0.283495,0.020991,70.754662
6,211,0.283495,0.020236,70.754662
7,211,0.283495,0.020185,70.320224
8,211,0.283495,0.020185,70.320224
9,211,0.283495,0.020185,70.633404
10,211,0.283495,0.020185,70.645794
1,212,0.283495,0.060932,63.275561
2,212,0.283495,0.058085,63.275561
3,212,0.283495,0.058085,63.275561
4,212,0.283495,0.058085,63.235406
5,212,0.283495,0.056670,63.035169
6,212,0.283495,0.052417,62.609934
7,212,0.283495,0.051968,62.748811
8,212,0.283495,0.053986,62.770350
9,212,0.283495,0.053844,62.883803
10,212,0.283495,0.055729,63.000515
1,213,0.283495,0.034198,77.989413
2,213,0.283495,0.034198,77.653591
3,213,0.283495,0.034198,77.807589
4,213,0.283495,0.032713,78.088453
5,213,0.283495,0.032713,77.992512
6,213,0.283495,0.031874,77.814744
7,213,0.283495,0.031874,77.481628
8,213,0.283495,0.032659,77.866265
9,213,0.283495,0.032866,77.890009
10,213,0.283495,0.032790,77.982631
1,214,0.283495,0.066016,78.637253
2,214,0.283495,0.070200,78.764198
3,214,0.283495,0.070200,78.790902
4,214,0.283495,0.070200,78.790902
5,214,0.283495,0.070200,78.790902
6,214,0.283495,0.068535,78.836864
7,214,0.283495,0.065365,78.599884
8,214,0.283495,0.066052,78.599884
9,214,0.283495,0.064233,78.354288
10,214,0.283495,0.066434,78.473474
1,215,0.283495,0.077012,62.679717
2,215,0.283495,0.077012,62.679717
3,215,0.283495,0.076207,62.631266
4,215,0.283495,0.074193,62.631266
5,215,0.283495,0.076266,62.631266
6,215,0.283495,0.075770,62.631266
7,215,0.283495,0.075770,62.631266
8,215,0.283495,0.075770,62.631266
9,215,0.283495,0.076610,62.795399
10,215,0.283495,0.076575,62.705366
1,216,0.283495,0.047756,72.492566
2,216,0.283495,0.049363,72.455367
3,216,0.283495,0.047969,72.455367
4,216,0.283495,0.047969,72.483987
5,216,0.283495,0.049064,72.316750
6,216,0.283495,0.049965,72.316750
7,216,0.283495,0.041955,72.485767
8,216,0.283495,0.050896,72.397217
9,216,0.283495,0.049611,72.339476
10,216,0.283495,0.047042,72.339476
1,217,0.283495,0.098149,69.268813
2,217,0.283495,0.098149,69.268813
3,217,0.283495,0.090412,68.769715
4,217,0.283495,0.090412,69.093465
5,217,0.283495,0.092331,68.931358
6,217,0.283495,0.090610,68.689193
7,217,0.283495,0.090610,68.590933
8,217,0.283495,0.093623,69.184605
9,217,0.283495,0.094407,69.254660
10,217,0.283495,0.094407,69.254660
1,218,0.283495,0.039639,72.088234
2,218,0.283495,0.039718,72.088234
3,218,0.283495,0.039871,72.179968
4,218,0.283495,0.039871,72.179968
5,218,0.283495,0.039871,72.073634
6,218,0.283495,0.038875,71.748424
7,218,0.283495,0.039542,71.898292
8,218,0.283495,0.037645,71.876986
9,218,0.283495,0.037645,71.882720
10,218,0.283495,0.037645,71.882720
1,219,0.283495,0.024808,78.205483
2,219,0.283495,0.025473,77.926999
3,219,0.283495,0.024882,77.792255
4,219,0.283495,0.026785,77.997376
5,219,0.283495,0.025883,77.865444
6,219,0.283495,0.027868,77.673115
7,219,0.283495,0.026637,77.738761
8,219,0.283495,0.025601,77.841509
9,219,0.283495,0.024813,78.228148
10,219,0.283495,0.024813,78.119568
1,220,0.283495,0.048308,73.952522
2,220,0.283495,0.047156,73.835821
3,220,0.283495,0.048238,73.835821
4,220,0.283495,0.048238,73.880197
5,220,0.283495,0.048238,73.880197
6,220,0.283495,0.049247,74.109686
7,220,0.283495,0.050081,73.985717
8,220,0.283495,0.050081,73.985717
9,220,0.283495,0.050081,73.985717
10,220,0.283495,0.050081,73.985717
1,221,0.283495,0.020354,68.989693
2,221,0.283495,0.019302,68.993257
3,221,0.283495,0.019302,68.714437
4,221,0.283495,0.019087,68.706530
5,221,0.283495,0.019087,68.706530
6,221,0.283495,0.019249,68.065585
7,221,0.283495,0.019177,68.083770
8,221,0.283495,0.019683,68.896252
9,221,0.283495,0.019910,68.909060
10,221,0.283495,0.019910,69.003890
1,222,0.283495,0.062914,79.299687
2,222,0.283495,0.060458,79.725911
3,222,0.283495,0.060661,79.244238
4,222,0.283495,0.060799,79.216174
5,222,0.283495,0.058416,79.440158
6,222,0.283495,0.063509,79.314478
7,222,0.283495,0.060978,79.386731
8,222,0.283495,0.060978,79.386731
9,222,0.283495,0.058022,79.604372
10,222,0.283495,0.066350,78.972097
1,223,0.283495,0.018390,70.658960
2,223,0.283495,0.018652,70.359178
3,223,0.283495,0.019646,70.683061
4,223,0.283495,0.019521,71.327638
5,223,0.283495,0.018276,70.523775
6,223,0.283495,0.018276,70.523775
7,223,0.283495,0.018247,70.523775
8,223,0.283495,0.018129,70.554565
9,223,0.283495,0.018153,70.709156
10,223,0.283495,0.018153,70.667380
1,224,0.283495,0.012408,80.940889
2,224,0.283495,0.011960,81.354211
3,224,0.283495,0.013024,80.365780
4,224,0.283495,0.014091,80.672069
5,224,0.283495,0.013541,79.742796
6,224,0.283495,0.014770,78.545693
7,224,0.283495,0.014043,78.763647
8,224,0.283495,0.015026,78.313948
9,224,0.283495,0.013614,79.421876
10,224,0.283495,0.012966,81.475036
1,225,0.283495,0.010496,72.494329
2,225,0.283495,0.010260,72.737798
3,225,0.283495,0.010299,72.018686
4,225,0.283495,0.010454,72.034549
5,225,0.283495,0.010584,73.051174
6,225,0.283495,0.011002,73.332705
7,225,0.283495,0.011002,73.626004
8,225,0.283495,0.011664,73.299224
9,225,0.283495,0.011349,73.547030
10,225,0.283495,0.010918,72.976648
1,226,0.283495,0.051120,64.711147
2,226,0.283495,0.051120,64.711147
3,226,0.283495,0.052114,64.754457
4,226,0.283495,0.052114,64.754457
5,226,0.283495,0.050566,64.569324
6,226,0.283495,0.050566,64.569324
7,226,0.283495,0.050605,64.664903
8,226,0.283495,0.051161,64.807050
9,226,0.283495,0.051161,64.807050
10,226,0.283495,0.053774,64.807050
1,227,0.283495,0.018268,71.359803
2,227,0.283495,0.017940,71.479732
3,227,0.283495,0.017331,71.224751
4,227,0.283495,0.015984,71.668241
5,227,0.283495,0.017701,71.259242
6,227,0.283495,0.018458,71.424882
7,227,0.283495,0.018226,71.793334
8,227,0.283495,0.017432,71.306324
9,227,0.283495,0.017606,71.827292
10,227,0.283495,0.018436,71.590430
1,228,0.283495,0.020467,71.361248
2,228,0.283495,0.018993,71.638676
3,228,0.283495,0.019601,71.999999
4,228,0.283495,0.020951,71.530501
5,228,0.283495,0.021051,71.711722
6,228,0.283495,0.020191,71.633326
7,228,0.283495,0.020191,71.633326
8,228,0.283495,0.020191,71.472860
9,228,0.283495,0.020191,71.472860
10,228,0.283495,0.019270,71.431369
1,229,0.283495,0.021104,65.438049
2,229,0.283495,0.021283,65.789132
3,229,0.283495,0.020980,65.543053
4,229,0.283495,0.020980,65.543053
5,229,0.283495,0.020980,65.543053
6,229,0.283495,0.020980,65.543053
7,229,0.283495,0.020980,65.462745
8,229,0.283495,0.020774,65.277788
9,229,0.283495,0.020711,65.233753
10,229,0.283495,0.020961,65.279303
1,230,0.283495,0.051163,82.579044
2,230,0.283495,0.048298,82.103476
3,230,0.283495,0.049538,82.377810
4,230,0.283495,0.047081,82.481429
5,230,0.283495,0.046145,82.187587
6,230,0.283495,0.042257,82.652827
7,230,0.283495,0.044047,81.988767
8,230,0.283495,0.047059,82.446344
9,230,0.283495,0.043640,82.446344
10,230,0.283495,0.047496,82.468770
1,231,0.283495,0.038113,70.165798
2,231,0.283495,0.037431,70.169827
3,231,0.283495,0.039440,70.032681
4,231,0.283495,0.036896,70.106378
5,231,0.283495,0.037549,70.106378
6,231,0.283495,0.037549,70.106378
7,231,0.283495,0.039874,70.178827
8,231,0.283495,0.040353,70.147328
9,231,0.283495,0.040353,70.147328
10,231,0.283495,0.039589,70.302984
1,232,0.283495,0.062268,71.299274
2,232,0.283495,0.061692,71.345306
3,232,0.283495,0.061692,71.345306
4,232,0.283495,0.060150,71.345306
5,232,0.283495,0.061716,71.345306
6,232,0.283495,0.061716,71.345306
7,232,0.283495,0.061716,71.345306
8,232,0.283495,0.061716,71.345306
9,232,0.283495,0.061716,71.345306
10,232,0.283495,0.061716,71.345306
1,233,0.283495,0.049175,64.775592
2,233,0.283495,0.049175,64.677761
3,233,0.283495,0.049175,64.677761
4,233,0.283495,0.049175,64.677761
5,233,0.283495,0.050429,64.677761
6,233,0.283495,0.050992,64.754861
7,233,0.283495,0.050309,64.754861
8,233,0.283495,0.050309,64.754861
9,233,0.283495,0.050225,64.711213
10,233,0.283495,0.050692,64.711213
1,234,0.283495,0.033614,63.532898
2,234,0.283495,0.035244,63.900884
3,234,0.283495,0.034951,63.900884
4,234,0.283495,0.035069,63.900884
5,234,0.283495,0.035069,63.900884
6,234,0.283495,0.035387,63.900884
7,234,0.283495,0.035387,63.900884
8,234,0.283495,0.035387,63.900884
9,234,0.283495,0.034281,63.900884
10,234,0.283495,0.036140,63.900884
1,235,0.283495,0.022625,63.515191
2,235,0.283495,0.022625,63.515191
3,235,0.283495,0.022789,63.468530
4,235,0.283495,0.022789,63.913254
5,235,0.283495,0.022421,63.537526
6,235,0.283495,0.023473,63.955439
7,235,0.283495,0.022283,64.018259
8,235,0.283495,0.022817,63.917701
9,235,0.283495,0.021741,63.599837
10,235,0.283495,0.021741,62.978202
1,236,0.283495,0.036511,72.184807
2,236,0.283495,0.037047,72.558337
3,236,0.283495,0.037047,72.558337
4,236,0.283495,0.037373,72.558337
5,236,0.283495,0.037373,72.558337
6,236,0.283495,0.037373,72.558337
7,236,0.283495,0.037373,72.558337
8,236,0.283495,0.037373,72.558337
9,236,0.283495,0.037334,72.826113
10,236,0.283495,0.037334,72.837063
1,237,0.283495,0.052556,61.008621
2,237,0.283495,0.052556,61.008621
3,237,0.283495,0.052556,61.008621
4,237,0.283495,0.050796,60.751610
5,237,0.283495,0.052711,61.133143
6,237,0.283495,0.051480,61.069139
7,237,0.283495,0.051480,60.872810
8,237,0.283495,0.052681,61.073922
9,237,0.283495,0.052681,61.106996
10,237,0.283495,0.052681,61.106996
1,238,0.283495,0.042579,76.388619
2,238,0.283495,0.040670,76.216761
3,238,0.283495,0.040670,76.214648
4,238,0.283495,0.041060,76.282458
5,238,0.283495,0.039074,76.106778
6,238,0.283495,0.040596,76.039260
7,238,0.283495,0.043209,76.041650
8,238,0.283495,0.041024,76.403518
9,238,0.283495,0.041024,76.403518
10,238,0.283495,0.040791,76.033444
1,239,0.283495,0.031863,73.895411
2,239,0.283495,0.031287,73.844484
3,239,0.283495,0.031287,74.171190
4,239,0.283495,0.030879,74.055489
5,239,0.283495,0.031945,74.055489
6,239,0.283495,0.031945,74.401508
7,239,0.283495,0.031488,74.298425
8,239,0.283495,0.031942,74.065370
9,239,0.283495,0.032409,74.190739
10,239,0.283495,0.032083,74.332008
1,240,0.283495,0.017939,69.388358
2,240,0.283495,0.017939,69.237773
3,240,0.283495,0.018173,69.413668
4,240,0.283495,0.018173,69.342770
5,240,0.283495,0.017236,69.599171
6,240,0.283495,0.019465,69.791310
7,240,0.283495,0.020762,69.811791
8,240,0.283495,0.019950,69.653129
9,240,0.283495,0.018244,69.653129
10,240,0.283495,0.018735,69.440525
1,241,0.283495,0.027428,60.507059
2,241,0.283495,0.027428,60.021497
3,241,0.283495,0.028228,60.322768
4,241,0.283495,0.027988,60.690523
5,241,0.283495,0.028597,60.690523
6,241,0.283495,0.028597,60.690523
7,241,0.283495,0.027509,60.509067
8,241,0.283495,0.027509,60.428791
9,241,0.283495,0.027351,60.169193
10,241,0.283495,0.026145,59.773844
1,242,0.283495,0.029814,72.050386
2,242,0.283495,0.029946,72.048791
3,242,0.283495,0.030926,72.185119
4,242,0.283495,0.031363,72.234172
5,242,0.283495,0.030194,71.776178
6,242,0.283495,0.030279,72.222411
7,242,0.283495,0.030906,72.055376
8,242,0.283495,0.029601,72.055376
9,242,0.283495,0.029255,71.682984
10,242,0.283495,0.029255,71.706786
1,243,0.283495,0.020228,79.862871
2,243,0.283495,0.021793,79.655267
3,243,0.283495,0.022110,79.637862
4,243,0.283495,0.022110,79.730229
5,243,0.283495,0.022110,79.730229
6,243,0.283495,0.022477,79.912059
7,243,0.283495,0.023801,79.912059
8,243,0.283495,0.023801,79.518201
9,243,0.283495,0.023801,79.784406
10,243,0.283495,0.023694,80.143365
1,244,0.283495,0.020027,71.825881
2,244,0.283495,0.021770,71.700150
3,244,0.283495,0.018946,71.700150
4,244,0.283495,0.019516,71.360197
5,244,0.283495,0.020416,71.360197
6,244,0.283495,0.019371,71.705008
7,244,0.283495,0.019720,71.757755
8,244,0.283495,0.020659,71.721177
9,244,0.283495,0.020152,71.759887
10,244,0.283495,0.021006,72.229106
1,245,0.283495,0.018331,62.055291
2,245,0.283495,0.018225,61.873376
3,245,0.283495,0.018544,62.002776
4,245,0.283495,0.018504,61.999048
5,245,0.283495,0.018885,62.297033
6,245,0.283495,0.018820,61.951861
7,245,0.283495,0.019094,62.039342
8,245,0.283495,0.019094,62.039342
9,245,0.283495,0.018925,61.994581
10,245,0.283495,0.018925,62.329498
1,246,0.283495,0.051976,69.349152
2,246,0.283495,0.053513,69.543117
3,246,0.283495,0.053143,69.377338
4,246,0.283495,0.053143,69.377338
5,246,0.283495,0.052254,69.377338
6,246,0.283495,0.052254,69.377338
7,246,0.283495,0.052254,69.377338
8,246,0.283495,0.052254,69.377338
9,246,0.283495,0.051846,69.377338
10,246,0.283495,0.051846,69.377338
1,247,0.283495,0.015776,72.166416
2,247,0.283495,0.015776,71.683087
3,247,0.283495,0.015776,71.683087
4,247,0.283495,0.015776,71.423187
5,247,0.283495,0.015647,71.862064
6,247,0.283495,0.014578,71.585184
7,247,0.283495,0.014702,71.422102
8,247,0.283495,0.014994,71.533013
9,247,0.283495,0.015132,71.549581
10,247,0.283495,0.015132,71.549581
1,248,0.283495,0.031427,69.975838
2,248,0.283495,0.031427,70.042144
3,248,0.283495,0.033056,70.032709
4,248,0.283495,0.032433,69.979176
5,248,0.283495,0.029999,69.907469
6,248,0.283495,0.029788,70.013665
7,248,0.283495,0.030676,69.810389
8,248,0.283495,0.030676,69.810389
9,248,0.283495,0.031342,69.761392
10,248,0.283495,0.031342,69.842365
1,249,0.283495,0.045790,61.547885
2,249,0.283495,0.045790,61.547885
3,249,0.283495,0.045111,61.435231
4,249,0.283495,0.045111,61.435231
5,249,0.283495,0.045626,61.344124
6,249,0.283495,0.045626,61.454451
7,249,0.283495,0.045626,61.454451
8,249,0.283495,0.045583,61.304220
9,249,0.283495,0.045583,61.513232
10,249,0.283495,0.045583,61.513232
1,250,0.283495,0.047505,62.300633
2,250,0.283495,0.047505,62.300633
3,250,0.283495,0.047505,62.300633
4,250,0.283495,0.049318,62.324736
5,250,0.283495,0.049318,62.324736
6,250,0.283495,0.048098,62.088693
7,250,0.283495,0.048098,62.088693
8,250,0.283495,0.047578,62.085468
9,250,0.283495,0.047578,62.210472
10,250,0.283495,0.048070,62.241916