id,eta_p0_SAEM,eta_alpha_SAEM,eta_tau_SAEM
1,0.000000,-0.217339,0.122391
2,0.000000,0.196154,2.910737
3,0.000000,-0.520839,1.402056
4,0.000000,0.232193,-7.991966
5,0.000000,-0.207215,4.784882
6,0.000000,0.633251,-10.316243
7,0.000000,0.082755,-7.974156
8,0.000000,0.097763,-12.432854
9,0.000000,0.189769,-7.027857
10,0.000000,-0.640254,4.442533
11,0.000000,0.814539,-5.017965
12,0.000000,0.006630,4.432843
13,0.000000,0.435656,-0.076563
14,0.000000,0.780275,-2.040770
15,0.000000,0.315578,10.761142
16,0.000000,-0.051464,-12.426383
17,0.000000,0.275613,0.950499
18,0.000000,-0.010490,-13.370830
19,0.000000,0.058256,5.174985
20,0.000000,-0.009105,-6.697004
21,0.000000,0.082147,-4.546301
22,0.000000,-0.952716,5.154339
23,0.000000,-0.298432,-2.933803
24,0.000000,-1.200447,4.177978
25,0.000000,-0.238087,3.336170
26,0.000000,0.633780,4.850894
27,0.000000,-0.306756,-3.198559
28,0.000000,0.263278,1.317203
29,0.000000,0.615482,8.162592
30,0.000000,-0.413476,-4.085756
31,0.000000,0.494659,-6.001560
32,0.000000,0.365445,1.940833
33,0.000000,-0.259874,1.657387
34,0.000000,0.138609,-4.143434
35,0.000000,0.129501,2.613716
36,0.000000,-0.044291,-3.009842
37,0.000000,-0.353694,-8.050263
38,0.000000,0.623434,-2.899761
39,0.000000,-0.076256,1.306261
40,0.000000,0.599441,-5.127185
41,0.000000,-0.336721,-2.062103
42,0.000000,0.914970,-0.372273
43,0.000000,0.458197,1.277138
44,0.000000,0.098583,-10.824297
45,0.000000,0.493259,0.948273
46,0.000000,0.163413,-3.207048
47,0.000000,0.431401,0.816721
48,0.000000,-0.337833,3.289793
49,0.000000,0.386811,4.640662
50,0.000000,0.575786,1.331822
51,0.000000,0.097355,-2.335129
52,0.000000,0.412544,-3.732712
53,0.000000,0.441355,-3.363259
54,0.000000,-0.060291,2.667406
55,0.000000,0.632823,-6.435374
56,0.000000,0.506217,1.547283
57,0.000000,0.061610,0.032993
58,0.000000,-0.529577,-10.453999
59,0.000000,0.131029,6.959386
60,0.000000,0.653081,2.282092
61,0.000000,0.577576,-6.082817
62,0.000000,0.804798,11.997108
63,0.000000,-0.630199,-7.242869
64,0.000000,0.048355,1.603646
65,0.000000,0.044339,8.625230
66,0.000000,0.600906,1.401494
67,0.000000,-0.021636,15.768502
68,0.000000,-0.442099,3.829433
69,0.000000,-0.223761,5.162536
70,0.000000,-0.532437,3.794852
71,0.000000,-0.871450,3.983700
72,0.000000,-0.753851,-4.425447
73,0.000000,0.095568,-0.691756
74,0.000000,0.227316,5.504500
75,0.000000,-0.664108,-1.024244
76,0.000000,0.139740,3.071378
77,0.000000,0.259941,-7.652083
78,0.000000,0.571621,5.599897
79,0.000000,-0.421339,-3.748355
80,0.000000,0.216246,17.373091
81,0.000000,-0.416277,-8.142499
82,0.000000,-0.281565,0.069197
83,0.000000,-0.225532,-0.481781
84,0.000000,-0.378569,-7.099543
85,0.000000,-1.001576,-2.441391
86,0.000000,0.288957,4.353651
87,0.000000,0.618185,-6.726608
88,0.000000,-0.052918,-0.778493
89,0.000000,-0.051331,-12.735643
90,0.000000,0.359534,7.982360
91,0.000000,-0.071647,8.089078
92,0.000000,-0.465706,-9.058812
93,0.000000,-0.122280,-9.613796
94,0.000000,0.034274,8.639042
95,0.000000,-0.107023,-6.556230
96,0.000000,0.200492,-3.630417
97,0.000000,0.023061,1.140952
98,0.000000,0.419641,-7.308635
99,0.000000,-0.096855,6.264582
100,0.000000,0.367435,-2.221372
101,0.000000,0.624796,-2.760172
102,0.000000,-0.033246,5.435166
103,0.000000,0.138784,10.656144
104,0.000000,0.448616,-3.997543
105,0.000000,0.054280,10.694664
106,0.000000,1.190491,3.598397
107,0.000000,-0.697257,-14.362173
108,0.000000,0.704388,-1.666745
109,0.000000,0.409981,-3.211529
110,0.000000,-0.705155,-9.184337
111,0.000000,0.213452,-13.948248
112,0.000000,-0.497507,-3.588219
113,0.000000,0.298573,-1.566704
114,0.000000,-0.834814,-6.801021
115,0.000000,-0.126956,-0.899755
116,0.000000,0.218395,-7.642071
117,0.000000,0.143930,9.610458
118,0.000000,-0.857179,11.036097
119,0.000000,1.092410,-5.442337
120,0.000000,0.530245,13.678095
121,0.000000,-0.003577,-3.519924
122,0.000000,-0.180628,12.679604
123,0.000000,0.018334,15.358576
124,0.000000,-0.020068,9.094074
125,0.000000,0.134479,3.980642
126,0.000000,-0.723888,-0.459350
127,0.000000,-0.465337,7.705304
128,0.000000,-1.293685,7.006950
129,0.000000,0.353942,13.334796
130,0.000000,-0.695108,10.858611
131,0.000000,0.387820,-8.305311
132,0.000000,-0.533315,-3.500489
133,0.000000,0.247736,0.631425
134,0.000000,0.356682,5.673308
135,0.000000,-0.825448,2.818722
136,0.000000,1.296365,-0.281301
137,0.000000,0.020955,4.339087
138,0.000000,1.284225,-3.368063
139,0.000000,-0.393880,-16.591924
140,0.000000,-0.820727,6.692276
141,0.000000,-0.318121,-1.152062
142,0.000000,0.112650,-12.599992
143,0.000000,0.200894,4.468400
144,0.000000,-0.398109,-6.663891
145,0.000000,0.421085,10.221081
146,0.000000,0.130674,-3.279564
147,0.000000,0.538104,-11.642895
148,0.000000,-0.094117,-2.763697
149,0.000000,0.032257,1.674111
150,0.000000,-0.011964,1.838453
151,0.000000,-1.038891,7.991543
152,0.000000,-0.308272,-0.936114
153,0.000000,-0.023707,4.144476
154,0.000000,0.863157,11.470918
155,0.000000,-0.511832,2.471993
156,0.000000,0.035831,12.892795
157,0.000000,0.631246,-4.758818
158,0.000000,-0.122427,-10.396110
159,0.000000,-0.126791,6.928391
160,0.000000,-0.188179,2.499747
161,0.000000,0.254133,5.709688
162,0.000000,-0.263311,16.418326
163,0.000000,-0.540742,5.458079
164,0.000000,-1.022380,4.571002
165,0.000000,0.344856,-2.002343
166,0.000000,-0.347572,3.801110
167,0.000000,-1.487822,6.137954
168,0.000000,0.855611,18.155721
169,0.000000,0.671289,-5.627830
170,0.000000,0.066737,0.678829
171,0.000000,-0.999611,-3.467223
172,0.000000,-0.186916,-0.807832
173,0.000000,0.598875,-4.050916
174,0.000000,-0.940323,-2.525698
175,0.000000,-0.506466,-3.011284
176,0.000000,0.030481,-6.019507
177,0.000000,0.581592,10.297005
178,0.000000,0.090554,10.525459
179,0.000000,0.237896,-3.637642
180,0.000000,-0.032395,-8.871780
181,0.000000,0.795164,2.055579
182,0.000000,-0.993998,-8.045167
183,0.000000,-0.344920,-0.434778
184,0.000000,-0.002214,-1.226362
185,0.000000,0.591017,3.867509
186,0.000000,0.105446,-0.605322
187,0.000000,1.144095,-6.780084
188,0.000000,0.127566,4.649796
189,0.000000,-0.705433,-1.523944
190,0.000000,0.853453,1.820123
191,0.000000,-0.169170,-0.253675
192,0.000000,0.358047,-11.227888
193,0.000000,-0.660005,14.164731
194,0.000000,0.259802,-2.657496
195,0.000000,-0.008393,-4.002867
196,0.000000,0.261343,-5.282523
197,0.000000,0.410008,1.836398
198,0.000000,1.250762,3.281718
199,0.000000,0.290646,-5.495293
200,0.000000,-0.443040,-5.520708
201,0.000000,-0.614073,8.177709
202,0.000000,-0.977772,-2.642621
203,0.000000,-0.449301,-6.410803
204,0.000000,-0.387541,-6.773571
205,0.000000,0.974466,0.671781
206,0.000000,0.351003,8.055283
207,0.000000,-0.278782,4.005093
208,0.000000,0.259500,9.006938
209,0.000000,0.321087,5.118338
210,0.000000,-0.721539,-7.816281
211,0.000000,-0.585454,-1.625435
212,0.000000,0.432078,-7.118849
213,0.000000,-0.100959,6.855370
214,0.000000,0.597086,8.629296
215,0.000000,0.693535,-7.293758
216,0.000000,0.271082,2.093794
217,0.000000,0.725552,-2.156622
218,0.000000,0.045841,1.170787
219,0.000000,-0.364409,6.558211
220,0.000000,0.278381,3.614653
221,0.000000,-0.587958,-3.272443
222,0.000000,0.549428,9.232624
223,0.000000,-0.679648,-1.964393
224,0.000000,-1.105757,7.762315
225,0.000000,-1.221098,-2.241053
226,0.000000,0.344850,-5.507522
227,0.000000,-0.703987,-1.133030
228,0.000000,-0.635632,-0.927250
229,0.000000,-0.534106,-6.357425
230,0.000000,0.216560,12.102281
231,0.000000,0.033618,-0.607092
232,0.000000,0.477946,1.062872
233,0.000000,0.306135,-5.583705
234,0.000000,-0.089445,-7.446048
235,0.000000,-0.502864,-8.573631
236,0.000000,0.018872,1.855944
237,0.000000,0.342359,-9.313635
238,0.000000,0.088179,5.639925
239,0.000000,-0.150965,3.000923
240,0.000000,-0.668426,-3.053676
241,0.000000,-0.288733,-11.143383
242,0.000000,-0.204596,0.714329
243,0.000000,-0.465298,7.938029
244,0.000000,-0.569838,-0.356327
245,0.000000,-0.658091,-10.335972
246,0.000000,0.374138,-0.755706
247,0.000000,-0.871271,-1.687629
248,0.000000,-0.143037,-1.083459
249,0.000000,0.210645,-9.136953
250,0.000000,0.245078,-8.333350