rep,id,eta_p0,eta_alpha,eta_tau
1,1,0.000000,-0.226366,0.619224
1,2,0.000000,0.199356,1.416085
1,3,0.000000,-0.508696,4.254517
1,4,0.000000,0.183966,-9.747733
1,5,0.000000,-0.169652,5.156491
1,6,0.000000,0.618393,-13.173906
1,7,0.000000,0.070140,-9.032243
1,8,0.000000,0.055206,-13.658879
1,9,0.000000,0.203964,-8.525363
1,10,0.000000,-0.644677,8.200577
1,11,0.000000,0.753959,-8.009201
1,12,0.000000,0.076316,3.457860
1,13,0.000000,0.435964,-2.447984
1,14,0.000000,0.735219,-5.643401
1,15,0.000000,0.380549,8.715660
1,16,0.000000,-0.077255,-13.027179
1,17,0.000000,0.268876,-1.048833
1,18,0.000000,-0.004400,-13.985721
1,19,0.000000,0.058274,4.131662
1,20,0.000000,0.004634,-7.544760
1,21,0.000000,0.055107,-5.309594
1,22,0.000000,-1.000922,12.704168
1,23,0.000000,-0.351208,-2.124125
1,24,0.000000,-1.178060,14.456917
1,25,0.000000,-0.216184,4.152061
1,26,0.000000,0.571995,2.228320
1,27,0.000000,-0.413840,-2.399874
1,28,0.000000,0.257403,-0.465097
1,29,0.000000,0.600733,5.258850
1,30,0.000000,-0.431345,-2.449219
1,31,0.000000,0.483744,-8.440560
1,32,0.000000,0.370036,-0.165656
1,33,0.000000,-0.290604,2.077974
1,34,0.000000,0.160217,-5.514140
1,35,0.000000,0.095761,1.361560
1,36,0.000000,-0.029716,-3.503885
1,37,0.000000,-0.369470,-6.728746
1,38,0.000000,0.563253,-6.487775
1,39,0.000000,-0.045566,1.071099
1,40,0.000000,0.623797,-8.060474
1,41,0.000000,-0.309733,-1.024323
1,42,0.000000,0.919924,-3.960596
1,43,0.000000,0.447424,-1.290241
1,44,0.000000,0.130802,-11.985686
1,45,0.000000,0.472872,-1.644113
1,46,0.000000,0.123916,-4.842691
1,47,0.000000,0.443361,-1.589674
1,48,0.000000,-0.305126,4.622029
1,49,0.000000,0.299648,2.440162
1,50,0.000000,0.546059,-1.458855
1,51,0.000000,0.124690,-3.578263
1,52,0.000000,0.417768,-6.127671
1,53,0.000000,0.346435,-6.294614
1,54,0.000000,-0.054144,2.409626
1,55,0.000000,0.637514,-9.460755
1,56,0.000000,0.434875,-1.275710
1,57,0.000000,0.071195,-1.120391
1,58,0.000000,-0.510829,-7.725834
1,59,0.000000,0.127450,5.455497
1,60,0.000000,0.672637,-0.892666
1,61,0.000000,0.574524,-8.956336
1,62,0.000000,0.811008,8.684569
1,63,0.000000,-0.624015,-3.630066
1,64,0.000000,0.070841,0.426080
1,65,0.000000,0.018389,7.523396
1,66,0.000000,0.605410,-1.802422
1,67,0.000000,-0.106908,16.032297
1,68,0.000000,-0.486877,5.736260
1,69,0.000000,-0.175249,5.617728
1,70,0.000000,-0.509535,6.366796
1,71,0.000000,-0.879271,9.874098
1,72,0.000000,-0.778899,0.352729
1,73,0.000000,0.101064,-2.104015
1,74,0.000000,0.240830,3.759666
1,75,0.000000,-0.594970,2.529151
1,76,0.000000,-0.003777,2.813053
1,77,0.000000,0.268813,-9.344481
1,78,0.000000,0.555963,2.647697
1,79,0.000000,-0.433807,-2.040136
1,80,0.000000,0.455162,10.838611
1,81,0.000000,-0.429130,-6.125174
1,82,0.000000,-0.282101,0.790969
1,83,0.000000,-0.298154,0.767449
1,84,0.000000,-0.363333,-5.725570
1,85,0.000000,-0.942645,4.707300
1,86,0.000000,0.318705,2.452390
1,87,0.000000,0.632496,-9.660491
1,88,0.000000,-0.097446,-1.487207
1,89,0.000000,-0.025257,-13.023082
1,90,0.000000,0.368167,5.884484
1,91,0.000000,0.040227,6.592232
1,92,0.000000,-0.500909,-6.966428
1,93,0.000000,-0.163097,-9.778064
1,94,0.000000,0.147194,7.900222
1,95,0.000000,-0.101483,-6.591461
1,96,0.000000,0.210202,-5.098908
1,97,0.000000,-0.007489,0.234783
1,98,0.000000,0.402223,-9.700480
1,99,0.000000,-0.109963,6.079168
1,100,0.000000,0.366683,-4.468471
1,101,0.000000,0.621904,-5.763682
1,102,0.000000,-0.097563,5.620770
1,103,0.000000,-0.021203,10.901742
1,104,0.000000,0.425953,-6.529537
1,105,0.000000,-0.069502,10.800762
1,106,0.000000,1.175121,-0.412625
1,107,0.000000,-0.673371,-10.125019
1,108,0.000000,0.769667,-5.161444
1,109,0.000000,0.372193,-5.462329
1,110,0.000000,-0.751432,-5.114558
1,111,0.000000,0.117954,-15.415371
1,112,0.000000,-0.479304,-1.200590
1,113,0.000000,0.296444,-3.488661
1,114,0.000000,-0.839669,-1.073776
1,115,0.000000,-0.124219,-1.094921
1,116,0.000000,0.193358,-9.437988
1,117,0.000000,0.234988,8.182948
1,118,0.000000,-0.627942,13.053906
1,119,0.000000,1.101090,-9.374061
1,120,0.000000,0.357350,12.743322
1,121,0.000000,0.042383,-4.484806
1,122,0.000000,-0.130810,12.533125
1,123,0.000000,-0.015774,14.576003
1,124,0.000000,-0.073040,8.101107
1,125,0.000000,0.145180,2.731674
1,126,0.000000,-0.691557,3.418907
1,127,0.000000,-0.577340,11.330908
1,128,0.000000,-1.305253,19.516675
1,129,0.000000,0.304365,11.481718
1,130,0.000000,-0.696625,14.622017
1,131,0.000000,0.368231,-10.699280
1,132,0.000000,-0.492953,-0.834580
1,133,0.000000,0.246650,-1.141051
1,134,0.000000,0.455019,2.787581
1,135,0.000000,-0.727137,7.009240
1,136,0.000000,1.256436,-4.464727
1,137,0.000000,-0.013651,3.745086
1,138,0.000000,1.186716,-7.587248
1,139,0.000000,-0.357252,-14.704492
1,140,0.000000,-0.745481,10.793325
1,141,0.000000,-0.330217,-0.189408
1,142,0.000000,0.054694,-14.128562
1,143,0.000000,0.181498,3.071949
1,144,0.000000,-0.382864,-5.078455
1,145,0.000000,0.578162,7.684740
1,146,0.000000,0.147841,-4.289140
1,147,0.000000,0.539964,-14.435880
1,148,0.000000,-0.146659,-3.618082
1,149,0.000000,0.111611,0.685253
1,150,0.000000,-0.084261,1.578107
1,151,0.000000,-0.950755,14.342001
1,152,0.000000,-0.304024,-0.117172
1,153,0.000000,-0.037474,3.402781
1,154,0.000000,0.353645,11.437614
1,155,0.000000,-0.494622,5.432372
1,156,0.000000,0.080818,11.992746
1,157,0.000000,0.670274,-7.609303
1,158,0.000000,-0.129878,-10.444045
1,159,0.000000,-0.107171,6.856552
1,160,0.000000,-0.176714,2.898162
1,161,0.000000,0.440880,2.722613
1,162,0.000000,-0.379588,18.390099
1,163,0.000000,-0.523707,8.222208
1,164,0.000000,-1.080085,12.977926
1,165,0.000000,0.383913,-4.174968
1,166,0.000000,-0.295797,4.823834
1,167,0.000000,-1.441927,20.517274
1,168,0.000000,0.807792,16.444060
1,169,0.000000,0.699061,-8.613483
1,170,0.000000,0.091369,-0.180732
1,171,0.000000,-0.994955,4.288022
1,172,0.000000,-0.217730,-0.480258
1,173,0.000000,0.580182,-6.994137
1,174,0.000000,-0.928384,4.105302
1,175,0.000000,-0.504150,-0.871984
1,176,0.000000,0.047953,-7.111022
1,177,0.000000,0.342910,6.986399
1,178,0.000000,-0.031681,9.059029
1,179,0.000000,0.289273,-5.187816
1,180,0.000000,-0.041173,-9.418481
1,181,0.000000,0.808961,-1.267289
1,182,0.000000,-1.067667,0.199461
1,183,0.000000,-0.347393,0.851955
1,184,0.000000,-0.015167,-1.814866
1,185,0.000000,0.560061,0.936092
1,186,0.000000,0.093427,-1.693415
1,187,0.000000,1.148158,-10.814330
1,188,0.000000,0.106890,3.284283
1,189,0.000000,-0.714889,2.696943
1,190,0.000000,0.856239,-1.648270
1,191,0.000000,-0.154348,0.065301
1,192,0.000000,0.350660,-13.395660
1,193,0.000000,-0.711532,18.699761
1,194,0.000000,0.273929,-4.387613
1,195,0.000000,0.046562,-4.541569
1,196,0.000000,0.223840,-7.393828
1,197,0.000000,0.380787,-0.463139
1,198,0.000000,1.295150,-1.172509
1,199,0.000000,0.287120,-7.321771
1,200,0.000000,-0.431792,-3.384322
1,201,0.000000,-0.670150,12.017768
1,202,0.000000,-0.963215,4.478932
1,203,0.000000,-0.434328,-4.627614
1,204,0.000000,-0.419433,-5.457225
1,205,0.000000,1.005797,-3.155283
1,206,0.000000,0.382236,5.964114
1,207,0.000000,-0.277652,4.948998
1,208,0.000000,0.029364,10.458436
1,209,0.000000,0.338653,3.183860
1,210,0.000000,-0.725943,-3.234066
1,211,0.000000,-0.524970,1.921297
1,212,0.000000,0.433754,-9.547809
1,213,0.000000,-0.091782,6.524866
1,214,0.000000,0.553518,5.567212
1,215,0.000000,0.741813,-10.378742
1,216,0.000000,0.338285,0.184085
1,217,0.000000,0.481712,-7.069943
1,218,0.000000,0.040400,0.276191
1,219,0.000000,-0.256554,6.528760
1,220,0.000000,0.307139,1.664742
1,221,0.000000,-0.599020,-0.161066
1,222,0.000000,0.725616,5.512109
1,223,0.000000,-0.673890,2.020072
1,224,0.000000,-0.921163,11.336882
1,225,0.000000,-1.110533,8.183293
1,226,0.000000,0.341234,-7.677722
1,227,0.000000,-0.688949,3.012304
1,228,0.000000,-0.665164,2.919538
1,229,0.000000,-0.554404,-3.562401
1,230,0.000000,0.108018,10.815292
1,231,0.000000,0.091607,-1.708708
1,232,0.000000,0.484881,-1.505099
1,233,0.000000,0.309422,-7.587437
1,234,0.000000,-0.025550,-7.652843
1,235,0.000000,-0.490855,-6.148845
1,236,0.000000,-0.001654,0.959329
1,237,0.000000,0.339177,-11.535595
1,238,0.000000,0.104371,4.581267
1,239,0.000000,-0.153681,2.836961
1,240,0.000000,-0.615826,0.749755
1,241,0.000000,-0.272774,-10.019539
1,242,0.000000,-0.191146,1.094523
1,243,0.000000,-0.508558,10.491339
1,244,0.000000,-0.613773,2.613466
1,245,0.000000,-0.691883,-6.594307
1,246,0.000000,0.390938,-2.899366
1,247,0.000000,-0.898713,4.735760
1,248,0.000000,-0.131772,-0.905951
1,249,0.000000,0.229659,-10.623052
1,250,0.000000,0.249988,-10.111141