          ;    Tlag_pop;      ka_pop;         V_pop;       Cl_pop;    omega_ka;     omega_V;    omega_Cl;           a
  Tlag_pop;0.2526821366;0.0000000000;  0.0000000000; 0.0000000000;0.0000000000;0.0000000000;0.0000000000;0.0000000000
    ka_pop;0.0000000000;1.2250313957;  0.0000000000; 0.0000000000;0.0000000000;0.0000000000;0.0000000000;0.0000000000
     V_pop;0.0000000000;0.0000000000;222.2156213264; 0.0000000000;0.0000000000;0.0000000000;0.0000000000;0.0000000000
    Cl_pop;0.0000000000;0.0000000000;  0.0000000000;39.3597235942;0.0000000000;0.0000000000;0.0000000000;0.0000000000
omega_Tlag;0.0000000000;0.0000000000;  0.0000000000; 0.0000000000;0.0000000000;0.0000000000;0.0000000000;0.0000000000
  omega_ka;0.0000000000;0.0000000000;  0.0000000000; 0.0000000000;1.0000000000;0.0000000000;0.0000000000;0.0000000000
   omega_V;0.0000000000;0.0000000000;  0.0000000000; 0.0000000000;0.0000000000;1.0000000000;0.0000000000;0.0000000000
  omega_Cl;0.0000000000;0.0000000000;  0.0000000000; 0.0000000000;0.0000000000;0.0000000000;1.0000000000;0.0000000000
         a;0.0000000000;0.0000000000;  0.0000000000; 0.0000000000;0.0000000000;0.0000000000;0.0000000000;1.0000000000
