          ;    Tlag_pop;      ka_pop;         V_pop;       Cl_pop;    omega_ka;     omega_V;    omega_Cl;           a
  Tlag_pop;0.3243848848;0.0000000000;  0.0000000000; 0.0000000000;0.0000000000;0.0000000000;0.0000000000;0.0000000000
    ka_pop;0.0000000000;1.8210379890;  0.0000000000; 0.0000000000;0.0000000000;0.0000000000;0.0000000000;0.0000000000
     V_pop;0.0000000000;0.0000000000;237.5799278580; 0.0000000000;0.0000000000;0.0000000000;0.0000000000;0.0000000000
    Cl_pop;0.0000000000;0.0000000000;  0.0000000000;39.5014634033;0.0000000000;0.0000000000;0.0000000000;0.0000000000
omega_Tlag;0.0000000000;0.0000000000;  0.0000000000; 0.0000000000;0.0000000000;0.0000000000;0.0000000000;0.0000000000
  omega_ka;0.0000000000;0.0000000000;  0.0000000000; 0.0000000000;1.0000000000;0.0000000000;0.0000000000;0.0000000000
   omega_V;0.0000000000;0.0000000000;  0.0000000000; 0.0000000000;0.0000000000;1.0000000000;0.0000000000;0.0000000000
  omega_Cl;0.0000000000;0.0000000000;  0.0000000000; 0.0000000000;0.0000000000;0.0000000000;1.0000000000;0.0000000000
         a;0.0000000000;0.0000000000;  0.0000000000; 0.0000000000;0.0000000000;0.0000000000;0.0000000000;1.0000000000
