Id,Time,y,d,b
1,1,2.3142,10.4921,0.08657
1,6,70.47309,10.4921,0.08657
1,11,115.16776,10.4921,0.08657
1,16,164.3847,10.4921,0.08657
1,21,224.15366,10.4921,0.08657
1,26,275.92371,10.4921,0.08657
1,31,334.26304,10.4921,0.08657
1,36,378.07686,10.4921,0.08657
1,41,430.24726,10.4921,0.08657
1,46,481.23501,10.4921,0.08657
2,1,3.89054,10.74339,-2.30579
2,6,57.88824,10.74339,-2.30579
2,11,113.52654,10.74339,-2.30579
2,16,168.26785,10.74339,-2.30579
2,21,216.13798,10.74339,-2.30579
2,26,286.88035,10.74339,-2.30579
2,31,330.86104,10.74339,-2.30579
2,36,381.59728,10.74339,-2.30579
2,41,428.47955,10.74339,-2.30579
2,46,494.08182,10.74339,-2.30579
3,1,0.2932,9.57337,-0.81882
3,6,58.49041,9.57337,-0.81882
3,11,99.83358,9.57337,-0.81882
3,16,150.42705,9.57337,-0.81882
3,21,198.57243,9.57337,-0.81882
3,26,247.1038,9.57337,-0.81882
3,31,290.52344,9.57337,-0.81882
3,36,343.52634,9.57337,-0.81882
3,41,390.54253,9.57337,-0.81882
3,46,436.85769,9.57337,-0.81882
4,1,2.79612,10.1869,-2.38454
4,6,56.32161,10.1869,-2.38454
4,11,107.47829,10.1869,-2.38454
4,16,151.03126,10.1869,-2.38454
4,21,212.69527,10.1869,-2.38454
4,26,260.29708,10.1869,-2.38454
4,31,310.5854,10.1869,-2.38454
4,36,355.68078,10.1869,-2.38454
4,41,408.66177,10.1869,-2.38454
4,46,475.96634,10.1869,-2.38454
5,1,3.6629,9.75847,-1.0025
5,6,53.45092,9.75847,-1.0025
5,11,102.33768,9.75847,-1.0025
5,16,149.95772,9.75847,-1.0025
5,21,195.17004,9.75847,-1.0025
5,26,257.96799,9.75847,-1.0025
5,31,312.03172,9.75847,-1.0025
5,36,353.86182,9.75847,-1.0025
5,41,404.73372,9.75847,-1.0025
5,46,448.55683,9.75847,-1.0025
6,1,8.99124,9.59026,-1.03723
6,6,65.15685,9.59026,-1.03723
6,11,94.89727,9.59026,-1.03723
6,16,146.29635,9.59026,-1.03723
6,21,204.11788,9.59026,-1.03723
6,26,244.23597,9.59026,-1.03723
6,31,300.50206,9.59026,-1.03723
6,36,342.71404,9.59026,-1.03723
6,41,393.43689,9.59026,-1.03723
6,46,441.63713,9.59026,-1.03723
7,1,14.44536,10.86525,1.17528
7,6,78.18726,10.86525,1.17528
7,11,124.54279,10.86525,1.17528
7,16,177.05051,10.86525,1.17528
7,21,228.75043,10.86525,1.17528
7,26,283.94341,10.86525,1.17528
7,31,343.06877,10.86525,1.17528
7,36,386.80169,10.86525,1.17528
7,41,438.73613,10.86525,1.17528
7,46,503.9497,10.86525,1.17528
8,1,9.94992,11.18205,1.96193
8,6,58.60909,11.18205,1.96193
8,11,119.14078,11.18205,1.96193
8,16,185.23504,11.18205,1.96193
8,21,230.34998,11.18205,1.96193
8,26,293.26361,11.18205,1.96193
8,31,344.58153,11.18205,1.96193
8,36,406.57639,11.18205,1.96193
8,41,466.40069,11.18205,1.96193
8,46,521.74129,11.18205,1.96193
9,1,9.9134,8.95549,-0.27762
9,6,54.35498,8.95549,-0.27762
9,11,93.56232,8.95549,-0.27762
9,16,148.58557,8.95549,-0.27762
9,21,185.58533,8.95549,-0.27762
9,26,233.85423,8.95549,-0.27762
9,31,275.08751,8.95549,-0.27762
9,36,316.4505,8.95549,-0.27762
9,41,369.01553,8.95549,-0.27762
9,46,401.97828,8.95549,-0.27762
10,1,10.80489,10.08997,1.49421
10,6,51.23756,10.08997,1.49421
10,11,112.17554,10.08997,1.49421
10,16,162.14364,10.08997,1.49421
10,21,206.19042,10.08997,1.49421
10,26,263.41583,10.08997,1.49421
10,31,312.798,10.08997,1.49421
10,36,371.40568,10.08997,1.49421
10,41,409.66093,10.08997,1.49421
10,46,478.98928,10.08997,1.49421
11,1,8.00406,8.92035,0.68829
11,6,48.57969,8.92035,0.68829
11,11,89.19037,8.92035,0.68829
11,16,141.9665,8.92035,0.68829
11,21,189.74591,8.92035,0.68829
11,26,232.47203,8.92035,0.68829
11,31,280.12107,8.92035,0.68829
11,36,322.87239,8.92035,0.68829
11,41,362.8232,8.92035,0.68829
11,46,413.11514,8.92035,0.68829
12,1,4.09984,9.43693,0.35817
12,6,59.26205,9.43693,0.35817
12,11,103.05756,9.43693,0.35817
12,16,146.51122,9.43693,0.35817
12,21,199.13829,9.43693,0.35817
12,26,241.5924,9.43693,0.35817
12,31,287.47737,9.43693,0.35817
12,36,334.1849,9.43693,0.35817
12,41,387.02823,9.43693,0.35817
12,46,428.00788,9.43693,0.35817
13,1,5.44849,10.22823,-1.2781
13,6,60.00386,10.22823,-1.2781
13,11,113.35336,10.22823,-1.2781
13,16,157.13541,10.22823,-1.2781
13,21,211.98373,10.22823,-1.2781
13,26,262.02485,10.22823,-1.2781
13,31,323.37762,10.22823,-1.2781
13,36,361.3446,10.22823,-1.2781
13,41,411.50643,10.22823,-1.2781
13,46,464.69975,10.22823,-1.2781
14,1,7.32984,9.99126,-0.40066
14,6,55.01109,9.99126,-0.40066
14,11,107.37495,9.99126,-0.40066
14,16,155.24221,9.99126,-0.40066
14,21,206.18287,9.99126,-0.40066
14,26,262.61424,9.99126,-0.40066
14,31,310.42275,9.99126,-0.40066
14,36,361.12464,9.99126,-0.40066
14,41,412.93018,9.99126,-0.40066
14,46,455.66847,9.99126,-0.40066
15,1,5.82144,9.54642,0.0957
15,6,63.83072,9.54642,0.0957
15,11,100.69068,9.54642,0.0957
15,16,153.89916,9.54642,0.0957
15,21,201.64033,9.54642,0.0957
15,26,246.94696,9.54642,0.0957
15,31,286.26309,9.54642,0.0957
15,36,342.40216,9.54642,0.0957
15,41,389.92316,9.54642,0.0957
15,46,449.58454,9.54642,0.0957
16,1,14.42184,10.64565,-0.52827
16,6,61.53727,10.64565,-0.52827
16,11,109.12909,10.64565,-0.52827
16,16,167.36378,10.64565,-0.52827
16,21,222.37161,10.64565,-0.52827
16,26,277.01773,10.64565,-0.52827
16,31,329.84126,10.64565,-0.52827
16,36,392.771,10.64565,-0.52827
16,41,432.3385,10.64565,-0.52827
16,46,490.10611,10.64565,-0.52827
17,1,10.06805,9.81916,2.72179
17,6,70.37562,9.81916,2.72179
17,11,106.91023,9.81916,2.72179
17,16,154.06527,9.81916,2.72179
17,21,213.18809,9.81916,2.72179
17,26,264.96033,9.81916,2.72179
17,31,300.82451,9.81916,2.72179
17,36,354.85541,9.81916,2.72179
17,41,400.43764,9.81916,2.72179
17,46,449.08852,9.81916,2.72179
18,1,10.06366,10.87388,0.01084
18,6,67.75322,10.87388,0.01084
18,11,125.88329,10.87388,0.01084
18,16,166.27027,10.87388,0.01084
18,21,231.86224,10.87388,0.01084
18,26,282.16419,10.87388,0.01084
18,31,334.56082,10.87388,0.01084
18,36,391.1524,10.87388,0.01084
18,41,451.65844,10.87388,0.01084
18,46,496.945,10.87388,0.01084
19,1,10.60258,10.24991,0.67157
19,6,56.26212,10.24991,0.67157
19,11,111.86815,10.24991,0.67157
19,16,172.05951,10.24991,0.67157
19,21,217.70412,10.24991,0.67157
19,26,259.89544,10.24991,0.67157
19,31,318.60961,10.24991,0.67157
19,36,375.5341,10.24991,0.67157
19,41,419.92892,10.24991,0.67157
19,46,465.86664,10.24991,0.67157
20,1,10.88891,9.40911,0.87244
20,6,56.28469,9.40911,0.87244
20,11,100.83099,9.40911,0.87244
20,16,153.45236,9.40911,0.87244
20,21,204.81368,9.40911,0.87244
20,26,252.92043,9.40911,0.87244
20,31,290.67393,9.40911,0.87244
20,36,341.60402,9.40911,0.87244
20,41,383.73861,9.40911,0.87244
20,46,428.45678,9.40911,0.87244
21,1,13.39879,9.89576,1.24294
21,6,60.67687,9.89576,1.24294
21,11,114.81677,9.89576,1.24294
21,16,158.27033,9.89576,1.24294
21,21,216.45407,9.89576,1.24294
21,26,266.7652,9.89576,1.24294
21,31,313.73434,9.89576,1.24294
21,36,357.14076,9.89576,1.24294
21,41,409.91387,9.89576,1.24294
21,46,450.32491,9.89576,1.24294
22,1,10.22388,10.00594,1.90404
22,6,59.91403,10.00594,1.90404
22,11,120.57601,10.00594,1.90404
22,16,162.41422,10.00594,1.90404
22,21,210.57634,10.00594,1.90404
22,26,256.18852,10.00594,1.90404
22,31,303.98112,10.00594,1.90404
22,36,359.73788,10.00594,1.90404
22,41,413.86326,10.00594,1.90404
22,46,450.27606,10.00594,1.90404
23,1,10.06488,9.79744,0.32556
23,6,62.55331,9.79744,0.32556
23,11,104.43182,9.79744,0.32556
23,16,161.37072,9.79744,0.32556
23,21,213.61549,9.79744,0.32556
23,26,257.02592,9.79744,0.32556
23,31,308.43013,9.79744,0.32556
23,36,359.02635,9.79744,0.32556
23,41,399.16711,9.79744,0.32556
23,46,450.82927,9.79744,0.32556
24,1,3.91435,10.34431,0.97675
24,6,64.72918,10.34431,0.97675
24,11,117.64646,10.34431,0.97675
24,16,179.53489,10.34431,0.97675
24,21,221.08306,10.34431,0.97675
24,26,260.88393,10.34431,0.97675
24,31,319.32222,10.34431,0.97675
24,36,375.94281,10.34431,0.97675
24,41,420.29791,10.34431,0.97675
24,46,474.08294,10.34431,0.97675
25,1,5.43373,10.16866,-1.96269
25,6,51.97141,10.16866,-1.96269
25,11,103.60333,10.16866,-1.96269
25,16,165.11882,10.16866,-1.96269
25,21,211.08629,10.16866,-1.96269
25,26,259.76688,10.16866,-1.96269
25,31,311.29309,10.16866,-1.96269
25,36,362.95756,10.16866,-1.96269
25,41,411.8896,10.16866,-1.96269
25,46,475.08976,10.16866,-1.96269
26,1,15.14891,9.29222,-0.1089
26,6,55.33759,9.29222,-0.1089
26,11,99.12603,9.29222,-0.1089
26,16,142.13183,9.29222,-0.1089
26,21,199.56872,9.29222,-0.1089
26,26,241.89278,9.29222,-0.1089
26,31,284.75332,9.29222,-0.1089
26,36,328.42567,9.29222,-0.1089
26,41,382.59479,9.29222,-0.1089
26,46,434.67832,9.29222,-0.1089
27,1,15.0923,9.96932,3.38624
27,6,69.74947,9.96932,3.38624
27,11,122.15279,9.96932,3.38624
27,16,159.68364,9.96932,3.38624
27,21,216.6754,9.96932,3.38624
27,26,262.33992,9.96932,3.38624
27,31,305.79924,9.96932,3.38624
27,36,363.19751,9.96932,3.38624
27,41,418.08168,9.96932,3.38624
27,46,453.47845,9.96932,3.38624
28,1,9.41896,10.65473,1.6947
28,6,63.91746,10.65473,1.6947
28,11,125.07159,10.65473,1.6947
28,16,175.94016,10.65473,1.6947
28,21,222.12608,10.65473,1.6947
28,26,270.2306,10.65473,1.6947
28,31,344.65592,10.65473,1.6947
28,36,382.31473,10.65473,1.6947
28,41,443.42489,10.65473,1.6947
28,46,494.71204,10.65473,1.6947
29,1,10.84498,9.82944,-0.17219
29,6,68.22091,9.82944,-0.17219
29,11,104.1835,9.82944,-0.17219
29,16,146.94823,9.82944,-0.17219
29,21,208.11901,9.82944,-0.17219
29,26,257.78974,9.82944,-0.17219
29,31,304.31072,9.82944,-0.17219
29,36,346.9975,9.82944,-0.17219
29,41,410.20343,9.82944,-0.17219
29,46,449.77432,9.82944,-0.17219
30,1,8.92179,10.94165,1.47509
30,6,65.84845,10.94165,1.47509
30,11,116.93101,10.94165,1.47509
30,16,179.10859,10.94165,1.47509
30,21,238.4014,10.94165,1.47509
30,26,285.91245,10.94165,1.47509
30,31,342.07753,10.94165,1.47509
30,36,392.97449,10.94165,1.47509
30,41,447.65218,10.94165,1.47509
30,46,501.54928,10.94165,1.47509
31,1,11.40516,9.87235,-0.39798
31,6,65.43183,9.87235,-0.39798
31,11,112.77469,9.87235,-0.39798
31,16,153.4481,9.87235,-0.39798
31,21,195.88544,9.87235,-0.39798
31,26,250.94832,9.87235,-0.39798
31,31,302.67972,9.87235,-0.39798
31,36,356.75495,9.87235,-0.39798
31,41,404.88124,9.87235,-0.39798
31,46,450.47742,9.87235,-0.39798
32,1,9.63522,10.65957,1.77232
32,6,61.30513,10.65957,1.77232
32,11,127.15332,10.65957,1.77232
32,16,166.48168,10.65957,1.77232
32,21,219.10037,10.65957,1.77232
32,26,279.31043,10.65957,1.77232
32,31,330.99848,10.65957,1.77232
32,36,384.73059,10.65957,1.77232
32,41,438.69907,10.65957,1.77232
32,46,489.25653,10.65957,1.77232
33,1,8.70126,9.55754,-0.11867
33,6,45.78656,9.55754,-0.11867
33,11,101.67981,9.55754,-0.11867
33,16,148.72549,9.55754,-0.11867
33,21,193.76434,9.55754,-0.11867
33,26,245.2091,9.55754,-0.11867
33,31,292.40747,9.55754,-0.11867
33,36,347.24387,9.55754,-0.11867
33,41,398.62816,9.55754,-0.11867
33,46,441.29978,9.55754,-0.11867
34,1,5.38976,8.856,0.70495
34,6,48.56873,8.856,0.70495
34,11,99.46955,8.856,0.70495
34,16,143.44298,8.856,0.70495
34,21,192.01678,8.856,0.70495
34,26,237.28985,8.856,0.70495
34,31,272.93159,8.856,0.70495
34,36,317.10218,8.856,0.70495
34,41,363.47302,8.856,0.70495
34,46,411.85055,8.856,0.70495
35,1,9.57344,9.47278,-0.66848
35,6,55.21458,9.47278,-0.66848
35,11,103.63971,9.47278,-0.66848
35,16,147.36852,9.47278,-0.66848
35,21,202.2934,9.47278,-0.66848
35,26,240.80748,9.47278,-0.66848
35,31,291.43863,9.47278,-0.66848
35,36,334.5238,9.47278,-0.66848
35,41,378.68121,9.47278,-0.66848
35,46,434.73164,9.47278,-0.66848
36,1,12.76679,9.90464,1.30765
36,6,69.47578,9.90464,1.30765
36,11,105.37894,9.90464,1.30765
36,16,152.4767,9.90464,1.30765
36,21,209.25084,9.90464,1.30765
36,26,254.87887,9.90464,1.30765
36,31,316.68395,9.90464,1.30765
36,36,356.07451,9.90464,1.30765
36,41,414.2083,9.90464,1.30765
36,46,448.10804,9.90464,1.30765
37,1,11.08116,10.87403,1.6218
37,6,56.58293,10.87403,1.6218
37,11,122.07461,10.87403,1.6218
37,16,173.00234,10.87403,1.6218
37,21,238.58849,10.87403,1.6218
37,26,281.85908,10.87403,1.6218
37,31,336.90541,10.87403,1.6218
37,36,391.46306,10.87403,1.6218
37,41,449.03359,10.87403,1.6218
37,46,508.47811,10.87403,1.6218
38,1,13.98577,8.9717,0.43413
38,6,66.48979,8.9717,0.43413
38,11,109.69355,8.9717,0.43413
38,16,148.54823,8.9717,0.43413
38,21,180.70819,8.9717,0.43413
38,26,230.82218,8.9717,0.43413
38,31,281.82739,8.9717,0.43413
38,36,325.07045,8.9717,0.43413
38,41,373.2439,8.9717,0.43413
38,46,405.65314,8.9717,0.43413
39,1,16.17097,11.22255,2.83198
39,6,58.99693,11.22255,2.83198
39,11,127.06073,11.22255,2.83198
39,16,186.83229,11.22255,2.83198
39,21,236.93821,11.22255,2.83198
39,26,294.17712,11.22255,2.83198
39,31,346.80948,11.22255,2.83198
39,36,406.32999,11.22255,2.83198
39,41,471.59786,11.22255,2.83198
39,46,510.29515,11.22255,2.83198
40,1,15.71599,8.88297,1.84658
40,6,59.60103,8.88297,1.84658
40,11,103.7764,8.88297,1.84658
40,16,141.1544,8.88297,1.84658
40,21,192.42949,8.88297,1.84658
40,26,230.25058,8.88297,1.84658
40,31,284.76561,8.88297,1.84658
40,36,324.60547,8.88297,1.84658
40,41,368.61448,8.88297,1.84658
40,46,395.99221,8.88297,1.84658
41,1,9.61906,10.44566,2.99458
41,6,69.97191,10.44566,2.99458
41,11,118.11871,10.44566,2.99458
41,16,170.86359,10.44566,2.99458
41,21,216.96699,10.44566,2.99458
41,26,274.12537,10.44566,2.99458
41,31,325.70162,10.44566,2.99458
41,36,379.78655,10.44566,2.99458
41,41,432.02812,10.44566,2.99458
41,46,486.20822,10.44566,2.99458
42,1,19.34132,10.43033,-0.52847
42,6,58.92906,10.43033,-0.52847
42,11,112.83988,10.43033,-0.52847
42,16,172.37897,10.43033,-0.52847
42,21,220.10637,10.43033,-0.52847
42,26,266.02606,10.43033,-0.52847
42,31,335.66001,10.43033,-0.52847
42,36,379.81852,10.43033,-0.52847
42,41,420.54591,10.43033,-0.52847
42,46,482.12801,10.43033,-0.52847
43,1,10.74244,9.68755,4.77578
43,6,68.01396,9.68755,4.77578
43,11,109.92658,9.68755,4.77578
43,16,152.42365,9.68755,4.77578
43,21,210.90769,9.68755,4.77578
43,26,260.01434,9.68755,4.77578
43,31,309.27778,9.68755,4.77578
43,36,355.91483,9.68755,4.77578
43,41,407.23033,9.68755,4.77578
43,46,445.77648,9.68755,4.77578
44,1,10.21247,10.51129,-0.48836
44,6,63.2359,10.51129,-0.48836
44,11,121.95606,10.51129,-0.48836
44,16,164.49135,10.51129,-0.48836
44,21,221.10229,10.51129,-0.48836
44,26,280.75114,10.51129,-0.48836
44,31,331.61196,10.51129,-0.48836
44,36,374.28974,10.51129,-0.48836
44,41,435.43664,10.51129,-0.48836
44,46,478.48254,10.51129,-0.48836
45,1,13.83922,10.06565,1.07581
45,6,66.87488,10.06565,1.07581
45,11,117.73476,10.06565,1.07581
45,16,163.0967,10.06565,1.07581
45,21,205.67123,10.06565,1.07581
45,26,271.99499,10.06565,1.07581
45,31,303.94724,10.06565,1.07581
45,36,371.88011,10.06565,1.07581
45,41,414.54321,10.06565,1.07581
45,46,460.32456,10.06565,1.07581
46,1,19.40257,10.54051,2.0791
46,6,60.8067,10.54051,2.0791
46,11,124.08401,10.54051,2.0791
46,16,168.53812,10.54051,2.0791
46,21,222.48573,10.54051,2.0791
46,26,273.82475,10.54051,2.0791
46,31,327.82387,10.54051,2.0791
46,36,372.43088,10.54051,2.0791
46,41,436.37918,10.54051,2.0791
46,46,502.34164,10.54051,2.0791
47,1,9.68251,9.54845,3.71318
47,6,60.55997,9.54845,3.71318
47,11,104.61407,9.54845,3.71318
47,16,152.97701,9.54845,3.71318
47,21,201.17774,9.54845,3.71318
47,26,248.55233,9.54845,3.71318
47,31,302.80341,9.54845,3.71318
47,36,342.02096,9.54845,3.71318
47,41,399.17357,9.54845,3.71318
47,46,446.58824,9.54845,3.71318
48,1,11.09767,9.95561,-0.43165
48,6,69.59634,9.95561,-0.43165
48,11,111.15614,9.95561,-0.43165
48,16,157.59426,9.95561,-0.43165
48,21,208.04128,9.95561,-0.43165
48,26,248.30081,9.95561,-0.43165
48,31,306.84905,9.95561,-0.43165
48,36,347.34142,9.95561,-0.43165
48,41,406.58409,9.95561,-0.43165
48,46,452.99613,9.95561,-0.43165
49,1,10.24293,11.02943,1.62949
49,6,64.91995,11.02943,1.62949
49,11,126.31497,11.02943,1.62949
49,16,168.47,11.02943,1.62949
49,21,231.08081,11.02943,1.62949
49,26,287.97041,11.02943,1.62949
49,31,346.98457,11.02943,1.62949
49,36,395.00958,11.02943,1.62949
49,41,452.31328,11.02943,1.62949
49,46,501.21305,11.02943,1.62949
50,1,-2.54875,9.71139,0.03361
50,6,55.71432,9.71139,0.03361
50,11,104.08971,9.71139,0.03361
50,16,153.7324,9.71139,0.03361
50,21,206.13207,9.71139,0.03361
50,26,250.13724,9.71139,0.03361
50,31,303.09954,9.71139,0.03361
50,36,358.22065,9.71139,0.03361
50,41,391.29125,9.71139,0.03361
50,46,447.49734,9.71139,0.03361
51,1,11.93082,9.74124,-3.9175
51,6,48.08782,9.74124,-3.9175
51,11,102.89106,9.74124,-3.9175
51,16,150.30522,9.74124,-3.9175
51,21,209.46441,9.74124,-3.9175
51,26,249.15414,9.74124,-3.9175
51,31,292.4929,9.74124,-3.9175
51,36,342.93079,9.74124,-3.9175
51,41,394.61753,9.74124,-3.9175
51,46,454.26562,9.74124,-3.9175
52,1,6.58976,9.35579,3.44283
52,6,53.37189,9.35579,3.44283
52,11,112.98075,9.35579,3.44283
52,16,151.40074,9.35579,3.44283
52,21,203.6471,9.35579,3.44283
52,26,251.81311,9.35579,3.44283
52,31,290.28252,9.35579,3.44283
52,36,334.29631,9.35579,3.44283
52,41,388.81789,9.35579,3.44283
52,46,436.82594,9.35579,3.44283
53,1,8.95344,9.37943,-1.48354
53,6,61.69287,9.37943,-1.48354
53,11,97.62428,9.37943,-1.48354
53,16,147.35761,9.37943,-1.48354
53,21,188.28494,9.37943,-1.48354
53,26,241.92793,9.37943,-1.48354
53,31,295.928,9.37943,-1.48354
53,36,338.8248,9.37943,-1.48354
53,41,389.81861,9.37943,-1.48354
53,46,436.29557,9.37943,-1.48354
54,1,15.84268,10.68998,1.42302
54,6,66.98275,10.68998,1.42302
54,11,118.88913,10.68998,1.42302
54,16,181.669,10.68998,1.42302
54,21,224.49138,10.68998,1.42302
54,26,284.30504,10.68998,1.42302
54,31,333.45304,10.68998,1.42302
54,36,386.38207,10.68998,1.42302
54,41,443.73485,10.68998,1.42302
54,46,489.09908,10.68998,1.42302
55,1,8.83105,10.14198,2.49187
55,6,52.32462,10.14198,2.49187
55,11,110.0858,10.14198,2.49187
55,16,166.73599,10.14198,2.49187
55,21,216.26485,10.14198,2.49187
55,26,262.93972,10.14198,2.49187
55,31,313.06871,10.14198,2.49187
55,36,364.66179,10.14198,2.49187
55,41,420.03708,10.14198,2.49187
55,46,463.19861,10.14198,2.49187
56,1,9.65653,8.89808,-0.52112
56,6,56.39341,8.89808,-0.52112
56,11,99.47584,8.89808,-0.52112
56,16,138.1243,8.89808,-0.52112
56,21,180.80015,8.89808,-0.52112
56,26,245.51316,8.89808,-0.52112
56,31,272.19813,8.89808,-0.52112
56,36,321.90192,8.89808,-0.52112
56,41,369.02797,8.89808,-0.52112
56,46,409.40976,8.89808,-0.52112
57,1,12.30302,10.3526,1.51183
57,6,66.97609,10.3526,1.51183
57,11,109.83006,10.3526,1.51183
57,16,170.49585,10.3526,1.51183
57,21,226.65611,10.3526,1.51183
57,26,260.93192,10.3526,1.51183
57,31,317.80782,10.3526,1.51183
57,36,382.76663,10.3526,1.51183
57,41,431.72713,10.3526,1.51183
57,46,474.66784,10.3526,1.51183
58,1,-0.54561,10.33487,1.17544
58,6,74.65609,10.33487,1.17544
58,11,117.97569,10.33487,1.17544
58,16,168.86702,10.33487,1.17544
58,21,217.75134,10.33487,1.17544
58,26,264.40861,10.33487,1.17544
58,31,318.89479,10.33487,1.17544
58,36,375.62608,10.33487,1.17544
58,41,426.9648,10.33487,1.17544
58,46,481.2045,10.33487,1.17544
59,1,3.56777,11.14715,-3.82236
59,6,59.50745,11.14715,-3.82236
59,11,120.56257,11.14715,-3.82236
59,16,166.45161,11.14715,-3.82236
59,21,228.73616,11.14715,-3.82236
59,26,284.33513,11.14715,-3.82236
59,31,333.33513,11.14715,-3.82236
59,36,408.03022,11.14715,-3.82236
59,41,455.27415,11.14715,-3.82236
59,46,511.58996,11.14715,-3.82236
60,1,6.46405,9.64469,-0.50281
60,6,62.92292,9.64469,-0.50281
60,11,109.62674,9.64469,-0.50281
60,16,153.92149,9.64469,-0.50281
60,21,202.51848,9.64469,-0.50281
60,26,251.08339,9.64469,-0.50281
60,31,292.53322,9.64469,-0.50281
60,36,355.51569,9.64469,-0.50281
60,41,399.6756,9.64469,-0.50281
60,46,440.04896,9.64469,-0.50281
61,1,4.87124,10.55576,-0.07114
61,6,63.70341,10.55576,-0.07114
61,11,112.70893,10.55576,-0.07114
61,16,173.9888,10.55576,-0.07114
61,21,219.40608,10.55576,-0.07114
61,26,272.54688,10.55576,-0.07114
61,31,325.50466,10.55576,-0.07114
61,36,384.1834,10.55576,-0.07114
61,41,436.66002,10.55576,-0.07114
61,46,491.74693,10.55576,-0.07114
62,1,8.60814,10.044,-1.24535
62,6,51.15196,10.044,-1.24535
62,11,111.58967,10.044,-1.24535
62,16,168.45818,10.044,-1.24535
62,21,202.10992,10.044,-1.24535
62,26,254.73045,10.044,-1.24535
62,31,314.33593,10.044,-1.24535
62,36,361.49263,10.044,-1.24535
62,41,411.82189,10.044,-1.24535
62,46,458.77208,10.044,-1.24535
63,1,17.30891,9.21333,0.9238
63,6,56.63469,9.21333,0.9238
63,11,100.05186,9.21333,0.9238
63,16,151.10027,9.21333,0.9238
63,21,190.72732,9.21333,0.9238
63,26,236.28206,9.21333,0.9238
63,31,287.28985,9.21333,0.9238
63,36,330.74361,9.21333,0.9238
63,41,371.96646,9.21333,0.9238
63,46,425.93767,9.21333,0.9238
64,1,8.98542,10.04309,3.86871
64,6,59.95315,10.04309,3.86871
64,11,105.92278,10.04309,3.86871
64,16,155.67866,10.04309,3.86871
64,21,211.38364,10.04309,3.86871
64,26,272.5232,10.04309,3.86871
64,31,318.06788,10.04309,3.86871
64,36,362.21986,10.04309,3.86871
64,41,419.35171,10.04309,3.86871
64,46,471.56317,10.04309,3.86871
65,1,6.91925,9.58259,-0.97055
65,6,60.90024,9.58259,-0.97055
65,11,97.52786,9.58259,-0.97055
65,16,162.01809,9.58259,-0.97055
65,21,191.63293,9.58259,-0.97055
65,26,256.65373,9.58259,-0.97055
65,31,287.65572,9.58259,-0.97055
65,36,338.31482,9.58259,-0.97055
65,41,389.2568,9.58259,-0.97055
65,46,433.58191,9.58259,-0.97055
66,1,6.99214,10.43752,0.32289
66,6,67.40301,10.43752,0.32289
66,11,120.8071,10.43752,0.32289
66,16,162.36615,10.43752,0.32289
66,21,217.31291,10.43752,0.32289
66,26,269.87442,10.43752,0.32289
66,31,327.60778,10.43752,0.32289
66,36,368.24363,10.43752,0.32289
66,41,424.95414,10.43752,0.32289
66,46,479.70937,10.43752,0.32289
67,1,9.54328,10.4455,-0.50731
67,6,61.25547,10.4455,-0.50731
67,11,120.13836,10.4455,-0.50731
67,16,165.20879,10.4455,-0.50731
67,21,215.04508,10.4455,-0.50731
67,26,276.88574,10.4455,-0.50731
67,31,314.89838,10.4455,-0.50731
67,36,370.75269,10.4455,-0.50731
67,41,426.4309,10.4455,-0.50731
67,46,477.32441,10.4455,-0.50731
68,1,13.32085,9.90898,0.84204
68,6,50.59778,9.90898,0.84204
68,11,109.99462,9.90898,0.84204
68,16,156.58663,9.90898,0.84204
68,21,206.87301,9.90898,0.84204
68,26,255.43486,9.90898,0.84204
68,31,308.14298,9.90898,0.84204
68,36,365.54906,9.90898,0.84204
68,41,404.68992,9.90898,0.84204
68,46,461.61039,9.90898,0.84204
69,1,11.78142,9.03019,2.02793
69,6,64.43466,9.03019,2.02793
69,11,95.69629,9.03019,2.02793
69,16,144.5524,9.03019,2.02793
69,21,199.11442,9.03019,2.02793
69,26,229.18074,9.03019,2.02793
69,31,283.89875,9.03019,2.02793
69,36,327.73736,9.03019,2.02793
69,41,366.03791,9.03019,2.02793
69,46,424.88411,9.03019,2.02793
70,1,9.10539,10.82256,1.28932
70,6,72.43696,10.82256,1.28932
70,11,126.10083,10.82256,1.28932
70,16,174.77591,10.82256,1.28932
70,21,233.41162,10.82256,1.28932
70,26,273.53578,10.82256,1.28932
70,31,336.80681,10.82256,1.28932
70,36,392.22512,10.82256,1.28932
70,41,450.19051,10.82256,1.28932
70,46,490.44549,10.82256,1.28932
71,1,12.56441,10.62123,-0.20259
71,6,57.80027,10.62123,-0.20259
71,11,115.54794,10.62123,-0.20259
71,16,164.54889,10.62123,-0.20259
71,21,221.22532,10.62123,-0.20259
71,26,271.9496,10.62123,-0.20259
71,31,324.1192,10.62123,-0.20259
71,36,378.51198,10.62123,-0.20259
71,41,423.82501,10.62123,-0.20259
71,46,495.14215,10.62123,-0.20259
72,1,-2.36186,9.42755,1.85831
72,6,53.33729,9.42755,1.85831
72,11,112.99015,9.42755,1.85831
72,16,151.45717,9.42755,1.85831
72,21,194.80961,9.42755,1.85831
72,26,253.75094,9.42755,1.85831
72,31,290.4588,9.42755,1.85831
72,36,343.07428,9.42755,1.85831
72,41,387.87385,9.42755,1.85831
72,46,438.95519,9.42755,1.85831
73,1,5.03031,9.49137,-4.45909
73,6,50.54141,9.49137,-4.45909
73,11,97.94911,9.49137,-4.45909
73,16,147.41055,9.49137,-4.45909
73,21,189.91065,9.49137,-4.45909
73,26,253.48088,9.49137,-4.45909
73,31,288.05843,9.49137,-4.45909
73,36,347.19119,9.49137,-4.45909
73,41,391.45579,9.49137,-4.45909
73,46,431.62481,9.49137,-4.45909
74,1,16.63805,9.80523,0.99921
74,6,54.76109,9.80523,0.99921
74,11,118.61459,9.80523,0.99921
74,16,155.23668,9.80523,0.99921
74,21,202.60573,9.80523,0.99921
74,26,247.27931,9.80523,0.99921
74,31,303.28106,9.80523,0.99921
74,36,352.50425,9.80523,0.99921
74,41,404.21567,9.80523,0.99921
74,46,449.43706,9.80523,0.99921
75,1,23.68969,9.49305,3.33344
75,6,63.18532,9.49305,3.33344
75,11,107.52148,9.49305,3.33344
75,16,148.79512,9.49305,3.33344
75,21,197.79946,9.49305,3.33344
75,26,254.13806,9.49305,3.33344
75,31,302.83817,9.49305,3.33344
75,36,352.24783,9.49305,3.33344
75,41,386.02238,9.49305,3.33344
75,46,442.29193,9.49305,3.33344
76,1,14.16974,10.28936,5.34528
76,6,67.96791,10.28936,5.34528
76,11,117.72839,10.28936,5.34528
76,16,176.22829,10.28936,5.34528
76,21,228.89862,10.28936,5.34528
76,26,277.84998,10.28936,5.34528
76,31,319.87159,10.28936,5.34528
76,36,369.36093,10.28936,5.34528
76,41,419.59531,10.28936,5.34528
76,46,480.65182,10.28936,5.34528
77,1,15.61092,10.08865,0.41404
77,6,58.74659,10.08865,0.41404
77,11,113.16557,10.08865,0.41404
77,16,157.98002,10.08865,0.41404
77,21,219.40704,10.08865,0.41404
77,26,262.77647,10.08865,0.41404
77,31,311.56032,10.08865,0.41404
77,36,356.6324,10.08865,0.41404
77,41,419.71396,10.08865,0.41404
77,46,463.22314,10.08865,0.41404
78,1,5.72953,9.78007,3.04329
78,6,61.28004,9.78007,3.04329
78,11,113.00726,9.78007,3.04329
78,16,160.12635,9.78007,3.04329
78,21,205.30456,9.78007,3.04329
78,26,257.6738,9.78007,3.04329
78,31,305.84459,9.78007,3.04329
78,36,354.41065,9.78007,3.04329
78,41,413.13762,9.78007,3.04329
78,46,449.11917,9.78007,3.04329
79,1,8.7224,9.95564,-1.83753
79,6,60.38113,9.95564,-1.83753
79,11,104.48911,9.95564,-1.83753
79,16,156.70593,9.95564,-1.83753
79,21,207.90255,9.95564,-1.83753
79,26,252.34033,9.95564,-1.83753
79,31,302.50596,9.95564,-1.83753
79,36,364.32445,9.95564,-1.83753
79,41,398.03505,9.95564,-1.83753
79,46,455.4136,9.95564,-1.83753
80,1,12.60726,10.24848,1.24172
80,6,51.56841,10.24848,1.24172
80,11,117.7759,10.24848,1.24172
80,16,168.64082,10.24848,1.24172
80,21,214.73455,10.24848,1.24172
80,26,265.23731,10.24848,1.24172
80,31,327.19604,10.24848,1.24172
80,36,372.67133,10.24848,1.24172
80,41,423.11296,10.24848,1.24172
80,46,475.45862,10.24848,1.24172
81,1,13.61796,8.88358,1.44682
81,6,58.7669,8.88358,1.44682
81,11,106.71657,8.88358,1.44682
81,16,141.82485,8.88358,1.44682
81,21,180.31295,8.88358,1.44682
81,26,235.8025,8.88358,1.44682
81,31,278.29096,8.88358,1.44682
81,36,318.51161,8.88358,1.44682
81,41,357.40387,8.88358,1.44682
81,46,406.37491,8.88358,1.44682
82,1,21.21537,10.40186,2.31503
82,6,75.52598,10.40186,2.31503
82,11,124.05633,10.40186,2.31503
82,16,171.8708,10.40186,2.31503
82,21,215.05719,10.40186,2.31503
82,26,259.65378,10.40186,2.31503
82,31,317.07522,10.40186,2.31503
82,36,374.60002,10.40186,2.31503
82,41,428.89512,10.40186,2.31503
82,46,475.85797,10.40186,2.31503
83,1,7.4654,11.07998,4.39939
83,6,71.77887,11.07998,4.39939
83,11,127.35739,11.07998,4.39939
83,16,175.425,11.07998,4.39939
83,21,237.71368,11.07998,4.39939
83,26,299.44986,11.07998,4.39939
83,31,343.01086,11.07998,4.39939
83,36,403.93515,11.07998,4.39939
83,41,460.37564,11.07998,4.39939
83,46,507.36305,11.07998,4.39939
84,1,-1.83209,10.08996,-2.20559
84,6,54.2915,10.08996,-2.20559
84,11,103.25807,10.08996,-2.20559
84,16,162.0092,10.08996,-2.20559
84,21,216.72614,10.08996,-2.20559
84,26,255.01241,10.08996,-2.20559
84,31,303.62327,10.08996,-2.20559
84,36,355.98323,10.08996,-2.20559
84,41,407.27348,10.08996,-2.20559
84,46,461.34426,10.08996,-2.20559
85,1,16.03243,9.59573,-2.88658
85,6,58.15192,9.59573,-2.88658
85,11,104.64422,9.59573,-2.88658
85,16,157.26357,9.59573,-2.88658
85,21,197.78117,9.59573,-2.88658
85,26,244.36325,9.59573,-2.88658
85,31,294.00985,9.59573,-2.88658
85,36,347.02096,9.59573,-2.88658
85,41,387.48442,9.59573,-2.88658
85,46,432.28687,9.59573,-2.88658
86,1,14.70549,10.34641,4.72931
86,6,69.20584,10.34641,4.72931
86,11,111.51123,10.34641,4.72931
86,16,169.74595,10.34641,4.72931
86,21,224.24306,10.34641,4.72931
86,26,281.68686,10.34641,4.72931
86,31,324.81175,10.34641,4.72931
86,36,380.77436,10.34641,4.72931
86,41,433.05916,10.34641,4.72931
86,46,483.41958,10.34641,4.72931
87,1,11.68292,10.23981,0.85191
87,6,71.04639,10.23981,0.85191
87,11,109.25265,10.23981,0.85191
87,16,162.41528,10.23981,0.85191
87,21,216.25848,10.23981,0.85191
87,26,268.9334,10.23981,0.85191
87,31,324.84928,10.23981,0.85191
87,36,369.46949,10.23981,0.85191
87,41,416.35929,10.23981,0.85191
87,46,473.22046,10.23981,0.85191
88,1,4.13283,10.87556,1.23648
88,6,73.43724,10.87556,1.23648
88,11,119.01348,10.87556,1.23648
88,16,180.70262,10.87556,1.23648
88,21,228.99374,10.87556,1.23648
88,26,285.98034,10.87556,1.23648
88,31,342.52655,10.87556,1.23648
88,36,387.93548,10.87556,1.23648
88,41,446.27772,10.87556,1.23648
88,46,496.01122,10.87556,1.23648
89,1,24.80833,10.69474,-2.19169
89,6,57.43164,10.69474,-2.19169
89,11,104.15712,10.69474,-2.19169
89,16,163.0676,10.69474,-2.19169
89,21,219.09148,10.69474,-2.19169
89,26,281.96183,10.69474,-2.19169
89,31,325.63802,10.69474,-2.19169
89,36,388.42143,10.69474,-2.19169
89,41,433.47956,10.69474,-2.19169
89,46,491.24417,10.69474,-2.19169
90,1,16.89253,9.54549,7.52211
90,6,65.41883,9.54549,7.52211
90,11,113.36425,9.54549,7.52211
90,16,163.81889,9.54549,7.52211
90,21,216.89924,9.54549,7.52211
90,26,257.17803,9.54549,7.52211
90,31,306.38787,9.54549,7.52211
90,36,350.03384,9.54549,7.52211
90,41,398.78045,9.54549,7.52211
90,46,447.32714,9.54549,7.52211
91,1,8.8954,10.06238,0.92997
91,6,64.70212,10.06238,0.92997
91,11,103.92593,10.06238,0.92997
91,16,153.57956,10.06238,0.92997
91,21,217.6481,10.06238,0.92997
91,26,265.80479,10.06238,0.92997
91,31,316.75471,10.06238,0.92997
91,36,362.06758,10.06238,0.92997
91,41,410.41665,10.06238,0.92997
91,46,462.08256,10.06238,0.92997
92,1,11.16194,10.33979,0.16122
92,6,60.28397,10.33979,0.16122
92,11,116.13071,10.33979,0.16122
92,16,162.90839,10.33979,0.16122
92,21,219.50862,10.33979,0.16122
92,26,274.00917,10.33979,0.16122
92,31,310.21331,10.33979,0.16122
92,36,376.02216,10.33979,0.16122
92,41,423.66157,10.33979,0.16122
92,46,483.39883,10.33979,0.16122
93,1,17.28075,9.8084,1.26437
93,6,63.61907,9.8084,1.26437
93,11,119.88077,9.8084,1.26437
93,16,161.14965,9.8084,1.26437
93,21,203.00842,9.8084,1.26437
93,26,257.99341,9.8084,1.26437
93,31,297.67106,9.8084,1.26437
93,36,360.45387,9.8084,1.26437
93,41,401.04875,9.8084,1.26437
93,46,448.71697,9.8084,1.26437
94,1,12.61884,10.35043,3.48319
94,6,57.67129,10.35043,3.48319
94,11,115.59261,10.35043,3.48319
94,16,166.85237,10.35043,3.48319
94,21,215.66401,10.35043,3.48319
94,26,274.0815,10.35043,3.48319
94,31,325.90984,10.35043,3.48319
94,36,386.6306,10.35043,3.48319
94,41,425.84655,10.35043,3.48319
94,46,478.41097,10.35043,3.48319
95,1,12.38669,9.20855,0.51409
95,6,49.05288,9.20855,0.51409
95,11,106.52487,9.20855,0.51409
95,16,136.30176,9.20855,0.51409
95,21,203.16631,9.20855,0.51409
95,26,241.13996,9.20855,0.51409
95,31,287.51045,9.20855,0.51409
95,36,324.96002,9.20855,0.51409
95,41,371.01009,9.20855,0.51409
95,46,417.99845,9.20855,0.51409
96,1,13.99388,9.32875,2.06562
96,6,62.17702,9.32875,2.06562
96,11,109.61696,9.32875,2.06562
96,16,152.26359,9.32875,2.06562
96,21,205.62366,9.32875,2.06562
96,26,245.7941,9.32875,2.06562
96,31,293.26883,9.32875,2.06562
96,36,330.35539,9.32875,2.06562
96,41,389.19239,9.32875,2.06562
96,46,435.29109,9.32875,2.06562
97,1,1.82094,10.41389,2.0398
97,6,54.92708,10.41389,2.0398
97,11,123.77528,10.41389,2.0398
97,16,177.11321,10.41389,2.0398
97,21,215.82947,10.41389,2.0398
97,26,272.26609,10.41389,2.0398
97,31,334.34658,10.41389,2.0398
97,36,370.15637,10.41389,2.0398
97,41,429.2262,10.41389,2.0398
97,46,487.1124,10.41389,2.0398
98,1,10.1311,9.04039,-3.2531
98,6,51.81086,9.04039,-3.2531
98,11,91.72278,9.04039,-3.2531
98,16,135.42419,9.04039,-3.2531
98,21,183.27803,9.04039,-3.2531
98,26,238.72622,9.04039,-3.2531
98,31,285.96755,9.04039,-3.2531
98,36,323.61565,9.04039,-3.2531
98,41,369.36636,9.04039,-3.2531
98,46,411.28122,9.04039,-3.2531
99,1,12.88909,10.08216,2.73752
99,6,63.83888,10.08216,2.73752
99,11,112.50821,10.08216,2.73752
99,16,159.92908,10.08216,2.73752
99,21,215.0093,10.08216,2.73752
99,26,272.68967,10.08216,2.73752
99,31,311.48972,10.08216,2.73752
99,36,359.64644,10.08216,2.73752
99,41,409.50438,10.08216,2.73752
99,46,467.6902,10.08216,2.73752
100,1,22.97827,10.06084,1.02776
100,6,58.99547,10.06084,1.02776
100,11,110.48212,10.06084,1.02776
100,16,155.47308,10.06084,1.02776
100,21,214.83646,10.06084,1.02776
100,26,264.41011,10.06084,1.02776
100,31,315.71207,10.06084,1.02776
100,36,361.67187,10.06084,1.02776
100,41,414.96188,10.06084,1.02776
100,46,468.70517,10.06084,1.02776
101,1,22.44035,9.76027,5.75587
101,6,59.8466,9.76027,5.75587
101,11,108.41093,9.76027,5.75587
101,16,159.54416,9.76027,5.75587
101,21,219.73534,9.76027,5.75587
101,26,258.39411,9.76027,5.75587
101,31,312.25917,9.76027,5.75587
101,36,362.41849,9.76027,5.75587
101,41,416.64972,9.76027,5.75587
101,46,457.11188,9.76027,5.75587
102,1,15.04036,9.55291,3.76969
102,6,66.47296,9.55291,3.76969
102,11,107.80931,9.55291,3.76969
102,16,149.82837,9.55291,3.76969
102,21,196.13129,9.55291,3.76969
102,26,251.66729,9.55291,3.76969
102,31,299.54207,9.55291,3.76969
102,36,350.11304,9.55291,3.76969
102,41,391.89154,9.55291,3.76969
102,46,438.54557,9.55291,3.76969
103,1,18.30402,10.53858,1.6871
103,6,70.16642,10.53858,1.6871
103,11,123.71685,10.53858,1.6871
103,16,167.09631,10.53858,1.6871
103,21,223.03127,10.53858,1.6871
103,26,273.00211,10.53858,1.6871
103,31,333.69997,10.53858,1.6871
103,36,375.49664,10.53858,1.6871
103,41,428.54048,10.53858,1.6871
103,46,490.11723,10.53858,1.6871
104,1,11.69973,10.52478,3.43133
104,6,60.89195,10.52478,3.43133
104,11,114.86901,10.52478,3.43133
104,16,157.08818,10.52478,3.43133
104,21,225.34442,10.52478,3.43133
104,26,286.28581,10.52478,3.43133
104,31,327.48682,10.52478,3.43133
104,36,386.32648,10.52478,3.43133
104,41,431.9215,10.52478,3.43133
104,46,489.38905,10.52478,3.43133
105,1,9.15943,9.43119,0.09745
105,6,60.14002,9.43119,0.09745
105,11,102.28875,9.43119,0.09745
105,16,143.4733,9.43119,0.09745
105,21,204.9086,9.43119,0.09745
105,26,237.47937,9.43119,0.09745
105,31,295.51861,9.43119,0.09745
105,36,344.06249,9.43119,0.09745
105,41,383.79967,9.43119,0.09745
105,46,431.23992,9.43119,0.09745
106,1,6.28545,10.34554,0.85232
106,6,60.44907,10.34554,0.85232
106,11,116.40558,10.34554,0.85232
106,16,163.92256,10.34554,0.85232
106,21,216.86182,10.34554,0.85232
106,26,274.66119,10.34554,0.85232
106,31,323.07568,10.34554,0.85232
106,36,370.66642,10.34554,0.85232
106,41,428.58647,10.34554,0.85232
106,46,470.4662,10.34554,0.85232
107,1,7.99275,9.75235,-0.96496
107,6,47.64852,9.75235,-0.96496
107,11,107.30643,9.75235,-0.96496
107,16,156.37171,9.75235,-0.96496
107,21,215.77831,9.75235,-0.96496
107,26,251.94532,9.75235,-0.96496
107,31,305.20658,9.75235,-0.96496
107,36,354.41516,9.75235,-0.96496
107,41,389.71545,9.75235,-0.96496
107,46,446.89053,9.75235,-0.96496
108,1,11.62436,9.00994,0.68214
108,6,56.61858,9.00994,0.68214
108,11,97.06345,9.00994,0.68214
108,16,142.12,9.00994,0.68214
108,21,185.61812,9.00994,0.68214
108,26,231.01368,9.00994,0.68214
108,31,282.76408,9.00994,0.68214
108,36,324.22053,9.00994,0.68214
108,41,363.4913,9.00994,0.68214
108,46,418.59576,9.00994,0.68214
109,1,11.2878,10.18768,1.77291
109,6,64.30863,10.18768,1.77291
109,11,113.88879,10.18768,1.77291
109,16,169.57101,10.18768,1.77291
109,21,215.732,10.18768,1.77291
109,26,270.05745,10.18768,1.77291
109,31,318.01454,10.18768,1.77291
109,36,363.5422,10.18768,1.77291
109,41,411.2568,10.18768,1.77291
109,46,470.30057,10.18768,1.77291
110,1,8.96039,10.14096,0.73088
110,6,69.44059,10.14096,0.73088
110,11,108.61324,10.14096,0.73088
110,16,154.80014,10.14096,0.73088
110,21,211.4328,10.14096,0.73088
110,26,257.91268,10.14096,0.73088
110,31,312.61767,10.14096,0.73088
110,36,366.24931,10.14096,0.73088
110,41,420.1725,10.14096,0.73088
110,46,467.43738,10.14096,0.73088
111,1,24.12466,10.78639,0.23542
111,6,58.43082,10.78639,0.23542
111,11,117.00288,10.78639,0.23542
111,16,179.07083,10.78639,0.23542
111,21,225.58111,10.78639,0.23542
111,26,277.26827,10.78639,0.23542
111,31,334.26024,10.78639,0.23542
111,36,394.76009,10.78639,0.23542
111,41,436.01027,10.78639,0.23542
111,46,507.29514,10.78639,0.23542
112,1,21.47206,9.34771,6.24114
112,6,65.27415,9.34771,6.24114
112,11,108.57769,9.34771,6.24114
112,16,160.51309,9.34771,6.24114
112,21,200.23756,9.34771,6.24114
112,26,250.96397,9.34771,6.24114
112,31,301.29091,9.34771,6.24114
112,36,354.39971,9.34771,6.24114
112,41,386.49634,9.34771,6.24114
112,46,435.50365,9.34771,6.24114
113,1,13.55308,10.29468,3.35329
113,6,66.31864,10.29468,3.35329
113,11,122.63201,10.29468,3.35329
113,16,163.13822,10.29468,3.35329
113,21,216.56646,10.29468,3.35329
113,26,270.37971,10.29468,3.35329
113,31,321.6726,10.29468,3.35329
113,36,374.54041,10.29468,3.35329
113,41,429.62468,10.29468,3.35329
113,46,478.32279,10.29468,3.35329
114,1,10.41638,10.11973,0.96205
114,6,59.76084,10.11973,0.96205
114,11,110.99756,10.11973,0.96205
114,16,168.36453,10.11973,0.96205
114,21,215.51549,10.11973,0.96205
114,26,261.57253,10.11973,0.96205
114,31,319.88704,10.11973,0.96205
114,36,361.77547,10.11973,0.96205
114,41,418.23167,10.11973,0.96205
114,46,469.27604,10.11973,0.96205
115,1,6.02873,9.80804,0.73384
115,6,53.51765,9.80804,0.73384
115,11,108.30357,9.80804,0.73384
115,16,153.88945,9.80804,0.73384
115,21,204.77744,9.80804,0.73384
115,26,253.88997,9.80804,0.73384
115,31,302.21593,9.80804,0.73384
115,36,361.06656,9.80804,0.73384
115,41,396.5706,9.80804,0.73384
115,46,444.90739,9.80804,0.73384
116,1,7.64845,9.39356,-0.80526
116,6,58.84985,9.39356,-0.80526
116,11,106.95486,9.39356,-0.80526
116,16,150.43301,9.39356,-0.80526
116,21,198.30093,9.39356,-0.80526
116,26,250.58706,9.39356,-0.80526
116,31,294.27626,9.39356,-0.80526
116,36,337.85226,9.39356,-0.80526
116,41,382.26502,9.39356,-0.80526
116,46,430.23471,9.39356,-0.80526
117,1,20.51659,10.32938,0.62406
117,6,63.63349,10.32938,0.62406
117,11,109.31552,10.32938,0.62406
117,16,179.8417,10.32938,0.62406
117,21,218.2179,10.32938,0.62406
117,26,258.37775,10.32938,0.62406
117,31,317.99228,10.32938,0.62406
117,36,372.14407,10.32938,0.62406
117,41,429.80358,10.32938,0.62406
117,46,478.49353,10.32938,0.62406
118,1,8.41048,10.10332,4.82526
118,6,68.24239,10.10332,4.82526
118,11,109.98743,10.10332,4.82526
118,16,160.84373,10.10332,4.82526
118,21,214.5779,10.10332,4.82526
118,26,270.75589,10.10332,4.82526
118,31,314.01878,10.10332,4.82526
118,36,362.63973,10.10332,4.82526
118,41,420.85444,10.10332,4.82526
118,46,469.01412,10.10332,4.82526
119,1,7.31414,10.27972,-1.60724
119,6,67.54374,10.27972,-1.60724
119,11,105.4671,10.27972,-1.60724
119,16,162.98774,10.27972,-1.60724
119,21,206.73727,10.27972,-1.60724
119,26,268.88092,10.27972,-1.60724
119,31,323.2161,10.27972,-1.60724
119,36,373.81237,10.27972,-1.60724
119,41,417.05164,10.27972,-1.60724
119,46,465.64898,10.27972,-1.60724
120,1,13.83762,10.74726,0.45666
120,6,66.53669,10.74726,0.45666
120,11,110.18786,10.74726,0.45666
120,16,172.89852,10.74726,0.45666
120,21,225.60835,10.74726,0.45666
120,26,279.95665,10.74726,0.45666
120,31,332.04995,10.74726,0.45666
120,36,384.7341,10.74726,0.45666
120,41,440.27399,10.74726,0.45666
120,46,499.47796,10.74726,0.45666
121,1,15.3341,10.15964,2.05348
121,6,67.85034,10.15964,2.05348
121,11,118.42371,10.15964,2.05348
121,16,161.96888,10.15964,2.05348
121,21,213.80108,10.15964,2.05348
121,26,259.23589,10.15964,2.05348
121,31,326.51555,10.15964,2.05348
121,36,366.067,10.15964,2.05348
121,41,427.38085,10.15964,2.05348
121,46,466.42095,10.15964,2.05348
122,1,16.3646,10.4839,2.24839
122,6,63.00131,10.4839,2.24839
122,11,115.75982,10.4839,2.24839
122,16,164.37636,10.4839,2.24839
122,21,225.12948,10.4839,2.24839
122,26,280.52674,10.4839,2.24839
122,31,332.16381,10.4839,2.24839
122,36,376.28569,10.4839,2.24839
122,41,428.73605,10.4839,2.24839
122,46,490.57601,10.4839,2.24839
123,1,17.08602,9.78495,2.45292
123,6,69.63724,9.78495,2.45292
123,11,114.17301,9.78495,2.45292
123,16,170.79876,9.78495,2.45292
123,21,209.01432,9.78495,2.45292
123,26,257.94355,9.78495,2.45292
123,31,299.50685,9.78495,2.45292
123,36,360.30903,9.78495,2.45292
123,41,400.92647,9.78495,2.45292
123,46,461.76348,9.78495,2.45292
124,1,14.10026,10.84746,2.93926
124,6,68.77924,10.84746,2.93926
124,11,115.06078,10.84746,2.93926
124,16,188.35408,10.84746,2.93926
124,21,221.01696,10.84746,2.93926
124,26,276.93528,10.84746,2.93926
124,31,341.20601,10.84746,2.93926
124,36,393.73136,10.84746,2.93926
124,41,455.31202,10.84746,2.93926
124,46,497.98617,10.84746,2.93926
125,1,17.0066,10.07552,1.12542
125,6,61.37251,10.07552,1.12542
125,11,107.20743,10.07552,1.12542
125,16,158.47585,10.07552,1.12542
125,21,211.8758,10.07552,1.12542
125,26,264.98153,10.07552,1.12542
125,31,307.37008,10.07552,1.12542
125,36,366.81905,10.07552,1.12542
125,41,411.4906,10.07552,1.12542
125,46,456.63395,10.07552,1.12542
126,1,13.05858,9.9794,3.32226
126,6,58.99064,9.9794,3.32226
126,11,114.90972,9.9794,3.32226
126,16,161.50084,9.9794,3.32226
126,21,208.57403,9.9794,3.32226
126,26,260.78148,9.9794,3.32226
126,31,304.17019,9.9794,3.32226
126,36,366.82312,9.9794,3.32226
126,41,406.92829,9.9794,3.32226
126,46,456.63444,9.9794,3.32226
127,1,6.61071,9.5792,0.90277
127,6,61.98037,9.5792,0.90277
127,11,98.7259,9.5792,0.90277
127,16,150.46983,9.5792,0.90277
127,21,206.1487,9.5792,0.90277
127,26,257.66993,9.5792,0.90277
127,31,301.86727,9.5792,0.90277
127,36,347.99298,9.5792,0.90277
127,41,392.96436,9.5792,0.90277
127,46,434.54292,9.5792,0.90277
128,1,-5.27943,10.36024,-0.5485
128,6,55.2191,10.36024,-0.5485
128,11,114.82877,10.36024,-0.5485
128,16,170.46539,10.36024,-0.5485
128,21,212.39254,10.36024,-0.5485
128,26,277.72624,10.36024,-0.5485
128,31,320.80639,10.36024,-0.5485
128,36,366.27943,10.36024,-0.5485
128,41,433.15292,10.36024,-0.5485
128,46,479.45048,10.36024,-0.5485
129,1,4.22788,9.36062,-5.03647
129,6,58.12188,9.36062,-5.03647
129,11,96.62639,9.36062,-5.03647
129,16,142.06543,9.36062,-5.03647
129,21,183.86736,9.36062,-5.03647
129,26,237.39863,9.36062,-5.03647
129,31,280.53482,9.36062,-5.03647
129,36,338.55412,9.36062,-5.03647
129,41,377.04097,9.36062,-5.03647
129,46,424.20601,9.36062,-5.03647
130,1,22.8738,10.69947,0.96149
130,6,65.56806,10.69947,0.96149
130,11,114.09864,10.69947,0.96149
130,16,171.01804,10.69947,0.96149
130,21,225.67252,10.69947,0.96149
130,26,278.62664,10.69947,0.96149
130,31,329.46286,10.69947,0.96149
130,36,384.99049,10.69947,0.96149
130,41,433.68933,10.69947,0.96149
130,46,483.82242,10.69947,0.96149
131,1,22.17159,10.04098,5.48514
131,6,54.57078,10.04098,5.48514
131,11,114.46686,10.04098,5.48514
131,16,164.75904,10.04098,5.48514
131,21,218.72743,10.04098,5.48514
131,26,260.5504,10.04098,5.48514
131,31,314.47839,10.04098,5.48514
131,36,366.64535,10.04098,5.48514
131,41,421.70726,10.04098,5.48514
131,46,469.64106,10.04098,5.48514
132,1,4.54419,8.88398,3.65819
132,6,65.63316,8.88398,3.65819
132,11,99.76353,8.88398,3.65819
132,16,139.62126,8.88398,3.65819
132,21,193.13536,8.88398,3.65819
132,26,232.334,8.88398,3.65819
132,31,280.47772,8.88398,3.65819
132,36,327.95608,8.88398,3.65819
132,41,374.59263,8.88398,3.65819
132,46,412.12625,8.88398,3.65819
133,1,12.92834,10.86711,-2.19919
133,6,71.79191,10.86711,-2.19919
133,11,119.28543,10.86711,-2.19919
133,16,167.44211,10.86711,-2.19919
133,21,221.45297,10.86711,-2.19919
133,26,269.23909,10.86711,-2.19919
133,31,339.12297,10.86711,-2.19919
133,36,393.25234,10.86711,-2.19919
133,41,446.28742,10.86711,-2.19919
133,46,493.57672,10.86711,-2.19919
134,1,20.08303,10.87884,2.70417
134,6,55.99466,10.87884,2.70417
134,11,126.71403,10.87884,2.70417
134,16,178.74737,10.87884,2.70417
134,21,231.15741,10.87884,2.70417
134,26,286.82456,10.87884,2.70417
134,31,338.18488,10.87884,2.70417
134,36,397.84485,10.87884,2.70417
134,41,445.60019,10.87884,2.70417
134,46,504.15271,10.87884,2.70417
135,1,15.53843,8.80174,3.60001
135,6,58.503,8.80174,3.60001
135,11,104.62178,8.80174,3.60001
135,16,156.34794,8.80174,3.60001
135,21,190.86849,8.80174,3.60001
135,26,229.32507,8.80174,3.60001
135,31,279.97125,8.80174,3.60001
135,36,318.71059,8.80174,3.60001
135,41,365.56139,8.80174,3.60001
135,46,415.81335,8.80174,3.60001
136,1,10.52562,10.20925,2.25467
136,6,59.36332,10.20925,2.25467
136,11,120.88426,10.20925,2.25467
136,16,168.145,10.20925,2.25467
136,21,215.69198,10.20925,2.25467
136,26,261.78749,10.20925,2.25467
136,31,319.35104,10.20925,2.25467
136,36,363.79514,10.20925,2.25467
136,41,420.4192,10.20925,2.25467
136,46,466.38262,10.20925,2.25467
137,1,9.98201,9.58531,0.22468
137,6,64.16389,9.58531,0.22468
137,11,107.35004,9.58531,0.22468
137,16,150.14928,9.58531,0.22468
137,21,206.39968,9.58531,0.22468
137,26,250.94311,9.58531,0.22468
137,31,311.64902,9.58531,0.22468
137,36,351.21005,9.58531,0.22468
137,41,401.23475,9.58531,0.22468
137,46,439.79833,9.58531,0.22468
138,1,7.88426,10.64273,1.06881
138,6,63.95303,10.64273,1.06881
138,11,122.45797,10.64273,1.06881
138,16,166.34429,10.64273,1.06881
138,21,228.32689,10.64273,1.06881
138,26,285.59634,10.64273,1.06881
138,31,330.38958,10.64273,1.06881
138,36,385.14175,10.64273,1.06881
138,41,435.48178,10.64273,1.06881
138,46,490.64469,10.64273,1.06881
139,1,2.10123,9.90278,-0.53092
139,6,53.55257,9.90278,-0.53092
139,11,102.91616,9.90278,-0.53092
139,16,149.48164,9.90278,-0.53092
139,21,208.28401,9.90278,-0.53092
139,26,259.50093,9.90278,-0.53092
139,31,297.67804,9.90278,-0.53092
139,36,356.08541,9.90278,-0.53092
139,41,411.195,9.90278,-0.53092
139,46,450.73894,9.90278,-0.53092
140,1,-2.54014,9.46668,-1.90826
140,6,49.15179,9.46668,-1.90826
140,11,103.83695,9.46668,-1.90826
140,16,155.34591,9.46668,-1.90826
140,21,205.98568,9.46668,-1.90826
140,26,246.2948,9.46668,-1.90826
140,31,292.88606,9.46668,-1.90826
140,36,342.97472,9.46668,-1.90826
140,41,388.84711,9.46668,-1.90826
140,46,430.74927,9.46668,-1.90826
141,1,8.48317,9.426,-3.03942
141,6,54.52139,9.426,-3.03942
141,11,100.06403,9.426,-3.03942
141,16,146.74109,9.426,-3.03942
141,21,195.00352,9.426,-3.03942
141,26,240.05271,9.426,-3.03942
141,31,295.30028,9.426,-3.03942
141,36,328.01349,9.426,-3.03942
141,41,377.61458,9.426,-3.03942
141,46,424.83446,9.426,-3.03942
142,1,8.96648,10.10048,1.83864
142,6,60.87631,10.10048,1.83864
142,11,113.57869,10.10048,1.83864
142,16,164.53247,10.10048,1.83864
142,21,217.90529,10.10048,1.83864
142,26,267.63858,10.10048,1.83864
142,31,321.61021,10.10048,1.83864
142,36,362.88138,10.10048,1.83864
142,41,404.97638,10.10048,1.83864
142,46,468.68516,10.10048,1.83864
143,1,3.39307,9.84348,-0.18906
143,6,63.5786,9.84348,-0.18906
143,11,114.77901,9.84348,-0.18906
143,16,155.0708,9.84348,-0.18906
143,21,203.85692,9.84348,-0.18906
143,26,253.14581,9.84348,-0.18906
143,31,302.33547,9.84348,-0.18906
143,36,364.24855,9.84348,-0.18906
143,41,389.60404,9.84348,-0.18906
143,46,445.50407,9.84348,-0.18906
144,1,10.18126,10.47068,-1.50454
144,6,58.32104,10.47068,-1.50454
144,11,115.43575,10.47068,-1.50454
144,16,173.31237,10.47068,-1.50454
144,21,217.82894,10.47068,-1.50454
144,26,275.80265,10.47068,-1.50454
144,31,333.39796,10.47068,-1.50454
144,36,381.16843,10.47068,-1.50454
144,41,428.691,10.47068,-1.50454
144,46,479.22891,10.47068,-1.50454
145,1,3.33437,9.70015,1.48605
145,6,64.52561,9.70015,1.48605
145,11,116.28896,9.70015,1.48605
145,16,155.55403,9.70015,1.48605
145,21,204.37193,9.70015,1.48605
145,26,250.5597,9.70015,1.48605
145,31,293.80912,9.70015,1.48605
145,36,350.88629,9.70015,1.48605
145,41,394.27441,9.70015,1.48605
145,46,441.59437,9.70015,1.48605
146,1,14.12309,10.48387,-2.14073
146,6,61.3192,10.48387,-2.14073
146,11,107.66069,10.48387,-2.14073
146,16,165.48095,10.48387,-2.14073
146,21,214.33141,10.48387,-2.14073
146,26,270.60901,10.48387,-2.14073
146,31,325.04228,10.48387,-2.14073
146,36,371.81233,10.48387,-2.14073
146,41,422.72604,10.48387,-2.14073
146,46,480.91936,10.48387,-2.14073
147,1,7.97505,10.05567,3.31198
147,6,59.5582,10.05567,3.31198
147,11,111.64688,10.05567,3.31198
147,16,157.71894,10.05567,3.31198
147,21,212.87859,10.05567,3.31198
147,26,258.05929,10.05567,3.31198
147,31,316.53963,10.05567,3.31198
147,36,369.92756,10.05567,3.31198
147,41,420.89837,10.05567,3.31198
147,46,463.61568,10.05567,3.31198
148,1,16.24567,9.59122,-1.15704
148,6,55.86123,9.59122,-1.15704
148,11,102.54152,9.59122,-1.15704
148,16,154.54175,9.59122,-1.15704
148,21,197.382,9.59122,-1.15704
148,26,238.70588,9.59122,-1.15704
148,31,292.89894,9.59122,-1.15704
148,36,345.29519,9.59122,-1.15704
148,41,402.02052,9.59122,-1.15704
148,46,445.78534,9.59122,-1.15704
149,1,10.58523,9.9471,4.1246
149,6,65.92606,9.9471,4.1246
149,11,122.85965,9.9471,4.1246
149,16,159.99768,9.9471,4.1246
149,21,209.26477,9.9471,4.1246
149,26,267.01259,9.9471,4.1246
149,31,304.9174,9.9471,4.1246
149,36,358.25456,9.9471,4.1246
149,41,406.91142,9.9471,4.1246
149,46,466.57325,9.9471,4.1246
150,1,12.34536,10.21189,-0.39458
150,6,55.10205,10.21189,-0.39458
150,11,118.7095,10.21189,-0.39458
150,16,160.66445,10.21189,-0.39458
150,21,218.37758,10.21189,-0.39458
150,26,254.28317,10.21189,-0.39458
150,31,317.05497,10.21189,-0.39458
150,36,367.20273,10.21189,-0.39458
150,41,410.55846,10.21189,-0.39458
150,46,469.19594,10.21189,-0.39458