rep,id,eta_p0,eta_alpha,eta_tau
1,1,0.000000,-0.225578,0.383296
2,1,0.000000,-0.279039,0.397006
3,1,0.000000,-0.239062,0.388153
4,1,0.000000,-0.168665,0.349279
5,1,0.000000,-0.227132,0.409000
6,1,0.000000,-0.235949,0.456655
7,1,0.000000,-0.191781,0.456655
8,1,0.000000,-0.213740,0.456655
9,1,0.000000,-0.213740,0.456655
10,1,0.000000,-0.219713,0.381616
1,2,0.000000,0.196345,2.001506
2,2,0.000000,0.196345,2.030551
3,2,0.000000,0.196345,2.013084
4,2,0.000000,0.196345,2.013084
5,2,0.000000,0.196345,2.153579
6,2,0.000000,0.196345,2.153579
7,2,0.000000,0.196706,1.986220
8,2,0.000000,0.196706,1.986220
9,2,0.000000,0.196706,1.986220
10,2,0.000000,0.125776,1.826872
1,3,0.000000,-0.527140,2.833191
2,3,0.000000,-0.527140,2.833191
3,3,0.000000,-0.527140,3.125669
4,3,0.000000,-0.501429,2.949816
5,3,0.000000,-0.556257,3.085414
6,3,0.000000,-0.517578,3.107509
7,3,0.000000,-0.499400,2.724997
8,3,0.000000,-0.499400,2.724997
9,3,0.000000,-0.498574,2.556268
10,3,0.000000,-0.478411,2.795655
1,4,0.000000,0.258193,-8.737859
2,4,0.000000,0.258193,-8.829662
3,4,0.000000,0.262447,-8.829662
4,4,0.000000,0.289782,-8.922358
5,4,0.000000,0.171706,-9.270856
6,4,0.000000,0.171706,-9.270856
7,4,0.000000,0.193444,-9.003761
8,4,0.000000,0.219214,-8.838979
9,4,0.000000,0.220834,-8.801845
10,4,0.000000,0.220834,-8.950603
1,5,0.000000,-0.198256,5.028943
2,5,0.000000,-0.198256,4.876878
3,5,0.000000,-0.224581,4.876878
4,5,0.000000,-0.186794,4.876878
5,5,0.000000,-0.248016,5.105796
6,5,0.000000,-0.248016,5.105796
7,5,0.000000,-0.250222,4.849115
8,5,0.000000,-0.250222,4.849115
9,5,0.000000,-0.205729,5.243970
10,5,0.000000,-0.233671,5.338554
1,6,0.000000,0.630996,-11.937977
2,6,0.000000,0.630996,-11.896359
3,6,0.000000,0.630996,-11.896359
4,6,0.000000,0.626366,-12.045836
5,6,0.000000,0.678808,-11.642804
6,6,0.000000,0.682384,-11.553708
7,6,0.000000,0.682384,-11.333137
8,6,0.000000,0.708192,-11.336183
9,6,0.000000,0.760954,-11.349077
10,6,0.000000,0.773879,-10.945990
1,7,0.000000,0.089316,-8.549987
2,7,0.000000,0.068140,-8.549987
3,7,0.000000,0.053370,-8.549987
4,7,0.000000,0.112514,-8.553971
5,7,0.000000,0.112514,-8.553326
6,7,0.000000,0.107668,-8.553326
7,7,0.000000,0.067226,-8.948122
8,7,0.000000,0.067226,-8.350190
9,7,0.000000,0.131507,-8.529804
10,7,0.000000,0.125964,-8.202135
1,8,0.000000,0.126803,-13.169867
2,8,0.000000,0.126803,-13.169867
3,8,0.000000,0.124030,-13.163216
4,8,0.000000,0.110614,-12.911033
5,8,0.000000,0.114174,-13.104985
6,8,0.000000,0.101501,-12.978815
7,8,0.000000,0.150506,-13.099505
8,8,0.000000,0.161366,-12.835440
9,8,0.000000,0.034759,-12.883038
10,8,0.000000,0.055295,-12.791212
1,9,0.000000,0.228455,-7.820723
2,9,0.000000,0.177246,-7.820723
3,9,0.000000,0.214894,-7.746340
4,9,0.000000,0.214894,-7.791023
5,9,0.000000,0.239232,-7.729927
6,9,0.000000,0.191103,-7.776440
7,9,0.000000,0.151883,-7.898737
8,9,0.000000,0.192259,-7.892262
9,9,0.000000,0.140120,-8.065904
10,9,0.000000,0.140120,-8.065904
1,10,0.000000,-0.688706,6.895394
2,10,0.000000,-0.688706,6.895394
3,10,0.000000,-0.664229,6.180078
4,10,0.000000,-0.638765,7.054925
5,10,0.000000,-0.659077,6.794058
6,10,0.000000,-0.674787,6.951186
7,10,0.000000,-0.662990,6.951186
8,10,0.000000,-0.653999,7.033344
9,10,0.000000,-0.636246,6.461744
10,10,0.000000,-0.714592,6.640650
1,11,0.000000,0.842328,-7.006065
2,11,0.000000,0.810321,-7.006065
3,11,0.000000,0.828315,-6.973856
4,11,0.000000,0.800933,-6.770628
5,11,0.000000,0.869482,-6.770628
6,11,0.000000,0.800549,-7.049510
7,11,0.000000,0.804344,-7.239059
8,11,0.000000,0.879725,-7.207824
9,11,0.000000,0.858630,-7.038541
10,11,0.000000,0.773858,-7.038541
1,12,0.000000,-0.004431,3.931637
2,12,0.000000,0.048998,3.931637
3,12,0.000000,0.010911,4.592687
4,12,0.000000,0.015354,4.037697
5,12,0.000000,0.038455,3.786011
6,12,0.000000,0.004050,3.806424
7,12,0.000000,0.030302,3.973206
8,12,0.000000,-0.054812,3.925412
9,12,0.000000,-0.058363,4.238453
10,12,0.000000,-0.067866,3.847810
1,13,0.000000,0.431199,-1.357424
2,13,0.000000,0.431199,-1.357424
3,13,0.000000,0.431199,-1.357424
4,13,0.000000,0.431199,-1.357424
5,13,0.000000,0.431199,-1.357424
6,13,0.000000,0.431199,-1.401313
7,13,0.000000,0.431199,-1.401313
8,13,0.000000,0.431199,-1.401313
9,13,0.000000,0.431199,-1.401313
10,13,0.000000,0.431199,-1.401313
1,14,0.000000,0.751649,-4.198550
2,14,0.000000,0.751636,-4.097423
3,14,0.000000,0.736542,-3.969343
4,14,0.000000,0.775429,-3.810771
5,14,0.000000,0.777821,-3.653098
6,14,0.000000,0.810591,-3.990088
7,14,0.000000,0.812483,-3.920983
8,14,0.000000,0.806275,-3.638101
9,14,0.000000,0.806275,-3.838295
10,14,0.000000,0.806275,-3.838295
1,15,0.000000,0.293799,9.699398
2,15,0.000000,0.293799,9.699398
3,15,0.000000,0.314970,9.669869
4,15,0.000000,0.276958,9.783703
5,15,0.000000,0.318028,9.783703
6,15,0.000000,0.303512,9.671908
7,15,0.000000,0.280961,9.492692
8,15,0.000000,0.254813,9.565414
9,15,0.000000,0.267363,9.707419
10,15,0.000000,0.343205,9.897198
1,16,0.000000,-0.049876,-12.550508
2,16,0.000000,-0.049876,-12.550508
3,16,0.000000,-0.049876,-12.550508
4,16,0.000000,-0.049876,-12.406967
5,16,0.000000,-0.059769,-12.595223
6,16,0.000000,-0.049160,-12.797304
7,16,0.000000,-0.083193,-12.911034
8,16,0.000000,-0.083193,-12.911034
9,16,0.000000,-0.083193,-13.015620
10,16,0.000000,-0.083193,-13.015620
1,17,0.000000,0.219752,0.035359
2,17,0.000000,0.285108,-0.113170
3,17,0.000000,0.262304,0.059224
4,17,0.000000,0.262712,-0.059454
5,17,0.000000,0.262712,-0.059454
6,17,0.000000,0.262712,-0.059454
7,17,0.000000,0.285342,-0.059454
8,17,0.000000,0.285342,-0.059454
9,17,0.000000,0.255489,-0.034761
10,17,0.000000,0.257244,-0.040070
1,18,0.000000,-0.053256,-13.988176
2,18,0.000000,-0.014152,-13.769656
3,18,0.000000,-0.014152,-13.769656
4,18,0.000000,-0.014152,-13.769656
5,18,0.000000,0.046469,-13.554007
6,18,0.000000,-0.028423,-13.554007
7,18,0.000000,-0.036987,-13.861436
8,18,0.000000,-0.036987,-13.503526
9,18,0.000000,-0.053070,-13.762473
10,18,0.000000,-0.000029,-13.739936
1,19,0.000000,0.013529,4.494764
2,19,0.000000,0.054702,4.802702
3,19,0.000000,0.055016,4.864400
4,19,0.000000,0.084107,4.860495
5,19,0.000000,0.081129,4.909290
6,19,0.000000,0.013250,4.552472
7,19,0.000000,0.041934,4.940506
8,19,0.000000,0.075838,4.813737
9,19,0.000000,0.039110,4.537692
10,19,0.000000,0.032738,4.520801
1,20,0.000000,-0.002874,-7.051815
2,20,0.000000,-0.002874,-7.051815
3,20,0.000000,0.002411,-7.051815
4,20,0.000000,0.002411,-7.051815
5,20,0.000000,0.002411,-7.051815
6,20,0.000000,-0.021736,-7.051815
7,20,0.000000,-0.021736,-7.051815
8,20,0.000000,-0.021736,-7.051815
9,20,0.000000,-0.001642,-6.887188
10,20,0.000000,-0.026596,-7.170511
1,21,0.000000,0.021187,-5.045978
2,21,0.000000,0.061679,-5.375841
3,21,0.000000,0.063701,-4.951617
4,21,0.000000,0.073332,-4.889213
5,21,0.000000,0.084596,-4.910324
6,21,0.000000,0.084596,-4.910324
7,21,0.000000,0.120327,-5.133874
8,21,0.000000,0.120327,-4.616652
9,21,0.000000,0.130827,-5.037202
10,21,0.000000,0.130827,-4.725661
1,22,0.000000,-0.970323,9.156101
2,22,0.000000,-0.974772,9.034067
3,22,0.000000,-0.988032,9.098978
4,22,0.000000,-0.997629,9.357164
5,22,0.000000,-1.022813,10.253880
6,22,0.000000,-1.109974,10.512837
7,22,0.000000,-1.094107,10.356556
8,22,0.000000,-1.098441,10.691754
9,22,0.000000,-1.094182,11.351434
10,22,0.000000,-1.033946,11.147266
1,23,0.000000,-0.274183,-2.261562
2,23,0.000000,-0.310644,-2.145894
3,23,0.000000,-0.317532,-2.055513
4,23,0.000000,-0.279839,-2.248403
5,23,0.000000,-0.272760,-2.176303
6,23,0.000000,-0.286315,-2.176303
7,23,0.000000,-0.286315,-2.249364
8,23,0.000000,-0.328446,-2.421023
9,23,0.000000,-0.260697,-2.131976
10,23,0.000000,-0.343628,-2.405833
1,24,0.000000,-1.192522,9.990315
2,24,0.000000,-1.183134,10.976946
3,24,0.000000,-1.163832,9.608441
4,24,0.000000,-1.171432,10.063393
5,24,0.000000,-1.156126,10.063393
6,24,0.000000,-1.088237,9.419212
7,24,0.000000,-1.163121,10.258113
8,24,0.000000,-1.174667,9.137799
9,24,0.000000,-1.185250,9.897223
10,24,0.000000,-1.155990,9.116177
1,25,0.000000,-0.219698,3.605593
2,25,0.000000,-0.279570,3.605593
3,25,0.000000,-0.235310,3.624542
4,25,0.000000,-0.270298,3.835327
5,25,0.000000,-0.307672,4.196438
6,25,0.000000,-0.307672,3.453875
7,25,0.000000,-0.276972,4.201115
8,25,0.000000,-0.198804,3.919700
9,25,0.000000,-0.260571,3.996368
10,25,0.000000,-0.206020,3.719798
1,26,0.000000,0.639306,2.984275
2,26,0.000000,0.700909,2.984275
3,26,0.000000,0.716900,2.816828
4,26,0.000000,0.771459,2.632631
5,26,0.000000,0.845861,2.746662
6,26,0.000000,0.845861,2.746662
7,26,0.000000,0.722374,2.862404
8,26,0.000000,0.763055,3.025643
9,26,0.000000,0.694577,3.025643
10,26,0.000000,0.678393,3.091415
1,27,0.000000,-0.275155,-2.460288
2,27,0.000000,-0.275155,-2.460288
3,27,0.000000,-0.253335,-2.204767
4,27,0.000000,-0.299161,-2.658175
5,27,0.000000,-0.299161,-2.526471
6,27,0.000000,-0.338736,-2.443865
7,27,0.000000,-0.279743,-2.279169
8,27,0.000000,-0.277763,-2.279169
9,27,0.000000,-0.277319,-2.374021
10,27,0.000000,-0.332673,-2.622383
1,28,0.000000,0.247333,0.249890
2,28,0.000000,0.249576,0.204626
3,28,0.000000,0.247683,0.263098
4,28,0.000000,0.247621,0.120014
5,28,0.000000,0.247621,0.186088
6,28,0.000000,0.246766,0.114570
7,28,0.000000,0.246766,0.261340
8,28,0.000000,0.243632,0.261340
9,28,0.000000,0.243632,0.261340
10,28,0.000000,0.243632,0.093566
1,29,0.000000,0.608098,6.529972
2,29,0.000000,0.608098,6.529972
3,29,0.000000,0.595213,6.496507
4,29,0.000000,0.595213,6.496507
5,29,0.000000,0.595213,6.496507
6,29,0.000000,0.621106,6.496507
7,29,0.000000,0.621106,6.555320
8,29,0.000000,0.621106,6.555320
9,29,0.000000,0.621106,6.555320
10,29,0.000000,0.621106,6.555320
1,30,0.000000,-0.414803,-3.063316
2,30,0.000000,-0.414803,-3.063316
3,30,0.000000,-0.420628,-3.129875
4,30,0.000000,-0.421776,-3.129875
5,30,0.000000,-0.373284,-2.878405
6,30,0.000000,-0.400898,-2.685870
7,30,0.000000,-0.400898,-3.090026
8,30,0.000000,-0.407356,-2.843830
9,30,0.000000,-0.375265,-3.006477
10,30,0.000000,-0.388858,-2.763312
1,31,0.000000,0.504866,-7.480135
2,31,0.000000,0.478535,-7.300076
3,31,0.000000,0.498923,-7.188275
4,31,0.000000,0.510040,-7.267268
5,31,0.000000,0.459822,-7.267268
6,31,0.000000,0.459822,-7.668801
7,31,0.000000,0.457014,-7.481636
8,31,0.000000,0.493841,-7.359249
9,31,0.000000,0.493841,-7.359249
10,31,0.000000,0.481273,-7.395635
1,32,0.000000,0.353698,0.729152
2,32,0.000000,0.323007,0.628797
3,32,0.000000,0.453343,0.633411
4,32,0.000000,0.344981,0.713655
5,32,0.000000,0.361852,0.713655
6,32,0.000000,0.329970,0.713655
7,32,0.000000,0.352269,0.598471
8,32,0.000000,0.323133,0.718075
9,32,0.000000,0.374606,0.480269
10,32,0.000000,0.374606,0.480269
1,33,0.000000,-0.252440,2.120109
2,33,0.000000,-0.324264,2.257159
3,33,0.000000,-0.324264,2.280384
4,33,0.000000,-0.238418,2.335061
5,33,0.000000,-0.260189,1.859151
6,33,0.000000,-0.244275,1.775587
7,33,0.000000,-0.208850,1.753039
8,33,0.000000,-0.219579,1.595731
9,33,0.000000,-0.219579,1.674809
10,33,0.000000,-0.192970,1.984314
1,34,0.000000,0.154426,-4.823281
2,34,0.000000,0.154426,-4.823281
3,34,0.000000,0.154426,-4.805638
4,34,0.000000,0.144008,-4.820408
5,34,0.000000,0.144008,-5.147920
6,34,0.000000,0.144008,-4.731364
7,34,0.000000,0.155432,-4.617180
8,34,0.000000,0.126808,-4.774026
9,34,0.000000,0.126808,-4.744665
10,34,0.000000,0.126808,-4.744665
1,35,0.000000,0.064153,1.981755
2,35,0.000000,0.146011,1.935018
3,35,0.000000,0.162428,1.890212
4,35,0.000000,0.094393,2.211799
5,35,0.000000,0.081094,1.873480
6,35,0.000000,0.096877,1.737571
7,35,0.000000,0.123715,1.829252
8,35,0.000000,0.123715,1.829252
9,35,0.000000,0.112338,1.901657
10,35,0.000000,0.112338,1.901657
1,36,0.000000,-0.105586,-3.389955
2,36,0.000000,-0.097342,-3.389955
3,36,0.000000,-0.070041,-3.321941
4,36,0.000000,-0.021348,-2.859565
5,36,0.000000,-0.021348,-2.970824
6,36,0.000000,-0.033030,-3.549532
7,36,0.000000,-0.048422,-3.368635
8,36,0.000000,-0.020584,-3.241178
9,36,0.000000,-0.020584,-3.241178
10,36,0.000000,-0.063401,-2.953750
1,37,0.000000,-0.340218,-7.031811
2,37,0.000000,-0.340218,-7.031811
3,37,0.000000,-0.340218,-7.031811
4,37,0.000000,-0.349941,-7.188247
5,37,0.000000,-0.349941,-7.188247
6,37,0.000000,-0.343830,-7.219289
7,37,0.000000,-0.345190,-7.281152
8,37,0.000000,-0.358062,-6.996107
9,37,0.000000,-0.325762,-7.035215
10,37,0.000000,-0.389992,-7.243622
1,38,0.000000,0.608286,-4.729205
2,38,0.000000,0.555831,-4.825882
3,38,0.000000,0.555831,-4.825882
4,38,0.000000,0.593238,-4.986650
5,38,0.000000,0.574048,-4.866983
6,38,0.000000,0.617204,-4.743229
7,38,0.000000,0.623227,-4.523927
8,38,0.000000,0.643755,-4.480851
9,38,0.000000,0.643755,-4.365272
10,38,0.000000,0.636423,-4.273450
1,39,0.000000,-0.019463,1.085248
2,39,0.000000,-0.073912,1.085248
3,39,0.000000,-0.073912,1.085248
4,39,0.000000,-0.073912,1.085248
5,39,0.000000,-0.032499,1.274723
6,39,0.000000,-0.121432,1.018964
7,39,0.000000,-0.121432,1.018964
8,39,0.000000,-0.099008,1.248298
9,39,0.000000,-0.062149,1.373398
10,39,0.000000,-0.062149,1.078680
1,40,0.000000,0.614828,-6.743405
2,40,0.000000,0.586310,-6.644745
3,40,0.000000,0.628429,-6.575308
4,40,0.000000,0.600467,-6.575308
5,40,0.000000,0.600467,-6.575308
6,40,0.000000,0.592887,-6.626844
7,40,0.000000,0.592887,-6.626844
8,40,0.000000,0.612245,-6.626844
9,40,0.000000,0.623094,-6.594373
10,40,0.000000,0.628108,-6.575984
1,41,0.000000,-0.398016,-1.210496
2,41,0.000000,-0.398016,-1.541466
3,41,0.000000,-0.389204,-1.587609
4,41,0.000000,-0.366689,-1.587609
5,41,0.000000,-0.317608,-1.580317
6,41,0.000000,-0.336206,-1.094883
7,41,0.000000,-0.379165,-1.094883
8,41,0.000000,-0.376724,-1.338656
9,41,0.000000,-0.271275,-1.365643
10,41,0.000000,-0.271275,-1.158380
1,42,0.000000,0.925782,-2.444084
2,42,0.000000,0.866759,-2.444084
3,42,0.000000,0.859344,-2.444084
4,42,0.000000,0.892276,-2.347681
5,42,0.000000,0.892276,-2.329397
6,42,0.000000,0.881528,-2.482009
7,42,0.000000,0.889481,-2.411146
8,42,0.000000,0.889481,-2.411146
9,42,0.000000,0.907280,-2.411146
10,42,0.000000,0.889163,-2.411146
1,43,0.000000,0.471347,-0.043264
2,43,0.000000,0.439364,-0.218384
3,43,0.000000,0.439364,-0.218384
4,43,0.000000,0.447922,-0.218384
5,43,0.000000,0.421729,-0.218384
6,43,0.000000,0.421729,-0.218384
7,43,0.000000,0.443078,-0.218384
8,43,0.000000,0.443078,-0.218384
9,43,0.000000,0.460039,-0.218384
10,43,0.000000,0.392367,-0.218384
1,44,0.000000,0.071701,-11.523644
2,44,0.000000,0.094216,-11.398949
3,44,0.000000,0.103720,-11.398949
4,44,0.000000,0.095197,-11.398949
5,44,0.000000,0.095197,-11.398949
6,44,0.000000,0.103295,-11.402941
7,44,0.000000,0.103295,-11.402941
8,44,0.000000,0.085595,-11.569157
9,44,0.000000,0.085595,-11.523005
10,44,0.000000,0.059979,-11.579478
1,45,0.000000,0.445930,-0.516082
2,45,0.000000,0.463836,-0.442123
3,45,0.000000,0.463836,-0.442123
4,45,0.000000,0.478785,-0.518412
5,45,0.000000,0.478785,-0.518412
6,45,0.000000,0.478785,-0.560202
7,45,0.000000,0.479691,-0.560202
8,45,0.000000,0.479691,-0.445019
9,45,0.000000,0.479691,-0.445019
10,45,0.000000,0.502474,-0.448973
1,46,0.000000,0.154903,-4.038385
2,46,0.000000,0.154903,-4.038385
3,46,0.000000,0.149342,-3.965701
4,46,0.000000,0.132309,-4.248300
5,46,0.000000,0.138008,-4.113745
6,46,0.000000,0.153426,-3.930407
7,46,0.000000,0.153426,-3.930407
8,46,0.000000,0.153426,-3.913591
9,46,0.000000,0.153426,-3.913591
10,46,0.000000,0.127092,-3.913591
1,47,0.000000,0.440761,-0.371030
2,47,0.000000,0.440761,-0.371030
3,47,0.000000,0.440761,-0.405973
4,47,0.000000,0.434827,-0.525893
5,47,0.000000,0.427302,-0.525893
6,47,0.000000,0.427302,-0.525893
7,47,0.000000,0.450687,-0.525893
8,47,0.000000,0.425196,-0.450279
9,47,0.000000,0.425196,-0.450279
10,47,0.000000,0.468288,-0.479945
1,48,0.000000,-0.361866,3.868203
2,48,0.000000,-0.346019,3.824467
3,48,0.000000,-0.310900,4.227141
4,48,0.000000,-0.310900,3.894920
5,48,0.000000,-0.339946,4.242937
6,48,0.000000,-0.339946,4.203197
7,48,0.000000,-0.339946,4.203197
8,48,0.000000,-0.311971,3.956130
9,48,0.000000,-0.311971,4.090012
10,48,0.000000,-0.311971,4.090012
1,49,0.000000,0.420237,3.315453
2,49,0.000000,0.376826,3.315453
3,49,0.000000,0.433226,3.315453
4,49,0.000000,0.439568,3.510076
5,49,0.000000,0.510312,3.183442
6,49,0.000000,0.537861,3.183442
7,49,0.000000,0.540850,3.343871
8,49,0.000000,0.241337,3.645569
9,49,0.000000,0.437520,3.443930
10,49,0.000000,0.333766,3.443930
1,50,0.000000,0.548294,-0.353329
2,50,0.000000,0.545359,-0.353329
3,50,0.000000,0.545359,-0.353329
4,50,0.000000,0.545359,-0.353329
5,50,0.000000,0.545359,-0.353329
6,50,0.000000,0.586260,-0.304909
7,50,0.000000,0.565785,-0.280298
8,50,0.000000,0.565785,-0.280298
9,50,0.000000,0.548096,-0.426859
10,50,0.000000,0.548096,-0.426859
1,51,0.000000,0.069429,-3.139144
2,51,0.000000,0.069429,-3.139144
3,51,0.000000,0.069429,-3.139144
4,51,0.000000,0.085146,-3.139144
5,51,0.000000,0.085146,-3.139144
6,51,0.000000,0.085146,-3.139144
7,51,0.000000,0.085146,-3.139144
8,51,0.000000,0.085146,-3.139144
9,51,0.000000,0.085146,-3.139144
10,51,0.000000,0.052917,-3.097621
1,52,0.000000,0.407130,-5.017599
2,52,0.000000,0.391063,-5.156306
3,52,0.000000,0.391063,-5.156306
4,52,0.000000,0.391063,-5.128514
5,52,0.000000,0.391063,-5.128514
6,52,0.000000,0.391063,-5.252018
7,52,0.000000,0.349536,-5.252018
8,52,0.000000,0.380238,-5.252018
9,52,0.000000,0.380238,-5.252018
10,52,0.000000,0.380238,-5.252018
1,53,0.000000,0.408403,-4.791980
2,53,0.000000,0.459455,-4.641256
3,53,0.000000,0.433521,-4.641256
4,53,0.000000,0.423811,-4.535582
5,53,0.000000,0.428881,-4.539634
6,53,0.000000,0.453558,-4.539634
7,53,0.000000,0.461913,-4.819969
8,53,0.000000,0.462597,-4.662198
9,53,0.000000,0.462597,-4.662198
10,53,0.000000,0.500335,-4.223207
1,54,0.000000,-0.017464,2.471181
2,54,0.000000,-0.009374,2.606666
3,54,0.000000,-0.078913,2.544177
4,54,0.000000,-0.037415,2.544177
5,54,0.000000,-0.038139,2.581627
6,54,0.000000,-0.038139,2.440995
7,54,0.000000,-0.041981,2.440995
8,54,0.000000,-0.103116,2.310860
9,54,0.000000,-0.077676,2.310860
10,54,0.000000,-0.070999,2.581253
1,55,0.000000,0.614750,-8.094238
2,55,0.000000,0.614750,-8.162833
3,55,0.000000,0.614750,-8.162833
4,55,0.000000,0.633009,-8.093771
5,55,0.000000,0.633009,-8.093771
6,55,0.000000,0.594791,-8.099601
7,55,0.000000,0.575446,-8.278326
8,55,0.000000,0.582856,-8.252924
9,55,0.000000,0.582856,-8.254425
10,55,0.000000,0.582856,-8.254425
1,56,0.000000,0.433255,-0.260172
2,56,0.000000,0.430672,-0.173559
3,56,0.000000,0.440401,-0.385570
4,56,0.000000,0.451212,0.032872
5,56,0.000000,0.435520,-0.181692
6,56,0.000000,0.435520,-0.494959
7,56,0.000000,0.431665,-0.386050
8,56,0.000000,0.448628,0.031458
9,56,0.000000,0.475885,-0.296596
10,56,0.000000,0.503519,0.268612
1,57,0.000000,0.040434,-0.610748
2,57,0.000000,0.040434,-0.628793
3,57,0.000000,0.040434,-0.628793
4,57,0.000000,0.040434,-0.628793
5,57,0.000000,0.042128,-0.628793
6,57,0.000000,0.042128,-0.628793
7,57,0.000000,0.042437,-0.722676
8,57,0.000000,0.032989,-0.551255
9,57,0.000000,0.033806,-0.551255
10,57,0.000000,0.033806,-0.551255
1,58,0.000000,-0.500247,-8.574527
2,58,0.000000,-0.532523,-9.260205
3,58,0.000000,-0.532523,-9.194009
4,58,0.000000,-0.508166,-9.189800
5,58,0.000000,-0.514376,-8.962120
6,58,0.000000,-0.526440,-8.820741
7,58,0.000000,-0.535732,-9.287275
8,58,0.000000,-0.508426,-9.216124
9,58,0.000000,-0.508455,-8.821326
10,58,0.000000,-0.564301,-8.821326
1,59,0.000000,0.117142,6.222973
2,59,0.000000,0.095913,6.407837
3,59,0.000000,0.095913,6.407837
4,59,0.000000,0.105219,5.891242
5,59,0.000000,0.105219,6.181350
6,59,0.000000,0.111465,5.997019
7,59,0.000000,0.076030,6.333870
8,59,0.000000,0.111030,6.384268
9,59,0.000000,0.138043,6.384268
10,59,0.000000,0.119441,6.253828
1,60,0.000000,0.692460,0.624370
2,60,0.000000,0.593017,0.493045
3,60,0.000000,0.663785,0.826185
4,60,0.000000,0.622344,0.760022
5,60,0.000000,0.633160,0.566738
6,60,0.000000,0.633160,0.885882
7,60,0.000000,0.633160,0.660292
8,60,0.000000,0.633160,0.660292
9,60,0.000000,0.645104,0.660292
10,60,0.000000,0.645104,0.660292
1,61,0.000000,0.571544,-7.635544
2,61,0.000000,0.557482,-7.635544
3,61,0.000000,0.553818,-7.799536
4,61,0.000000,0.553818,-7.799536
5,61,0.000000,0.537136,-7.708096
6,61,0.000000,0.559789,-7.708096
7,61,0.000000,0.566809,-7.706941
8,61,0.000000,0.566809,-7.706941
9,61,0.000000,0.541571,-7.711043
10,61,0.000000,0.539019,-7.855266
1,62,0.000000,0.845523,10.241820
2,62,0.000000,0.846572,10.101454
3,62,0.000000,0.846572,10.261015
4,62,0.000000,0.830268,10.261015
5,62,0.000000,0.767366,10.227395
6,62,0.000000,0.786627,10.227395
7,62,0.000000,0.822843,10.017189
8,62,0.000000,0.823920,10.198860
9,62,0.000000,0.823920,10.198860
10,62,0.000000,0.823920,10.198860
1,63,0.000000,-0.614884,-4.689942
2,63,0.000000,-0.614884,-4.689942
3,63,0.000000,-0.614884,-4.850172
4,63,0.000000,-0.620171,-4.850172
5,63,0.000000,-0.663022,-5.652749
6,63,0.000000,-0.677846,-5.612193
7,63,0.000000,-0.648434,-5.709373
8,63,0.000000,-0.668928,-5.614138
9,63,0.000000,-0.668928,-5.612042
10,63,0.000000,-0.664035,-5.406968
1,64,0.000000,0.039346,1.315419
2,64,0.000000,0.059681,1.304777
3,64,0.000000,0.029215,1.301302
4,64,0.000000,0.029215,1.301302
5,64,0.000000,0.069751,1.141278
6,64,0.000000,0.040869,1.003862
7,64,0.000000,0.040869,1.003862
8,64,0.000000,0.053155,0.998382
9,64,0.000000,0.051601,1.075566
10,64,0.000000,0.051601,1.484937
1,65,0.000000,0.058211,8.076004
2,65,0.000000,0.058211,8.076004
3,65,0.000000,0.036217,8.076004
4,65,0.000000,0.059565,8.076004
5,65,0.000000,0.021167,7.972898
6,65,0.000000,0.021167,8.159520
7,65,0.000000,0.021167,8.159520
8,65,0.000000,0.021167,8.159520
9,65,0.000000,0.021167,8.159520
10,65,0.000000,0.062882,8.562065
1,66,0.000000,0.590729,-0.173148
2,66,0.000000,0.590729,-0.126289
3,66,0.000000,0.581342,-0.204680
4,66,0.000000,0.589044,-0.329277
5,66,0.000000,0.575524,-0.207294
6,66,0.000000,0.602497,-0.309211
7,66,0.000000,0.592295,-0.269513
8,66,0.000000,0.592295,-0.269513
9,66,0.000000,0.621709,-0.025638
10,66,0.000000,0.621709,-0.025638
1,67,0.000000,0.052964,13.882050
2,67,0.000000,0.070191,14.267751
3,67,0.000000,0.085061,13.859365
4,67,0.000000,0.058715,13.809253
5,67,0.000000,0.105225,13.209314
6,67,0.000000,0.112717,14.267724
7,67,0.000000,0.094653,13.951385
8,67,0.000000,0.099326,14.170632
9,67,0.000000,0.063175,13.794752
10,67,0.000000,0.098855,13.465774
1,68,0.000000,-0.441363,4.694041
2,68,0.000000,-0.466531,4.805880
3,68,0.000000,-0.466531,5.004760
4,68,0.000000,-0.466531,5.004760
5,68,0.000000,-0.466531,4.874716
6,68,0.000000,-0.466531,4.874716
7,68,0.000000,-0.478992,4.937800
8,68,0.000000,-0.478992,4.521051
9,68,0.000000,-0.478992,4.614244
10,68,0.000000,-0.478992,5.009508
1,69,0.000000,-0.300081,5.510994
2,69,0.000000,-0.223843,5.544836
3,69,0.000000,-0.131978,5.721392
4,69,0.000000,-0.195522,5.721392
5,69,0.000000,-0.195522,5.721392
6,69,0.000000,-0.268737,5.721392
7,69,0.000000,-0.231274,5.706490
8,69,0.000000,-0.231274,5.417154
9,69,0.000000,-0.269451,5.211192
10,69,0.000000,-0.269451,5.211192
1,70,0.000000,-0.526717,5.486680
2,70,0.000000,-0.514462,5.218107
3,70,0.000000,-0.477272,5.426286
4,70,0.000000,-0.563094,5.473422
5,70,0.000000,-0.541016,5.550183
6,70,0.000000,-0.543315,5.550183
7,70,0.000000,-0.543315,5.550183
8,70,0.000000,-0.543315,5.550183
9,70,0.000000,-0.552212,5.488201
10,70,0.000000,-0.513267,5.397677
1,71,0.000000,-0.822419,6.965855
2,71,0.000000,-0.812917,6.905481
3,71,0.000000,-0.770978,7.402169
4,71,0.000000,-0.766370,6.915554
5,71,0.000000,-0.857331,7.663570
6,71,0.000000,-0.910139,7.458621
7,71,0.000000,-0.986721,7.774992
8,71,0.000000,-0.899229,7.460632
9,71,0.000000,-0.852358,6.996579
10,71,0.000000,-0.787414,6.678862
1,72,0.000000,-0.775598,-1.372845
2,72,0.000000,-0.797398,-1.922105
3,72,0.000000,-0.808344,-1.714102
4,72,0.000000,-0.792989,-2.035328
5,72,0.000000,-0.798886,-2.119239
6,72,0.000000,-0.729475,-1.788479
7,72,0.000000,-0.729475,-1.788479
8,72,0.000000,-0.792602,-1.806652
9,72,0.000000,-0.774730,-2.292013
10,72,0.000000,-0.737672,-2.260965
1,73,0.000000,0.108828,-1.262227
2,73,0.000000,0.136972,-1.232576
3,73,0.000000,0.083485,-1.453976
4,73,0.000000,0.070476,-1.394466
5,73,0.000000,0.102246,-1.193696
6,73,0.000000,0.091066,-1.609682
7,73,0.000000,0.091066,-1.131739
8,73,0.000000,0.049260,-1.578605
9,73,0.000000,0.046180,-1.225052
10,73,0.000000,0.082905,-1.296041
1,74,0.000000,0.229378,4.618351
2,74,0.000000,0.258251,4.612884
3,74,0.000000,0.212671,4.574349
4,74,0.000000,0.221327,4.590558
5,74,0.000000,0.221327,4.590558
6,74,0.000000,0.235690,4.590558
7,74,0.000000,0.210202,4.701051
8,74,0.000000,0.201372,4.761214
9,74,0.000000,0.258239,4.639763
10,74,0.000000,0.196897,4.467344
1,75,0.000000,-0.696541,1.089193
2,75,0.000000,-0.676081,1.128852
3,75,0.000000,-0.703730,1.128852
4,75,0.000000,-0.686882,1.128852
5,75,0.000000,-0.686277,1.527778
6,75,0.000000,-0.686277,1.396941
7,75,0.000000,-0.712951,1.288962
8,75,0.000000,-0.720821,1.242692
9,75,0.000000,-0.734884,0.996218
10,75,0.000000,-0.660390,1.019962
1,76,0.000000,0.280300,1.943254
2,76,0.000000,0.172742,2.280995
3,76,0.000000,0.095090,2.131339
4,76,0.000000,0.136640,2.199142
5,76,0.000000,0.147627,2.490466
6,76,0.000000,0.171640,2.186785
7,76,0.000000,0.188977,1.858828
8,76,0.000000,0.208161,1.599454
9,76,0.000000,0.302178,1.744242
10,76,0.000000,0.186842,2.373333
1,77,0.000000,0.261302,-8.565880
2,77,0.000000,0.221935,-8.632523
3,77,0.000000,0.221935,-8.632523
4,77,0.000000,0.252612,-8.632523
5,77,0.000000,0.252612,-8.663540
6,77,0.000000,0.226882,-8.631803
7,77,0.000000,0.276177,-8.256029
8,77,0.000000,0.276177,-8.657590
9,77,0.000000,0.233165,-8.667536
10,77,0.000000,0.234402,-8.359055
1,78,0.000000,0.540462,3.921965
2,78,0.000000,0.615337,3.942048
3,78,0.000000,0.567687,3.888967
4,78,0.000000,0.567687,3.929863
5,78,0.000000,0.590121,4.247872
6,78,0.000000,0.625809,4.382830
7,78,0.000000,0.616174,4.389162
8,78,0.000000,0.627164,4.358282
9,78,0.000000,0.627164,4.358282
10,78,0.000000,0.617112,4.192018
1,79,0.000000,-0.431898,-2.809626
2,79,0.000000,-0.431898,-2.809626
3,79,0.000000,-0.420611,-2.484463
4,79,0.000000,-0.395856,-2.484463
5,79,0.000000,-0.425821,-2.569717
6,79,0.000000,-0.421916,-2.498150
7,79,0.000000,-0.394537,-2.583650
8,79,0.000000,-0.474661,-2.802971
9,79,0.000000,-0.491616,-2.802971
10,79,0.000000,-0.465868,-2.802971
1,80,0.000000,0.482738,12.860858
2,80,0.000000,0.557662,13.897015
3,80,0.000000,0.494030,13.943206
4,80,0.000000,0.361263,14.391330
5,80,0.000000,0.385095,14.434896
6,80,0.000000,0.202693,18.076662
7,80,0.000000,0.355730,17.609400
8,80,0.000000,0.122728,18.065817
9,80,0.000000,-0.035878,18.417046
10,80,0.000000,0.049791,17.595752
1,81,0.000000,-0.459867,-7.296955
2,81,0.000000,-0.427302,-7.001259
3,81,0.000000,-0.417972,-7.293885
4,81,0.000000,-0.453838,-7.177406
5,81,0.000000,-0.431371,-7.333584
6,81,0.000000,-0.398046,-7.104847
7,81,0.000000,-0.398046,-6.820017
8,81,0.000000,-0.408397,-7.114533
9,81,0.000000,-0.404302,-7.061142
10,81,0.000000,-0.404302,-6.957890
1,82,0.000000,-0.188683,0.312500
2,82,0.000000,-0.307672,0.312500
3,82,0.000000,-0.305997,0.241245
4,82,0.000000,-0.256092,0.464606
5,82,0.000000,-0.214041,0.464606
6,82,0.000000,-0.281828,0.329814
7,82,0.000000,-0.333570,0.463163
8,82,0.000000,-0.307389,0.503659
9,82,0.000000,-0.305111,0.458585
10,82,0.000000,-0.305111,0.458585
1,83,0.000000,-0.371383,0.610604
2,83,0.000000,-0.371383,0.701445
3,83,0.000000,-0.313619,-0.017626
4,83,0.000000,-0.243120,0.104900
5,83,0.000000,-0.204852,-0.148114
6,83,0.000000,-0.226507,-0.055323
7,83,0.000000,-0.266037,0.156087
8,83,0.000000,-0.233519,-0.481412
9,83,0.000000,-0.257128,-0.089850
10,83,0.000000,-0.175555,-0.580040
1,84,0.000000,-0.359243,-6.333850
2,84,0.000000,-0.359243,-5.864620
3,84,0.000000,-0.374557,-6.001689
4,84,0.000000,-0.374557,-5.956140
5,84,0.000000,-0.374557,-6.382255
6,84,0.000000,-0.354876,-6.293506
7,84,0.000000,-0.396326,-6.293506
8,84,0.000000,-0.434608,-6.451392
9,84,0.000000,-0.434608,-6.451392
10,84,0.000000,-0.434608,-6.531880
1,85,0.000000,-0.839853,1.686135
2,85,0.000000,-0.945241,1.553735
3,85,0.000000,-0.926940,1.853816
4,85,0.000000,-0.883343,1.926240
5,85,0.000000,-0.906492,1.748562
6,85,0.000000,-1.006782,1.517811
7,85,0.000000,-1.063197,2.173151
8,85,0.000000,-1.034180,2.218567
9,85,0.000000,-1.054168,2.491245
10,85,0.000000,-1.041286,1.606991
1,86,0.000000,0.333930,3.626650
2,86,0.000000,0.333930,3.626650
3,86,0.000000,0.322187,3.626650
4,86,0.000000,0.267323,3.209428
5,86,0.000000,0.277607,3.209428
6,86,0.000000,0.277607,3.209428
7,86,0.000000,0.271464,3.184885
8,86,0.000000,0.304933,3.275515
9,86,0.000000,0.297732,3.275515
10,86,0.000000,0.297732,3.279694
1,87,0.000000,0.652833,-8.321514
2,87,0.000000,0.619444,-8.321514
3,87,0.000000,0.591958,-8.356601
4,87,0.000000,0.557974,-8.415375
5,87,0.000000,0.547853,-8.451509
6,87,0.000000,0.599572,-8.451509
7,87,0.000000,0.586723,-8.343570
8,87,0.000000,0.586723,-8.359255
9,87,0.000000,0.647862,-8.289915
10,87,0.000000,0.585627,-8.366818
1,88,0.000000,-0.048934,-1.239583
2,88,0.000000,-0.046947,-0.873841
3,88,0.000000,-0.096414,-1.194141
4,88,0.000000,-0.063464,-1.172723
5,88,0.000000,-0.063464,-1.123864
6,88,0.000000,-0.063464,-1.123864
7,88,0.000000,-0.063464,-0.870698
8,88,0.000000,-0.063464,-0.757679
9,88,0.000000,-0.056809,-1.190833
10,88,0.000000,-0.052017,-1.031134
1,89,0.000000,-0.075191,-13.251829
2,89,0.000000,-0.075191,-13.251829
3,89,0.000000,-0.075191,-12.815585
4,89,0.000000,-0.050834,-12.815585
5,89,0.000000,-0.042385,-12.886684
6,89,0.000000,-0.051746,-12.931352
7,89,0.000000,-0.051746,-12.917614
8,89,0.000000,-0.051746,-12.917614
9,89,0.000000,-0.051746,-12.917614
10,89,0.000000,-0.051746,-12.926153
1,90,0.000000,0.326024,6.849886
2,90,0.000000,0.276577,6.711812
3,90,0.000000,0.350341,6.989800
4,90,0.000000,0.350341,6.989800
5,90,0.000000,0.336945,6.773819
6,90,0.000000,0.309084,6.836650
7,90,0.000000,0.407392,6.813128
8,90,0.000000,0.407392,6.813128
9,90,0.000000,0.398107,6.761777
10,90,0.000000,0.379361,6.761777
1,91,0.000000,0.039992,6.595521
2,91,0.000000,0.047065,6.724452
3,91,0.000000,0.073601,6.328751
4,91,0.000000,0.084101,6.451857
5,91,0.000000,0.084101,6.451857
6,91,0.000000,0.100650,6.366154
7,91,0.000000,0.073184,5.996848
8,91,0.000000,0.058233,6.439495
9,91,0.000000,-0.003461,6.550947
10,91,0.000000,0.018561,6.587989
1,92,0.000000,-0.443445,-7.910457
2,92,0.000000,-0.460466,-7.649514
3,92,0.000000,-0.481458,-7.613369
4,92,0.000000,-0.472732,-7.817807
5,92,0.000000,-0.472732,-7.754893
6,92,0.000000,-0.461775,-7.832670
7,92,0.000000,-0.461775,-7.623564
8,92,0.000000,-0.465364,-7.742791
9,92,0.000000,-0.465364,-7.742791
10,92,0.000000,-0.465364,-7.589983
1,93,0.000000,-0.099782,-9.390854
2,93,0.000000,-0.087709,-9.390854
3,93,0.000000,-0.126103,-9.783545
4,93,0.000000,-0.126103,-9.590026
5,93,0.000000,-0.125348,-9.583837
6,93,0.000000,-0.125348,-9.583837
7,93,0.000000,-0.125348,-9.583837
8,93,0.000000,-0.116729,-9.657464
9,93,0.000000,-0.116729,-9.657464
10,93,0.000000,-0.116729,-9.657464
1,94,0.000000,-0.028239,7.978157
2,94,0.000000,-0.028239,7.929123
3,94,0.000000,0.024772,8.025680
4,94,0.000000,-0.099251,7.506889
5,94,0.000000,-0.121134,7.842969
6,94,0.000000,0.016383,8.285260
7,94,0.000000,0.016383,8.285260
8,94,0.000000,0.066535,8.285260
9,94,0.000000,0.070969,8.328142
10,94,0.000000,0.070969,8.328142
1,95,0.000000,-0.091618,-6.563291
2,95,0.000000,-0.091618,-6.563291
3,95,0.000000,-0.091618,-6.440334
4,95,0.000000,-0.091618,-6.440334
5,95,0.000000,-0.088663,-6.440334
6,95,0.000000,-0.095515,-6.440334
7,95,0.000000,-0.073759,-6.440334
8,95,0.000000,-0.073759,-6.440334
9,95,0.000000,-0.073759,-6.440334
10,95,0.000000,-0.092741,-6.419719
1,96,0.000000,0.183401,-4.677957
2,96,0.000000,0.200181,-4.394580
3,96,0.000000,0.191792,-4.935584
4,96,0.000000,0.151846,-4.778406
5,96,0.000000,0.151846,-4.778406
6,96,0.000000,0.146771,-4.518277
7,96,0.000000,0.145797,-5.172454
8,96,0.000000,0.165190,-4.832681
9,96,0.000000,0.172656,-4.881964
10,96,0.000000,0.172656,-4.881964
1,97,0.000000,0.022261,0.841114
2,97,0.000000,0.040336,0.634742
3,97,0.000000,-0.001218,0.514129
4,97,0.000000,-0.001218,0.514129
5,97,0.000000,0.005322,0.571649
6,97,0.000000,0.020743,0.571649
7,97,0.000000,0.006114,0.652174
8,97,0.000000,0.024785,0.738140
9,97,0.000000,0.024507,0.667579
10,97,0.000000,0.025657,0.922936
1,98,0.000000,0.386167,-8.731780
2,98,0.000000,0.386167,-8.731780
3,98,0.000000,0.386167,-8.731780
4,98,0.000000,0.386167,-8.731780
5,98,0.000000,0.386167,-8.731780
6,98,0.000000,0.386167,-8.731780
7,98,0.000000,0.386167,-8.731780
8,98,0.000000,0.386167,-8.731780
9,98,0.000000,0.425274,-8.556307
10,98,0.000000,0.425274,-8.556307
1,99,0.000000,-0.149030,6.630011
2,99,0.000000,-0.238062,7.038365
3,99,0.000000,-0.144537,6.677441
4,99,0.000000,-0.144537,6.677441
5,99,0.000000,-0.156350,6.679044
6,99,0.000000,-0.140809,5.913443
7,99,0.000000,-0.026518,5.650546
8,99,0.000000,-0.033441,6.030825
9,99,0.000000,-0.018814,5.891316
10,99,0.000000,-0.079557,5.817788
1,100,0.000000,0.349604,-3.358849
2,100,0.000000,0.349604,-3.462608
3,100,0.000000,0.349604,-3.462608
4,100,0.000000,0.349604,-3.462608
5,100,0.000000,0.349604,-3.462608
6,100,0.000000,0.349604,-3.462608
7,100,0.000000,0.349604,-3.462608
8,100,0.000000,0.363947,-3.433347
9,100,0.000000,0.363947,-3.433347
10,100,0.000000,0.363947,-3.573879
1,101,0.000000,0.611404,-4.377030
2,101,0.000000,0.539289,-4.545464
3,101,0.000000,0.603027,-4.545464
4,101,0.000000,0.560234,-4.545464
5,101,0.000000,0.560234,-4.546736
6,101,0.000000,0.580835,-4.556991
7,101,0.000000,0.604569,-4.556991
8,101,0.000000,0.567496,-4.383245
9,101,0.000000,0.678256,-4.383245
10,101,0.000000,0.719115,-4.383245
1,102,0.000000,-0.096089,5.221696
2,102,0.000000,-0.121260,5.815730
3,102,0.000000,-0.090486,5.509064
4,102,0.000000,-0.080871,5.773062
5,102,0.000000,-0.097709,6.725988
6,102,0.000000,-0.101554,6.903742
7,102,0.000000,-0.114284,6.903742
8,102,0.000000,-0.161047,6.154754
9,102,0.000000,-0.069060,5.692794
10,102,0.000000,-0.018774,4.493952
1,103,0.000000,-0.032879,10.714420
2,103,0.000000,0.026474,10.768067
3,103,0.000000,-0.024191,11.057998
4,103,0.000000,-0.024191,11.024310
5,103,0.000000,-0.051359,10.814072
6,103,0.000000,-0.042833,11.030083
7,103,0.000000,-0.015319,11.000568
8,103,0.000000,0.014774,11.137121
9,103,0.000000,0.060387,10.369836
10,103,0.000000,0.060387,10.500868
1,104,0.000000,0.424697,-5.377807
2,104,0.000000,0.424697,-5.377807
3,104,0.000000,0.424697,-5.377807
4,104,0.000000,0.471037,-5.273175
5,104,0.000000,0.471037,-5.273175
6,104,0.000000,0.460554,-5.240880
7,104,0.000000,0.460554,-5.240880
8,104,0.000000,0.460554,-5.304113
9,104,0.000000,0.460554,-5.304113
10,104,0.000000,0.459885,-5.304113
1,105,0.000000,-0.010951,10.354525
2,105,0.000000,-0.024506,10.098334
3,105,0.000000,0.020898,10.098334
4,105,0.000000,0.020898,10.098334
5,105,0.000000,0.052814,10.319924
6,105,0.000000,0.003651,10.585726
7,105,0.000000,-0.023180,10.594110
8,105,0.000000,-0.003259,10.784484
9,105,0.000000,0.009499,10.274527
10,105,0.000000,-0.056689,10.509375
1,106,0.000000,1.218307,1.274320
2,106,0.000000,1.145845,1.274320
3,106,0.000000,1.184741,1.274320
4,106,0.000000,1.184741,1.274320
5,106,0.000000,1.180943,1.274320
6,106,0.000000,1.209741,1.323363
7,106,0.000000,1.188764,1.345491
8,106,0.000000,1.200866,1.345491
9,106,0.000000,1.200866,1.360442
10,106,0.000000,1.199297,1.258049
1,107,0.000000,-0.663986,-11.816907
2,107,0.000000,-0.704573,-12.185128
3,107,0.000000,-0.729053,-12.074606
4,107,0.000000,-0.760259,-12.576876
5,107,0.000000,-0.720578,-11.834421
6,107,0.000000,-0.747488,-12.396316
7,107,0.000000,-0.718252,-11.981577
8,107,0.000000,-0.718252,-11.791077
9,107,0.000000,-0.713622,-12.188028
10,107,0.000000,-0.691331,-11.601757
1,108,0.000000,0.621703,-3.212775
2,108,0.000000,0.620526,-3.414541
3,108,0.000000,0.604709,-3.085412
4,108,0.000000,0.604709,-2.988955
5,108,0.000000,0.604709,-3.168488
6,108,0.000000,0.651641,-3.445106
7,108,0.000000,0.666955,-3.445106
8,108,0.000000,0.660239,-3.445106
9,108,0.000000,0.743310,-3.527690
10,108,0.000000,0.705473,-3.444166
1,109,0.000000,0.409924,-4.489034
2,109,0.000000,0.417000,-4.489034
3,109,0.000000,0.417000,-4.489034
4,109,0.000000,0.403077,-4.489034
5,109,0.000000,0.401556,-4.489034
6,109,0.000000,0.384246,-4.366874
7,109,0.000000,0.387925,-4.821773
8,109,0.000000,0.431330,-4.518356
9,109,0.000000,0.406377,-4.351223
10,109,0.000000,0.488342,-4.487671
1,110,0.000000,-0.794480,-7.380916
2,110,0.000000,-0.794480,-7.145918
3,110,0.000000,-0.754588,-7.322403
4,110,0.000000,-0.759063,-6.613475
5,110,0.000000,-0.720221,-6.490344
6,110,0.000000,-0.682347,-6.579096
7,110,0.000000,-0.712319,-6.807770
8,110,0.000000,-0.716157,-6.758893
9,110,0.000000,-0.735381,-6.870937
10,110,0.000000,-0.711571,-6.870937
1,111,0.000000,0.182062,-14.711547
2,111,0.000000,0.182062,-14.711547
3,111,0.000000,0.182062,-15.156077
4,111,0.000000,0.229759,-15.114633
5,111,0.000000,0.230490,-14.587231
6,111,0.000000,0.183481,-14.925101
7,111,0.000000,0.164469,-14.891763
8,111,0.000000,0.188619,-14.891763
9,111,0.000000,0.208431,-14.746378
10,111,0.000000,0.208431,-14.746378
1,112,0.000000,-0.465015,-2.114271
2,112,0.000000,-0.459289,-2.097356
3,112,0.000000,-0.492030,-2.097356
4,112,0.000000,-0.491628,-2.181727
5,112,0.000000,-0.491628,-2.181727
6,112,0.000000,-0.527554,-2.403483
7,112,0.000000,-0.518233,-2.328397
8,112,0.000000,-0.516717,-2.134185
9,112,0.000000,-0.516742,-2.311615
10,112,0.000000,-0.578650,-2.354041
1,113,0.000000,0.301875,-2.581980
2,113,0.000000,0.301875,-2.533988
3,113,0.000000,0.301875,-2.538218
4,113,0.000000,0.301875,-2.538218
5,113,0.000000,0.302030,-2.805086
6,113,0.000000,0.291664,-2.498323
7,113,0.000000,0.302185,-2.479896
8,113,0.000000,0.302185,-2.479896
9,113,0.000000,0.302185,-2.479896
10,113,0.000000,0.309799,-2.502595
1,114,0.000000,-0.906613,-3.673864
2,114,0.000000,-0.906613,-3.673864
3,114,0.000000,-0.805038,-3.247660
4,114,0.000000,-0.821956,-3.598753
5,114,0.000000,-0.818592,-3.629478
6,114,0.000000,-0.818592,-3.629478
7,114,0.000000,-0.818592,-3.516765
8,114,0.000000,-0.918404,-3.571869
9,114,0.000000,-0.872390,-3.583356
10,114,0.000000,-0.836572,-3.456755
1,115,0.000000,-0.150327,-1.036874
2,115,0.000000,-0.148996,-1.505736
3,115,0.000000,-0.132435,-1.197414
4,115,0.000000,-0.174403,-1.127507
5,115,0.000000,-0.174403,-1.127507
6,115,0.000000,-0.182007,-1.046942
7,115,0.000000,-0.182007,-1.046942
8,115,0.000000,-0.115824,-1.046942
9,115,0.000000,-0.105711,-0.923818
10,115,0.000000,-0.105711,-0.923818
1,116,0.000000,0.200781,-8.571113
2,116,0.000000,0.200781,-8.571113
3,116,0.000000,0.200781,-8.571113
4,116,0.000000,0.200781,-8.571113
5,116,0.000000,0.200781,-8.571113
6,116,0.000000,0.200839,-8.571113
7,116,0.000000,0.200839,-8.571113
8,116,0.000000,0.194440,-8.723113
9,116,0.000000,0.201889,-8.702880
10,116,0.000000,0.211443,-8.481126
1,117,0.000000,0.134615,8.842659
2,117,0.000000,0.113308,8.983909
3,117,0.000000,0.105566,8.837257
4,117,0.000000,0.102712,8.837257
5,117,0.000000,0.200128,8.847268
6,117,0.000000,0.092541,8.609136
7,117,0.000000,0.167345,8.535464
8,117,0.000000,0.148593,8.680618
9,117,0.000000,0.187305,8.830529
10,117,0.000000,0.269217,8.830992
1,118,0.000000,-0.834741,13.995101
2,118,0.000000,-0.794844,13.578902
3,118,0.000000,-0.793088,13.876807
4,118,0.000000,-0.784359,13.415005
5,118,0.000000,-0.768963,13.248897
6,118,0.000000,-0.740415,13.311715
7,118,0.000000,-0.765566,12.808196
8,118,0.000000,-0.721675,12.416815
9,118,0.000000,-0.680340,11.503146
10,118,0.000000,-0.597158,11.639270
1,119,0.000000,1.063279,-7.773329
2,119,0.000000,1.063279,-7.810013
3,119,0.000000,1.066263,-7.490057
4,119,0.000000,1.066263,-7.506036
5,119,0.000000,1.074823,-7.687378
6,119,0.000000,1.095001,-7.558942
7,119,0.000000,1.095001,-7.558942
8,119,0.000000,1.127764,-7.558942
9,119,0.000000,1.063500,-7.558942
10,119,0.000000,1.063500,-7.558942
1,120,0.000000,0.494412,12.657132
2,120,0.000000,0.454694,12.337246
3,120,0.000000,0.585368,11.678985
4,120,0.000000,0.607164,11.930597
5,120,0.000000,0.651663,11.598319
6,120,0.000000,0.582527,11.598319
7,120,0.000000,0.519579,11.962608
8,120,0.000000,0.510425,12.432046
9,120,0.000000,0.526036,12.208070
10,120,0.000000,0.530607,11.863393
1,121,0.000000,0.069952,-3.802909
2,121,0.000000,0.019630,-3.909421
3,121,0.000000,-0.011874,-3.909421
4,121,0.000000,0.025043,-3.795479
5,121,0.000000,-0.002649,-3.795436
6,121,0.000000,-0.024517,-3.747980
7,121,0.000000,-0.009286,-3.915269
8,121,0.000000,0.029343,-3.578881
9,121,0.000000,0.037142,-3.825834
10,121,0.000000,0.052869,-3.979022
1,122,0.000000,-0.260562,12.974987
2,122,0.000000,-0.207892,12.654152
3,122,0.000000,-0.207892,12.796068
4,122,0.000000,-0.167369,12.836307
5,122,0.000000,-0.145062,12.478382
6,122,0.000000,-0.148067,13.059094
7,122,0.000000,-0.248646,13.054787
8,122,0.000000,-0.283737,13.184553
9,122,0.000000,-0.225235,12.896324
10,122,0.000000,-0.154274,12.903132
1,123,0.000000,-0.058344,15.403980
2,123,0.000000,0.174834,14.514592
3,123,0.000000,0.077851,14.675901
4,123,0.000000,0.135460,14.539388
5,123,0.000000,0.219299,15.006557
6,123,0.000000,0.219299,15.006557
7,123,0.000000,0.183959,14.991206
8,123,0.000000,0.175161,14.964862
9,123,0.000000,-0.102467,15.153201
10,123,0.000000,-0.085868,15.123241
1,124,0.000000,-0.035450,8.962085
2,124,0.000000,0.016982,8.980499
3,124,0.000000,-0.087298,8.875542
4,124,0.000000,-0.087298,8.596642
5,124,0.000000,-0.071796,8.842950
6,124,0.000000,-0.008975,8.842950
7,124,0.000000,-0.016458,8.750071
8,124,0.000000,-0.028686,8.750071
9,124,0.000000,0.040718,8.677312
10,124,0.000000,-0.097047,8.564252
1,125,0.000000,0.153787,3.259884
2,125,0.000000,0.153787,3.259884
3,125,0.000000,0.129513,3.240478
4,125,0.000000,0.129513,3.263121
5,125,0.000000,0.113773,3.275360
6,125,0.000000,0.113773,3.388071
7,125,0.000000,0.159774,3.310475
8,125,0.000000,0.090787,3.314533
9,125,0.000000,0.090787,3.314533
10,125,0.000000,0.090787,3.314533
1,126,0.000000,-0.689407,1.852999
2,126,0.000000,-0.704901,1.946020
3,126,0.000000,-0.704901,2.216250
4,126,0.000000,-0.704901,2.005709
5,126,0.000000,-0.706112,2.005709
6,126,0.000000,-0.706112,2.005709
7,126,0.000000,-0.672720,1.913700
8,126,0.000000,-0.731318,2.364791
9,126,0.000000,-0.731318,1.735923
10,126,0.000000,-0.768758,2.237451
1,127,0.000000,-0.338490,8.171091
2,127,0.000000,-0.395020,8.092132
3,127,0.000000,-0.404883,8.568896
4,127,0.000000,-0.462065,8.419589
5,127,0.000000,-0.403111,8.419589
6,127,0.000000,-0.442375,8.506816
7,127,0.000000,-0.410329,8.340746
8,127,0.000000,-0.496962,9.148285
9,127,0.000000,-0.570191,9.954415
10,127,0.000000,-0.473966,8.998455
1,128,0.000000,-1.247302,13.058796
2,128,0.000000,-1.180089,13.320070
3,128,0.000000,-1.174881,13.001931
4,128,0.000000,-1.244442,12.947112
5,128,0.000000,-1.269856,13.287424
6,128,0.000000,-1.293215,13.284585
7,128,0.000000,-1.167834,13.512732
8,128,0.000000,-1.238107,13.345546
9,128,0.000000,-1.242627,13.402641
10,128,0.000000,-1.276564,13.948393
1,129,0.000000,0.291598,12.208408
2,129,0.000000,0.327087,12.208408
3,129,0.000000,0.301848,12.208408
4,129,0.000000,0.331139,12.136578
5,129,0.000000,0.369092,12.136578
6,129,0.000000,0.376388,12.299157
7,129,0.000000,0.325073,12.170143
8,129,0.000000,0.325073,12.170143
9,129,0.000000,0.276561,12.073606
10,129,0.000000,0.322222,12.073606
1,130,0.000000,-0.631720,12.687389
2,130,0.000000,-0.643332,12.537941
3,130,0.000000,-0.648099,12.818955
4,130,0.000000,-0.696023,13.162148
5,130,0.000000,-0.696023,13.162148
6,130,0.000000,-0.683778,13.717142
7,130,0.000000,-0.732009,12.904158
8,130,0.000000,-0.614975,12.747035
9,130,0.000000,-0.595372,12.124759
10,130,0.000000,-0.591403,12.361684
1,131,0.000000,0.396163,-9.471467
2,131,0.000000,0.396163,-9.471467
3,131,0.000000,0.396163,-9.471467
4,131,0.000000,0.396163,-9.471467
5,131,0.000000,0.396163,-9.471467
6,131,0.000000,0.397530,-9.593773
7,131,0.000000,0.416710,-9.298766
8,131,0.000000,0.416710,-9.298766
9,131,0.000000,0.416710,-9.298766
10,131,0.000000,0.416710,-9.480839
1,132,0.000000,-0.538127,-1.544422
2,132,0.000000,-0.524563,-1.416670
3,132,0.000000,-0.479545,-1.416670
4,132,0.000000,-0.465436,-1.722431
5,132,0.000000,-0.556782,-2.319899
6,132,0.000000,-0.560140,-2.319899
7,132,0.000000,-0.608799,-2.307955
8,132,0.000000,-0.513536,-2.122608
9,132,0.000000,-0.451124,-1.849789
10,132,0.000000,-0.544566,-1.890147
1,133,0.000000,0.289773,-0.259074
2,133,0.000000,0.289773,-0.259074
3,133,0.000000,0.291333,-0.276186
4,133,0.000000,0.291333,-0.276186
5,133,0.000000,0.241129,-0.123635
6,133,0.000000,0.251399,-0.379431
7,133,0.000000,0.251399,-0.507981
8,133,0.000000,0.251399,-0.507981
9,133,0.000000,0.233458,-0.518655
10,133,0.000000,0.256183,-0.297052
1,134,0.000000,0.264023,4.890709
2,134,0.000000,0.309428,5.114480
3,134,0.000000,0.328802,4.829008
4,134,0.000000,0.282891,4.908832
5,134,0.000000,0.282891,5.020488
6,134,0.000000,0.280305,4.830814
7,134,0.000000,0.231879,5.239954
8,134,0.000000,0.219525,5.227965
9,134,0.000000,0.236333,5.252993
10,134,0.000000,0.236333,4.857085
1,135,0.000000,-0.711839,4.839184
2,135,0.000000,-0.738875,5.183542
3,135,0.000000,-0.755790,5.458509
4,135,0.000000,-0.825495,5.682541
5,135,0.000000,-0.789369,5.755351
6,135,0.000000,-0.736913,5.764201
7,135,0.000000,-0.771466,5.496524
8,135,0.000000,-0.831318,6.073044
9,135,0.000000,-0.915144,6.582887
10,135,0.000000,-0.822714,5.879173
1,136,0.000000,1.349331,-2.630667
2,136,0.000000,1.322531,-2.515108
3,136,0.000000,1.347697,-2.515108
4,136,0.000000,1.347697,-2.515108
5,136,0.000000,1.322959,-2.630893
6,136,0.000000,1.322959,-2.630893
7,136,0.000000,1.284754,-2.630893
8,136,0.000000,1.140453,-2.630893
9,136,0.000000,1.230792,-2.630893
10,136,0.000000,1.439787,-2.595279
1,137,0.000000,-0.006093,4.226378
2,137,0.000000,-0.001974,4.272083
3,137,0.000000,0.042543,3.705434
4,137,0.000000,0.073617,3.582132
5,137,0.000000,0.073617,3.582132
6,137,0.000000,0.096822,3.540459
7,137,0.000000,0.064258,3.540459
8,137,0.000000,0.098796,3.577258
9,137,0.000000,-0.012241,3.969217
10,137,0.000000,-0.012241,3.947701
1,138,0.000000,1.284900,-5.658150
2,138,0.000000,1.284900,-5.658150
3,138,0.000000,1.255899,-5.661143
4,138,0.000000,1.255899,-5.661143
5,138,0.000000,1.289348,-5.661143
6,138,0.000000,1.296321,-5.661143
7,138,0.000000,1.342747,-5.661143
8,138,0.000000,1.275119,-5.698485
9,138,0.000000,1.259709,-5.698485
10,138,0.000000,1.233617,-5.698485
1,139,0.000000,-0.407462,-15.882658
2,139,0.000000,-0.443306,-16.104760
3,139,0.000000,-0.443306,-15.880332
4,139,0.000000,-0.423113,-15.880332
5,139,0.000000,-0.423113,-15.880332
6,139,0.000000,-0.423113,-15.880332
7,139,0.000000,-0.423113,-15.880332
8,139,0.000000,-0.454695,-15.939875
9,139,0.000000,-0.443308,-15.718963
10,139,0.000000,-0.374173,-15.718963
1,140,0.000000,-0.866764,10.005202
2,140,0.000000,-0.878581,9.787776
3,140,0.000000,-0.878581,10.131086
4,140,0.000000,-0.850815,10.195084
5,140,0.000000,-0.819565,9.672878
6,140,0.000000,-0.869125,9.701600
7,140,0.000000,-0.891731,11.248457
8,140,0.000000,-0.892632,10.425256
9,140,0.000000,-0.965753,11.082571
10,140,0.000000,-0.983807,11.231287
1,141,0.000000,-0.328236,-0.774155
2,141,0.000000,-0.328236,-0.624354
3,141,0.000000,-0.328236,-0.405707
4,141,0.000000,-0.328236,-0.387826
5,141,0.000000,-0.328236,-0.739324
6,141,0.000000,-0.343625,-0.453819
7,141,0.000000,-0.316141,-0.427375
8,141,0.000000,-0.316141,-0.427375
9,141,0.000000,-0.298914,-0.421736
10,141,0.000000,-0.294365,-0.103674
1,142,0.000000,0.115488,-13.085643
2,142,0.000000,0.062298,-13.234451
3,142,0.000000,0.090366,-13.227888
4,142,0.000000,0.080740,-13.287998
5,142,0.000000,0.066186,-13.287998
6,142,0.000000,0.135244,-12.980109
7,142,0.000000,0.112339,-13.078636
8,142,0.000000,0.131932,-13.078636
9,142,0.000000,0.113887,-13.352350
10,142,0.000000,0.082779,-13.387063
1,143,0.000000,0.262946,3.473723
2,143,0.000000,0.262946,3.473723
3,143,0.000000,0.259890,3.740499
4,143,0.000000,0.130804,3.640694
5,143,0.000000,0.224042,3.698459
6,143,0.000000,0.233941,3.354951
7,143,0.000000,0.278411,3.354951
8,143,0.000000,0.236309,3.354951
9,143,0.000000,0.191998,3.468833
10,143,0.000000,0.167030,3.855466
1,144,0.000000,-0.372184,-5.410147
2,144,0.000000,-0.365691,-5.417854
3,144,0.000000,-0.365691,-5.088472
4,144,0.000000,-0.365691,-5.088472
5,144,0.000000,-0.365691,-5.473117
6,144,0.000000,-0.394988,-5.680468
7,144,0.000000,-0.394988,-5.680468
8,144,0.000000,-0.394988,-5.680468
9,144,0.000000,-0.404185,-5.616116
10,144,0.000000,-0.381419,-5.489619
1,145,0.000000,0.456514,8.502745
2,145,0.000000,0.373322,8.188924
3,145,0.000000,0.326981,8.655021
4,145,0.000000,0.245743,9.826902
5,145,0.000000,0.478421,8.246199
6,145,0.000000,0.465967,9.612085
7,145,0.000000,0.278045,9.279189
8,145,0.000000,0.281393,8.645402
9,145,0.000000,0.234491,8.430243
10,145,0.000000,0.216824,9.671730
1,146,0.000000,0.100167,-4.084158
2,146,0.000000,0.100167,-4.084158
3,146,0.000000,0.124323,-4.154262
4,146,0.000000,0.122202,-4.432992
5,146,0.000000,0.161456,-3.692115
6,146,0.000000,0.141700,-3.692115
7,146,0.000000,0.141700,-3.796763
8,146,0.000000,0.101757,-4.144857
9,146,0.000000,0.101757,-3.937767
10,146,0.000000,0.086843,-4.331610
1,147,0.000000,0.502820,-13.217556
2,147,0.000000,0.517289,-13.254428
3,147,0.000000,0.517289,-13.254428
4,147,0.000000,0.517289,-13.254428
5,147,0.000000,0.517289,-13.193257
6,147,0.000000,0.517289,-13.193257
7,147,0.000000,0.517289,-13.193257
8,147,0.000000,0.520677,-13.226259
9,147,0.000000,0.520677,-13.142473
10,147,0.000000,0.497920,-13.270066
1,148,0.000000,-0.102577,-2.873496
2,148,0.000000,-0.068762,-2.886555
3,148,0.000000,-0.098353,-2.659734
4,148,0.000000,-0.107869,-2.719898
5,148,0.000000,-0.122301,-3.142431
6,148,0.000000,-0.143331,-3.198950
7,148,0.000000,-0.136035,-3.073345
8,148,0.000000,-0.136035,-3.073345
9,148,0.000000,-0.100051,-3.106151
10,148,0.000000,-0.100051,-2.723441
1,149,0.000000,0.043894,1.307857
2,149,0.000000,0.043894,1.307857
3,149,0.000000,0.027011,1.245777
4,149,0.000000,0.026560,1.176679
5,149,0.000000,-0.029804,1.252605
6,149,0.000000,-0.029804,1.252605
7,149,0.000000,-0.003039,1.252605
8,149,0.000000,-0.003039,1.252605
9,149,0.000000,0.058677,1.312299
10,149,0.000000,0.058677,1.265409
1,150,0.000000,-0.002471,1.485500
2,150,0.000000,0.032315,1.378767
3,150,0.000000,-0.011408,1.271863
4,150,0.000000,0.054396,1.185982
5,150,0.000000,-0.029655,1.589779
6,150,0.000000,-0.014616,1.757954
7,150,0.000000,-0.014616,1.754695
8,150,0.000000,-0.031944,1.842341
9,150,0.000000,-0.047292,1.495232
10,150,0.000000,-0.047292,1.495232
1,151,0.000000,-0.966125,12.225731
2,151,0.000000,-0.979418,12.212188
3,151,0.000000,-1.039268,12.485471
4,151,0.000000,-1.050246,12.569103
5,151,0.000000,-0.944529,11.985749
6,151,0.000000,-0.987993,12.734586
7,151,0.000000,-0.987993,12.147554
8,151,0.000000,-0.977758,12.078400
9,151,0.000000,-0.979443,12.018195
10,151,0.000000,-1.041831,12.222874
1,152,0.000000,-0.310462,-0.016853
2,152,0.000000,-0.296119,-0.042866
3,152,0.000000,-0.252774,0.136660
4,152,0.000000,-0.257915,0.136660
5,152,0.000000,-0.258805,0.136660
6,152,0.000000,-0.284188,0.047817
7,152,0.000000,-0.300393,-0.225729
8,152,0.000000,-0.300393,-0.225729
9,152,0.000000,-0.323537,-0.259599
10,152,0.000000,-0.317824,-0.429676
1,153,0.000000,-0.019656,3.660846
2,153,0.000000,-0.113468,3.544936
3,153,0.000000,0.057625,4.080421
4,153,0.000000,-0.003163,3.709352
5,153,0.000000,0.005061,3.952368
6,153,0.000000,-0.046560,3.952368
7,153,0.000000,-0.069591,3.936005
8,153,0.000000,-0.097606,3.608691
9,153,0.000000,0.051572,3.668466
10,153,0.000000,0.036942,3.789241
1,154,0.000000,1.145714,8.172997
2,154,0.000000,1.145714,8.241350
3,154,0.000000,1.097044,8.456962
4,154,0.000000,1.097298,8.505328
5,154,0.000000,1.107084,8.478718
6,154,0.000000,1.129205,8.135948
7,154,0.000000,1.093498,8.270222
8,154,0.000000,1.224470,7.950371
9,154,0.000000,1.224470,8.120044
10,154,0.000000,1.140414,8.449959
1,155,0.000000,-0.580914,4.428438
2,155,0.000000,-0.504918,3.804643
3,155,0.000000,-0.500762,3.804643
4,155,0.000000,-0.528884,3.760008
5,155,0.000000,-0.528884,3.760008
6,155,0.000000,-0.506718,3.867407
7,155,0.000000,-0.524214,4.338536
8,155,0.000000,-0.438877,3.850110
9,155,0.000000,-0.479658,3.783209
10,155,0.000000,-0.413758,4.090808
1,156,0.000000,0.014054,12.382591
2,156,0.000000,0.039065,12.467101
3,156,0.000000,0.039065,12.467101
4,156,0.000000,0.063141,12.382635
5,156,0.000000,0.063141,12.382635
6,156,0.000000,0.063141,12.474147
7,156,0.000000,0.063141,12.474147
8,156,0.000000,-0.006498,12.474147
9,156,0.000000,-0.026850,12.495571
10,156,0.000000,0.045001,12.442350
1,157,0.000000,0.660960,-6.171322
2,157,0.000000,0.657276,-6.358064
3,157,0.000000,0.654636,-6.358064
4,157,0.000000,0.658927,-6.233871
5,157,0.000000,0.658927,-6.233871
6,157,0.000000,0.658927,-6.233871
7,157,0.000000,0.658927,-6.233871
8,157,0.000000,0.654893,-6.233701
9,157,0.000000,0.654893,-6.247289
10,157,0.000000,0.654893,-6.226962
1,158,0.000000,-0.095315,-9.968857
2,158,0.000000,-0.095315,-9.977099
3,158,0.000000,-0.084816,-9.873134
4,158,0.000000,-0.097423,-10.237856
5,158,0.000000,-0.094829,-10.237856
6,158,0.000000,-0.105163,-10.303761
7,158,0.000000,-0.105163,-10.198580
8,158,0.000000,-0.148619,-10.333730
9,158,0.000000,-0.155865,-10.883119
10,158,0.000000,-0.155865,-10.643976
1,159,0.000000,-0.131550,6.962669
2,159,0.000000,-0.131550,7.083310
3,159,0.000000,-0.094087,7.142577
4,159,0.000000,-0.094087,7.142577
5,159,0.000000,-0.094087,7.142577
6,159,0.000000,-0.054141,7.465118
7,159,0.000000,-0.080811,7.410382
8,159,0.000000,-0.081176,7.208469
9,159,0.000000,-0.115340,7.019495
10,159,0.000000,-0.115340,6.974942
1,160,0.000000,-0.168540,2.942915
2,160,0.000000,-0.168540,2.720877
3,160,0.000000,-0.168540,2.646343
4,160,0.000000,-0.168540,2.714032
5,160,0.000000,-0.204230,2.855466
6,160,0.000000,-0.140137,2.885557
7,160,0.000000,-0.140137,2.885557
8,160,0.000000,-0.248260,2.626285
9,160,0.000000,-0.171117,3.049108
10,160,0.000000,-0.088883,2.961366
1,161,0.000000,0.357295,4.110962
2,161,0.000000,0.465518,3.896759
3,161,0.000000,0.427534,3.896759
4,161,0.000000,0.372195,4.405538
5,161,0.000000,0.272843,4.514479
6,161,0.000000,0.272843,4.659906
7,161,0.000000,0.437568,4.141323
8,161,0.000000,0.367844,4.201634
9,161,0.000000,0.385637,4.201634
10,161,0.000000,0.395397,4.153462
1,162,0.000000,-0.290364,17.376031
2,162,0.000000,-0.298113,16.893961
3,162,0.000000,-0.380160,16.989157
4,162,0.000000,-0.306849,16.844544
5,162,0.000000,-0.162150,16.663053
6,162,0.000000,-0.158258,16.722836
7,162,0.000000,-0.234092,16.536049
8,162,0.000000,-0.245667,16.314823
9,162,0.000000,-0.369784,17.346979
10,162,0.000000,-0.333984,17.222541
1,163,0.000000,-0.511313,7.135189
2,163,0.000000,-0.533007,7.135189
3,163,0.000000,-0.564262,6.954635
4,163,0.000000,-0.541724,7.070004
5,163,0.000000,-0.589738,6.980587
6,163,0.000000,-0.560436,6.874053
7,163,0.000000,-0.527280,7.033937
8,163,0.000000,-0.518735,6.579802
9,163,0.000000,-0.562358,6.968025
10,163,0.000000,-0.563483,6.994310
1,164,0.000000,-1.038033,8.647027
2,164,0.000000,-1.001825,9.284472
3,164,0.000000,-1.013076,9.108803
4,164,0.000000,-0.969366,8.869800
5,164,0.000000,-1.083010,9.263202
6,164,0.000000,-1.083010,8.990974
7,164,0.000000,-1.029238,9.604253
8,164,0.000000,-1.046960,9.175978
9,164,0.000000,-1.073069,8.731123
10,164,0.000000,-1.033795,9.316322
1,165,0.000000,0.321320,-3.089111
2,165,0.000000,0.321320,-3.187361
3,165,0.000000,0.364779,-3.081222
4,165,0.000000,0.364779,-3.081222
5,165,0.000000,0.341866,-3.184960
6,165,0.000000,0.341866,-3.122610
7,165,0.000000,0.342086,-3.122610
8,165,0.000000,0.377312,-3.190031
9,165,0.000000,0.338041,-3.152265
10,165,0.000000,0.338041,-3.152265
1,166,0.000000,-0.386675,4.574770
2,166,0.000000,-0.293081,4.506920
3,166,0.000000,-0.293081,4.287844
4,166,0.000000,-0.315035,4.468856
5,166,0.000000,-0.315035,4.468856
6,166,0.000000,-0.374000,4.427446
7,166,0.000000,-0.374000,4.427446
8,166,0.000000,-0.360640,4.368273
9,166,0.000000,-0.341288,4.234196
10,166,0.000000,-0.341288,4.456097
1,167,0.000000,-1.395709,13.738645
2,167,0.000000,-1.379852,13.475847
3,167,0.000000,-1.325387,12.673413
4,167,0.000000,-1.321601,12.922416
5,167,0.000000,-1.420596,12.899577
6,167,0.000000,-1.389044,13.356800
7,167,0.000000,-1.456877,13.222796
8,167,0.000000,-1.446223,13.901747
9,167,0.000000,-1.451956,14.808515
10,167,0.000000,-1.443862,14.547445
1,168,0.000000,0.943788,17.170570
2,168,0.000000,0.799342,17.374932
3,168,0.000000,0.558761,17.398158
4,168,0.000000,0.667693,16.829348
5,168,0.000000,0.567823,16.556946
6,168,0.000000,0.694667,15.347078
7,168,0.000000,0.645792,15.270159
8,168,0.000000,0.645792,14.680216
9,168,0.000000,0.787479,14.671897
10,168,0.000000,0.708721,16.886016
1,169,0.000000,0.651085,-7.294134
2,169,0.000000,0.651085,-7.294134
3,169,0.000000,0.657518,-7.243266
4,169,0.000000,0.625417,-7.438135
5,169,0.000000,0.625417,-7.438135
6,169,0.000000,0.699819,-7.438135
7,169,0.000000,0.623639,-7.169115
8,169,0.000000,0.669367,-7.169115
9,169,0.000000,0.644442,-7.618354
10,169,0.000000,0.668996,-7.614712
1,170,0.000000,0.070239,0.183757
2,170,0.000000,0.070239,0.183757
3,170,0.000000,0.081619,0.183757
4,170,0.000000,0.081619,0.183757
5,170,0.000000,0.067233,0.005314
6,170,0.000000,0.039201,0.133118
7,170,0.000000,0.048400,0.133118
8,170,0.000000,0.066018,0.122198
9,170,0.000000,0.072064,0.122198
10,170,0.000000,0.075531,0.234808
1,171,0.000000,-0.985708,0.893982
2,171,0.000000,-0.984686,0.916543
3,171,0.000000,-1.006295,0.691666
4,171,0.000000,-0.972437,0.941755
5,171,0.000000,-0.995420,0.882029
6,171,0.000000,-1.011924,0.961612
7,171,0.000000,-1.043980,0.900417
8,171,0.000000,-0.995918,1.131866
9,171,0.000000,-1.003337,0.909754
10,171,0.000000,-1.003337,0.909754
1,172,0.000000,-0.192412,-0.658632
2,172,0.000000,-0.194010,-0.885044
3,172,0.000000,-0.213513,-0.686116
4,172,0.000000,-0.225386,-0.666293
5,172,0.000000,-0.150166,-0.666293
6,172,0.000000,-0.106556,-0.895528
7,172,0.000000,-0.121001,-0.895528
8,172,0.000000,-0.133773,-0.895528
9,172,0.000000,-0.132569,-0.539935
10,172,0.000000,-0.114918,-0.706203
1,173,0.000000,0.540626,-5.771456
2,173,0.000000,0.570063,-5.602253
3,173,0.000000,0.570388,-5.602253
4,173,0.000000,0.570388,-5.678879
5,173,0.000000,0.570388,-5.746897
6,173,0.000000,0.570388,-5.746897
7,173,0.000000,0.573348,-5.746897
8,173,0.000000,0.573348,-5.746897
9,173,0.000000,0.573348,-5.746897
10,173,0.000000,0.557711,-5.745819
1,174,0.000000,-1.017529,1.500139
2,174,0.000000,-1.030984,1.824777
3,174,0.000000,-0.962164,1.356399
4,174,0.000000,-0.981043,1.525893
5,174,0.000000,-1.025687,1.743178
6,174,0.000000,-1.025687,1.726983
7,174,0.000000,-0.946005,1.325749
8,174,0.000000,-0.975253,1.519479
9,174,0.000000,-0.984337,1.826638
10,174,0.000000,-1.014758,1.683426
1,175,0.000000,-0.509304,-1.659954
2,175,0.000000,-0.511879,-1.375034
3,175,0.000000,-0.511879,-1.375034
4,175,0.000000,-0.511879,-1.363195
5,175,0.000000,-0.511879,-1.363195
6,175,0.000000,-0.513689,-1.316764
7,175,0.000000,-0.488919,-1.603515
8,175,0.000000,-0.488919,-1.559408
9,175,0.000000,-0.457924,-1.505536
10,175,0.000000,-0.485422,-1.346068
1,176,0.000000,0.025796,-6.236816
2,176,0.000000,0.025796,-6.236816
3,176,0.000000,0.091008,-6.400888
4,176,0.000000,0.071814,-6.530825
5,176,0.000000,0.063717,-6.530825
6,176,0.000000,0.063717,-6.530825
7,176,0.000000,0.035878,-6.671018
8,176,0.000000,0.070140,-6.544619
9,176,0.000000,0.070140,-6.361410
10,176,0.000000,0.031036,-6.361410
1,177,0.000000,0.559865,8.388944
2,177,0.000000,0.646511,7.168980
3,177,0.000000,0.702944,4.832707
4,177,0.000000,0.719490,5.332269
5,177,0.000000,0.836003,5.388112
6,177,0.000000,0.752817,6.652458
7,177,0.000000,0.663418,5.867002
8,177,0.000000,0.656944,5.718708
9,177,0.000000,0.588575,6.272914
10,177,0.000000,0.675434,7.253337
1,178,0.000000,0.109973,10.010610
2,178,0.000000,0.109973,10.082314
3,178,0.000000,0.109973,10.082314
4,178,0.000000,0.085262,9.969540
5,178,0.000000,0.085262,9.969540
6,178,0.000000,0.121846,10.192025
7,178,0.000000,0.121846,10.192025
8,178,0.000000,0.121846,10.192025
9,178,0.000000,0.048794,9.899847
10,178,0.000000,0.093842,9.747851
1,179,0.000000,0.242340,-4.379412
2,179,0.000000,0.242340,-4.724790
3,179,0.000000,0.236542,-4.611342
4,179,0.000000,0.232070,-4.472017
5,179,0.000000,0.232070,-4.393270
6,179,0.000000,0.243343,-4.224433
7,179,0.000000,0.243343,-4.224433
8,179,0.000000,0.233632,-4.483870
9,179,0.000000,0.220967,-4.656228
10,179,0.000000,0.220967,-4.589700
1,180,0.000000,-0.045544,-9.226782
2,180,0.000000,-0.051828,-9.019980
3,180,0.000000,-0.051828,-9.109790
4,180,0.000000,0.039299,-9.109790
5,180,0.000000,-0.008350,-8.961475
6,180,0.000000,0.008832,-9.369339
7,180,0.000000,-0.004553,-9.111465
8,180,0.000000,-0.010821,-9.131469
9,180,0.000000,-0.067103,-9.119806
10,180,0.000000,-0.045114,-9.119806
1,181,0.000000,0.818573,0.385907
2,181,0.000000,0.818573,0.385907
3,181,0.000000,0.799419,0.147792
4,181,0.000000,0.799419,0.147792
5,181,0.000000,0.784858,0.242128
6,181,0.000000,0.785737,0.114101
7,181,0.000000,0.785737,0.091147
8,181,0.000000,0.791345,0.180645
9,181,0.000000,0.805621,0.180645
10,181,0.000000,0.805621,0.180645
1,182,0.000000,-1.025165,-3.344349
2,182,0.000000,-1.025165,-3.344349
3,182,0.000000,-1.118170,-3.342421
4,182,0.000000,-1.118170,-3.342421
5,182,0.000000,-1.016699,-3.672883
6,182,0.000000,-1.117002,-3.163476
7,182,0.000000,-1.096611,-3.425276
8,182,0.000000,-1.029465,-3.551566
9,182,0.000000,-1.029465,-3.880851
10,182,0.000000,-1.048752,-3.608033
1,183,0.000000,-0.360170,0.500088
2,183,0.000000,-0.331526,0.203514
3,183,0.000000,-0.314297,0.280271
4,183,0.000000,-0.462166,0.363806
5,183,0.000000,-0.337778,0.248353
6,183,0.000000,-0.259681,0.248353
7,183,0.000000,-0.278324,0.135477
8,183,0.000000,-0.374148,0.300365
9,183,0.000000,-0.347451,0.482023
10,183,0.000000,-0.309184,0.476009
1,184,0.000000,-0.018766,-1.603119
2,184,0.000000,-0.018766,-1.603119
3,184,0.000000,0.007489,-1.603119
4,184,0.000000,0.007489,-1.679137
5,184,0.000000,0.007489,-1.457289
6,184,0.000000,0.007489,-1.620193
7,184,0.000000,-0.019134,-1.610434
8,184,0.000000,-0.016346,-1.610434
9,184,0.000000,-0.016346,-1.610434
10,184,0.000000,-0.016346,-1.610434
1,185,0.000000,0.599371,2.291668
2,185,0.000000,0.599371,2.253565
3,185,0.000000,0.599371,2.253565
4,185,0.000000,0.599371,2.256686
5,185,0.000000,0.599371,2.256686
6,185,0.000000,0.599371,2.255732
7,185,0.000000,0.576369,2.251034
8,185,0.000000,0.576369,2.251034
9,185,0.000000,0.576369,2.265027
10,185,0.000000,0.576369,2.265027
1,186,0.000000,0.129236,-1.239757
2,186,0.000000,0.082084,-1.130395
3,186,0.000000,0.058427,-1.350694
4,186,0.000000,0.055721,-1.360981
5,186,0.000000,0.104054,-1.205112
6,186,0.000000,0.061318,-0.965800
7,186,0.000000,0.111068,-0.965800
8,186,0.000000,0.122745,-1.221027
9,186,0.000000,0.120429,-1.221027
10,186,0.000000,0.120429,-1.221027
1,187,0.000000,1.122056,-9.003872
2,187,0.000000,1.122056,-9.003872
3,187,0.000000,1.122056,-9.003872
4,187,0.000000,1.122056,-9.003872
5,187,0.000000,1.133449,-9.003872
6,187,0.000000,1.133449,-9.003872
7,187,0.000000,1.125111,-9.003872
8,187,0.000000,1.125111,-9.003872
9,187,0.000000,1.125111,-9.111403
10,187,0.000000,1.117757,-9.111403
1,188,0.000000,0.106449,3.829072
2,188,0.000000,0.105927,3.755709
3,188,0.000000,0.111840,3.677665
4,188,0.000000,0.111840,3.677665
5,188,0.000000,0.116854,3.899719
6,188,0.000000,0.107787,3.809100
7,188,0.000000,0.080713,3.935736
8,188,0.000000,0.085332,3.578008
9,188,0.000000,0.131674,3.660430
10,188,0.000000,0.129432,3.660430
1,189,0.000000,-0.734541,0.698019
2,189,0.000000,-0.711519,0.468542
3,189,0.000000,-0.745557,0.453781
4,189,0.000000,-0.659466,0.960238
5,189,0.000000,-0.659466,0.910106
6,189,0.000000,-0.717942,0.896140
7,189,0.000000,-0.717942,1.113579
8,189,0.000000,-0.744644,1.312128
9,189,0.000000,-0.759123,1.042386
10,189,0.000000,-0.735723,1.006206
1,190,0.000000,0.875201,-0.030282
2,190,0.000000,0.880042,0.050035
3,190,0.000000,0.871609,-0.122273
4,190,0.000000,0.871609,-0.122273
5,190,0.000000,0.859910,-0.122273
6,190,0.000000,0.849209,-0.122273
7,190,0.000000,0.856448,-0.174035
8,190,0.000000,0.856448,-0.077963
9,190,0.000000,0.856448,-0.077963
10,190,0.000000,0.856448,-0.077963
1,191,0.000000,-0.206056,-0.002512
2,191,0.000000,-0.206056,-0.002512
3,191,0.000000,-0.206056,-0.142160
4,191,0.000000,-0.151855,-0.142160
5,191,0.000000,-0.195818,-0.142160
6,191,0.000000,-0.196061,-0.365656
7,191,0.000000,-0.196061,-0.093367
8,191,0.000000,-0.175127,-0.227589
9,191,0.000000,-0.175804,-0.013713
10,191,0.000000,-0.175804,-0.013713
1,192,0.000000,0.361703,-12.409886
2,192,0.000000,0.361703,-12.338132
3,192,0.000000,0.335715,-12.585388
4,192,0.000000,0.335715,-12.585388
5,192,0.000000,0.288652,-12.585388
6,192,0.000000,0.285877,-12.682175
7,192,0.000000,0.278903,-12.691964
8,192,0.000000,0.278903,-12.691964
9,192,0.000000,0.278903,-12.691964
10,192,0.000000,0.278903,-12.691964
1,193,0.000000,-0.775386,17.008394
2,193,0.000000,-0.758015,17.157601
3,193,0.000000,-0.770063,17.281454
4,193,0.000000,-0.829775,18.086295
5,193,0.000000,-0.821990,17.408327
6,193,0.000000,-0.804204,17.997676
7,193,0.000000,-0.780581,18.064418
8,193,0.000000,-0.778280,17.873714
9,193,0.000000,-0.805695,18.050151
10,193,0.000000,-0.764922,17.586265
1,194,0.000000,0.281666,-3.529040
2,194,0.000000,0.281666,-3.529040
3,194,0.000000,0.281666,-3.531104
4,194,0.000000,0.281666,-3.531104
5,194,0.000000,0.281666,-3.531104
6,194,0.000000,0.267079,-3.720802
7,194,0.000000,0.285367,-3.578350
8,194,0.000000,0.285367,-3.578350
9,194,0.000000,0.256868,-3.644132
10,194,0.000000,0.256868,-3.644132
1,195,0.000000,-0.019131,-4.621337
2,195,0.000000,-0.021625,-4.326443
3,195,0.000000,0.007259,-4.326443
4,195,0.000000,-0.021551,-4.326443
5,195,0.000000,0.017382,-4.326443
6,195,0.000000,0.044617,-3.953668
7,195,0.000000,0.044617,-3.953668
8,195,0.000000,0.044617,-4.254152
9,195,0.000000,0.044617,-4.298264
10,195,0.000000,0.044617,-4.192013
1,196,0.000000,0.255158,-6.369295
2,196,0.000000,0.255158,-6.229990
3,196,0.000000,0.239405,-6.363313
4,196,0.000000,0.248283,-6.379459
5,196,0.000000,0.239020,-6.379459
6,196,0.000000,0.259640,-6.102897
7,196,0.000000,0.246879,-6.389828
8,196,0.000000,0.246879,-6.578087
9,196,0.000000,0.246879,-6.216320
10,196,0.000000,0.246879,-6.216320
1,197,0.000000,0.364871,0.585658
2,197,0.000000,0.302300,0.946969
3,197,0.000000,0.356698,0.759207
4,197,0.000000,0.330924,0.759207
5,197,0.000000,0.330924,0.759207
6,197,0.000000,0.330617,0.759207
7,197,0.000000,0.426786,0.569176
8,197,0.000000,0.390546,0.549072
9,197,0.000000,0.390546,0.549072
10,197,0.000000,0.442648,0.557136
1,198,0.000000,1.294545,1.426752
2,198,0.000000,1.217548,0.895510
3,198,0.000000,1.148565,0.833253
4,198,0.000000,1.281827,1.327741
5,198,0.000000,1.312774,0.864780
6,198,0.000000,1.161366,0.957528
7,198,0.000000,1.210148,0.742122
8,198,0.000000,1.294094,1.049957
9,198,0.000000,1.333276,1.082431
10,198,0.000000,1.454173,0.728316
1,199,0.000000,0.251843,-6.733694
2,199,0.000000,0.251843,-6.761985
3,199,0.000000,0.271018,-6.504142
4,199,0.000000,0.300118,-6.404057
5,199,0.000000,0.328290,-6.404057
6,199,0.000000,0.305405,-6.445896
7,199,0.000000,0.312850,-6.538055
8,199,0.000000,0.312850,-6.538055
9,199,0.000000,0.312850,-6.538055
10,199,0.000000,0.312850,-6.514671
1,200,0.000000,-0.464410,-4.360099
2,200,0.000000,-0.458022,-4.425200
3,200,0.000000,-0.458022,-4.425200
4,200,0.000000,-0.461609,-4.177262
5,200,0.000000,-0.417415,-4.099047
6,200,0.000000,-0.417415,-4.099047
7,200,0.000000,-0.415637,-3.952895
8,200,0.000000,-0.415637,-3.837702
9,200,0.000000,-0.429287,-4.512398
10,200,0.000000,-0.424707,-4.254901
1,201,0.000000,-0.617414,10.507126
2,201,0.000000,-0.586323,9.732408
3,201,0.000000,-0.634770,10.263906
4,201,0.000000,-0.634770,10.364875
5,201,0.000000,-0.621389,10.299961
6,201,0.000000,-0.579428,10.222010
7,201,0.000000,-0.606695,10.029419
8,201,0.000000,-0.628678,9.906178
9,201,0.000000,-0.609281,9.906178
10,201,0.000000,-0.595539,9.722847
1,202,0.000000,-1.010731,1.843600
2,202,0.000000,-0.939591,1.571623
3,202,0.000000,-0.995963,1.729669
4,202,0.000000,-0.995963,1.729669
5,202,0.000000,-0.936235,1.945537
6,202,0.000000,-0.936235,1.755911
7,202,0.000000,-0.925148,1.766627
8,202,0.000000,-0.920064,1.965594
9,202,0.000000,-0.950355,1.342353
10,202,0.000000,-0.972122,1.385010
1,203,0.000000,-0.462779,-5.221567
2,203,0.000000,-0.462779,-5.221567
3,203,0.000000,-0.454043,-5.447827
4,203,0.000000,-0.475719,-5.197440
5,203,0.000000,-0.433121,-5.407021
6,203,0.000000,-0.433121,-5.407021
7,203,0.000000,-0.449061,-5.195281
8,203,0.000000,-0.433796,-5.195281
9,203,0.000000,-0.442411,-5.309769
10,203,0.000000,-0.457033,-5.215751
1,204,0.000000,-0.431834,-6.028066
2,204,0.000000,-0.376455,-5.754022
3,204,0.000000,-0.373181,-5.952935
4,204,0.000000,-0.373181,-5.799916
5,204,0.000000,-0.371813,-5.959299
6,204,0.000000,-0.385600,-6.102022
7,204,0.000000,-0.372408,-5.739031
8,204,0.000000,-0.354370,-5.752907
9,204,0.000000,-0.411857,-5.925680
10,204,0.000000,-0.414465,-6.016976
1,205,0.000000,1.010421,-1.306156
2,205,0.000000,1.001694,-1.306156
3,205,0.000000,1.001694,-1.306156
4,205,0.000000,0.990378,-1.310661
5,205,0.000000,1.010994,-1.404894
6,205,0.000000,0.993148,-1.353311
7,205,0.000000,0.984424,-1.424016
8,205,0.000000,0.945761,-1.424016
9,205,0.000000,0.945761,-1.424016
10,205,0.000000,0.945761,-1.424016
1,206,0.000000,0.366752,6.826432
2,206,0.000000,0.389224,6.972339
3,206,0.000000,0.389224,6.972339
4,206,0.000000,0.368349,6.972339
5,206,0.000000,0.352520,6.742619
6,206,0.000000,0.352520,7.004009
7,206,0.000000,0.352520,6.892233
8,206,0.000000,0.319944,6.903981
9,206,0.000000,0.319944,6.858359
10,206,0.000000,0.319944,6.819915
1,207,0.000000,-0.302703,4.639579
2,207,0.000000,-0.375264,4.341134
3,207,0.000000,-0.232529,4.620568
4,207,0.000000,-0.265253,4.714965
5,207,0.000000,-0.301142,4.635200
6,207,0.000000,-0.222718,4.635200
7,207,0.000000,-0.209719,4.719934
8,207,0.000000,-0.258037,4.786761
9,207,0.000000,-0.268047,4.516066
10,207,0.000000,-0.285418,4.487182
1,208,0.000000,0.395175,7.090857
2,208,0.000000,0.412203,6.545376
3,208,0.000000,0.491657,6.210010
4,208,0.000000,0.487401,6.457044
5,208,0.000000,0.483194,6.403883
6,208,0.000000,0.531174,6.145659
7,208,0.000000,0.459752,6.296106
8,208,0.000000,0.456095,6.419806
9,208,0.000000,0.490021,6.605600
10,208,0.000000,0.453885,6.555347
1,209,0.000000,0.324038,4.127314
2,209,0.000000,0.336741,4.127314
3,209,0.000000,0.318388,4.127314
4,209,0.000000,0.339138,3.931354
5,209,0.000000,0.300934,3.931354
6,209,0.000000,0.291728,3.931354
7,209,0.000000,0.296704,3.931354
8,209,0.000000,0.310808,3.932219
9,209,0.000000,0.310808,3.932219
10,209,0.000000,0.308408,3.932219
1,210,0.000000,-0.714842,-5.304956
2,210,0.000000,-0.699655,-5.065450
3,210,0.000000,-0.696295,-5.202745
4,210,0.000000,-0.743426,-5.466355
5,210,0.000000,-0.743426,-5.466355
6,210,0.000000,-0.708694,-5.056868
7,210,0.000000,-0.754523,-5.423881
8,210,0.000000,-0.728207,-5.423881
9,210,0.000000,-0.728207,-5.423881
10,210,0.000000,-0.707102,-4.844877
1,211,0.000000,-0.604249,0.260277
2,211,0.000000,-0.597782,0.190294
3,211,0.000000,-0.580343,0.328743
4,211,0.000000,-0.577972,0.328743
5,211,0.000000,-0.611421,-0.240091
6,211,0.000000,-0.608139,-0.240091
7,211,0.000000,-0.623928,0.033703
8,211,0.000000,-0.582694,0.366240
9,211,0.000000,-0.587495,0.366240
10,211,0.000000,-0.629092,-0.101457
1,212,0.000000,0.475257,-8.549733
2,212,0.000000,0.425911,-8.549733
3,212,0.000000,0.398140,-8.469391
4,212,0.000000,0.399363,-8.775332
5,212,0.000000,0.384562,-8.341268
6,212,0.000000,0.464466,-8.121843
7,212,0.000000,0.443410,-8.275079
8,212,0.000000,0.453031,-8.291007
9,212,0.000000,0.450875,-8.436951
10,212,0.000000,0.371171,-8.708362
1,213,0.000000,-0.130486,6.627897
2,213,0.000000,-0.137736,6.627897
3,213,0.000000,-0.137736,6.627897
4,213,0.000000,-0.078390,6.751550
5,213,0.000000,-0.078390,6.877281
6,213,0.000000,-0.089078,6.763170
7,213,0.000000,-0.089078,6.763170
8,213,0.000000,-0.089078,6.781994
9,213,0.000000,-0.136780,6.737744
10,213,0.000000,-0.067729,7.072906
1,214,0.000000,0.544296,6.971829
2,214,0.000000,0.592270,7.065412
3,214,0.000000,0.581632,7.094729
4,214,0.000000,0.573111,7.073196
5,214,0.000000,0.626274,7.104861
6,214,0.000000,0.626274,7.141686
7,214,0.000000,0.626274,7.141686
8,214,0.000000,0.626274,7.141686
9,214,0.000000,0.626216,7.062792
10,214,0.000000,0.626216,7.138533
1,215,0.000000,0.746202,-8.900193
2,215,0.000000,0.744133,-8.988908
3,215,0.000000,0.744133,-8.876729
4,215,0.000000,0.738319,-8.892761
5,215,0.000000,0.738319,-8.875169
6,215,0.000000,0.738319,-8.875169
7,215,0.000000,0.722883,-8.945599
8,215,0.000000,0.722883,-8.945599
9,215,0.000000,0.722883,-8.945599
10,215,0.000000,0.722883,-8.973924
1,216,0.000000,0.264418,1.191318
2,216,0.000000,0.316634,1.191318
3,216,0.000000,0.290141,1.191318
4,216,0.000000,0.221446,1.191318
5,216,0.000000,0.188628,1.264799
6,216,0.000000,0.339454,1.264799
7,216,0.000000,0.295910,1.119428
8,216,0.000000,0.335196,1.119428
9,216,0.000000,0.259921,1.145622
10,216,0.000000,0.259921,1.145622
1,217,0.000000,0.499529,-5.272077
2,217,0.000000,0.550173,-5.215735
3,217,0.000000,0.550173,-5.215735
4,217,0.000000,0.521401,-5.381467
5,217,0.000000,0.518204,-5.138145
6,217,0.000000,0.566708,-4.942785
7,217,0.000000,0.607342,-5.130699
8,217,0.000000,0.548767,-5.139443
9,217,0.000000,0.574536,-5.157849
10,217,0.000000,0.574536,-5.157849
1,218,0.000000,0.040313,0.862669
2,218,0.000000,0.040313,0.710036
3,218,0.000000,0.059146,0.725037
4,218,0.000000,0.040043,0.725037
5,218,0.000000,0.059150,0.597186
6,218,0.000000,0.059150,0.597186
7,218,0.000000,0.059150,0.728360
8,218,0.000000,0.059150,0.728360
9,218,0.000000,0.010542,0.629749
10,218,0.000000,-0.001642,0.481371
1,219,0.000000,-0.351515,7.147375
2,219,0.000000,-0.361949,7.512082
3,219,0.000000,-0.319441,7.053827
4,219,0.000000,-0.247817,6.201877
5,219,0.000000,-0.300537,6.555713
6,219,0.000000,-0.314953,6.576119
7,219,0.000000,-0.318798,6.667852
8,219,0.000000,-0.296749,6.340452
9,219,0.000000,-0.188236,5.660608
10,219,0.000000,-0.166012,5.786316
1,220,0.000000,0.270747,2.652544
2,220,0.000000,0.270747,2.652544
3,220,0.000000,0.289611,2.739243
4,220,0.000000,0.289611,2.390003
5,220,0.000000,0.289611,2.390003
6,220,0.000000,0.289611,2.674263
7,220,0.000000,0.281129,2.674263
8,220,0.000000,0.278800,2.552585
9,220,0.000000,0.278800,2.552585
10,220,0.000000,0.278800,2.588726
1,221,0.000000,-0.574796,-1.108328
2,221,0.000000,-0.574576,-1.661965
3,221,0.000000,-0.569306,-1.637702
4,221,0.000000,-0.569306,-1.425496
5,221,0.000000,-0.566698,-1.242970
6,221,0.000000,-0.566698,-1.242970
7,221,0.000000,-0.590980,-1.579231
8,221,0.000000,-0.577601,-1.569406
9,221,0.000000,-0.574299,-1.228440
10,221,0.000000,-0.574299,-1.228440
1,222,0.000000,0.793546,6.940593
2,222,0.000000,0.643809,6.737896
3,222,0.000000,0.619325,7.515463
4,222,0.000000,0.618173,7.478992
5,222,0.000000,0.652361,7.030658
6,222,0.000000,0.651790,7.341922
7,222,0.000000,0.585702,7.025078
8,222,0.000000,0.676245,6.595045
9,222,0.000000,0.932320,6.360640
10,222,0.000000,0.901222,6.521715
1,223,0.000000,-0.685325,0.383351
2,223,0.000000,-0.685325,0.198740
3,223,0.000000,-0.668273,0.253319
4,223,0.000000,-0.717753,0.161171
5,223,0.000000,-0.717753,0.161171
6,223,0.000000,-0.672589,0.570537
7,223,0.000000,-0.660257,0.459204
8,223,0.000000,-0.660257,0.530160
9,223,0.000000,-0.686193,0.440693
10,223,0.000000,-0.700287,0.486976
1,224,0.000000,-0.865636,7.547661
2,224,0.000000,-0.872245,7.778311
3,224,0.000000,-0.826652,7.311603
4,224,0.000000,-0.895871,7.780263
5,224,0.000000,-0.854880,7.453063
6,224,0.000000,-0.913801,7.354318
7,224,0.000000,-0.913801,7.744684
8,224,0.000000,-0.932196,8.975380
9,224,0.000000,-0.921290,9.094059
10,224,0.000000,-0.966747,10.158864
1,225,0.000000,-1.220654,3.277665
2,225,0.000000,-1.238918,2.668451
3,225,0.000000,-1.221273,4.251992
4,225,0.000000,-1.226756,3.794376
5,225,0.000000,-1.204374,3.603876
6,225,0.000000,-1.274805,4.306561
7,225,0.000000,-1.165238,3.431369
8,225,0.000000,-1.191798,4.266511
9,225,0.000000,-1.161587,4.063371
10,225,0.000000,-1.254867,4.118545
1,226,0.000000,0.344509,-6.685579
2,226,0.000000,0.349103,-6.840509
3,226,0.000000,0.318523,-6.737667
4,226,0.000000,0.318523,-6.737667
5,226,0.000000,0.339535,-6.751599
6,226,0.000000,0.336072,-6.777934
7,226,0.000000,0.336072,-6.651060
8,226,0.000000,0.377966,-6.633124
9,226,0.000000,0.377966,-6.633124
10,226,0.000000,0.377966,-6.465250
1,227,0.000000,-0.638719,0.868300
2,227,0.000000,-0.654140,0.698264
3,227,0.000000,-0.654140,1.790417
4,227,0.000000,-0.699187,1.216775
5,227,0.000000,-0.696698,1.017598
6,227,0.000000,-0.639629,1.335179
7,227,0.000000,-0.643717,1.210218
8,227,0.000000,-0.723939,1.255100
9,227,0.000000,-0.749688,1.681125
10,227,0.000000,-0.749688,1.681125
1,228,0.000000,-0.693609,1.158773
2,228,0.000000,-0.693609,1.186371
3,228,0.000000,-0.699613,1.186371
4,228,0.000000,-0.631342,0.944054
5,228,0.000000,-0.631342,0.872174
6,228,0.000000,-0.631464,1.266057
7,228,0.000000,-0.690692,0.726367
8,228,0.000000,-0.743621,0.842074
9,228,0.000000,-0.598956,0.955676
10,228,0.000000,-0.641156,0.992689
1,229,0.000000,-0.542290,-4.797761
2,229,0.000000,-0.542290,-4.809449
3,229,0.000000,-0.542290,-4.809449
4,229,0.000000,-0.542290,-4.809449
5,229,0.000000,-0.558884,-5.030575
6,229,0.000000,-0.557229,-5.030575
7,229,0.000000,-0.511357,-4.528388
8,229,0.000000,-0.519164,-4.951196
9,229,0.000000,-0.517384,-4.389978
10,229,0.000000,-0.522606,-4.725119
1,230,0.000000,0.198267,11.271883
2,230,0.000000,0.245330,11.058768
3,230,0.000000,0.245330,11.058768
4,230,0.000000,0.283829,10.883763
5,230,0.000000,0.258044,11.302285
6,230,0.000000,0.275799,10.901831
7,230,0.000000,0.244064,11.166299
8,230,0.000000,0.259753,11.061446
9,230,0.000000,0.257660,11.182436
10,230,0.000000,0.255883,11.175935
1,231,0.000000,0.030615,-1.282700
2,231,0.000000,0.061466,-0.923597
3,231,0.000000,-0.003822,-1.076736
4,231,0.000000,-0.002206,-1.076736
5,231,0.000000,0.011965,-1.039045
6,231,0.000000,0.103999,-1.135729
7,231,0.000000,-0.046794,-1.135729
8,231,0.000000,0.053635,-1.135729
9,231,0.000000,0.053635,-1.135729
10,231,0.000000,0.006301,-0.923481
1,232,0.000000,0.463383,-0.484301
2,232,0.000000,0.463383,-0.288669
3,232,0.000000,0.463383,-0.288669
4,232,0.000000,0.468032,-0.288669
5,232,0.000000,0.461269,-0.337172
6,232,0.000000,0.461269,-0.337172
7,232,0.000000,0.470829,-0.396879
8,232,0.000000,0.470829,-0.215359
9,232,0.000000,0.470829,-0.302175
10,232,0.000000,0.467581,-0.464061
1,233,0.000000,0.277126,-6.804008
2,233,0.000000,0.295785,-6.804008
3,233,0.000000,0.295785,-6.804008
4,233,0.000000,0.295785,-6.696001
5,233,0.000000,0.315663,-6.696001
6,233,0.000000,0.315663,-6.696001
7,233,0.000000,0.306214,-6.757449
8,233,0.000000,0.308887,-6.714619
9,233,0.000000,0.331433,-6.621385
10,233,0.000000,0.331433,-6.621385
1,234,0.000000,-0.132822,-7.745574
2,234,0.000000,-0.132822,-7.745574
3,234,0.000000,-0.104870,-7.883010
4,234,0.000000,-0.125555,-7.883010
5,234,0.000000,-0.139004,-7.883010
6,234,0.000000,-0.142816,-7.724430
7,234,0.000000,-0.142816,-7.810425
8,234,0.000000,-0.104698,-7.862510
9,234,0.000000,-0.052572,-7.345064
10,234,0.000000,-0.092278,-7.654596
1,235,0.000000,-0.507624,-7.083807
2,235,0.000000,-0.507624,-7.083807
3,235,0.000000,-0.507624,-7.083807
4,235,0.000000,-0.489973,-7.228898
5,235,0.000000,-0.497549,-6.934070
6,235,0.000000,-0.497549,-7.288175
7,235,0.000000,-0.488172,-7.286165
8,235,0.000000,-0.488172,-7.500840
9,235,0.000000,-0.493852,-6.940283
10,235,0.000000,-0.507237,-7.269735
1,236,0.000000,-0.002000,1.339358
2,236,0.000000,-0.002000,1.232210
3,236,0.000000,-0.000841,1.378430
4,236,0.000000,-0.005771,1.510988
5,236,0.000000,-0.005771,1.368779
6,236,0.000000,0.009384,1.368779
7,236,0.000000,0.045251,1.613665
8,236,0.000000,0.045251,1.613665
9,236,0.000000,0.032656,1.587899
10,236,0.000000,0.028748,1.596562
1,237,0.000000,0.349327,-10.361451
2,237,0.000000,0.333699,-10.662175
3,237,0.000000,0.361176,-10.646736
4,237,0.000000,0.361176,-10.463431
5,237,0.000000,0.384582,-10.365794
6,237,0.000000,0.350160,-10.305335
7,237,0.000000,0.357235,-10.511925
8,237,0.000000,0.321971,-10.579706
9,237,0.000000,0.321971,-10.579706
10,237,0.000000,0.321971,-10.559007
1,238,0.000000,0.124864,5.123131
2,238,0.000000,0.124864,5.123131
3,238,0.000000,0.046727,5.065751
4,238,0.000000,0.073144,5.139691
5,238,0.000000,0.020281,5.268150
6,238,0.000000,0.001769,5.206079
7,238,0.000000,0.001769,5.360495
8,238,0.000000,0.076176,5.294502
9,238,0.000000,0.080601,5.059066
10,238,0.000000,0.125551,5.150462
1,239,0.000000,-0.178286,2.759501
2,239,0.000000,-0.134685,3.131169
3,239,0.000000,-0.154510,3.092129
4,239,0.000000,-0.186775,2.805682
5,239,0.000000,-0.186775,2.754503
6,239,0.000000,-0.186775,2.754503
7,239,0.000000,-0.123153,3.360637
8,239,0.000000,-0.194323,3.158322
9,239,0.000000,-0.178466,2.669059
10,239,0.000000,-0.155316,2.907740
1,240,0.000000,-0.772493,-1.227590
2,240,0.000000,-0.727050,-1.227590
3,240,0.000000,-0.729738,-0.833318
4,240,0.000000,-0.693745,-0.879082
5,240,0.000000,-0.716204,-0.789934
6,240,0.000000,-0.671383,-0.789934
7,240,0.000000,-0.634507,-0.930046
8,240,0.000000,-0.655635,-0.617893
9,240,0.000000,-0.784791,-1.017537
10,240,0.000000,-0.804055,-1.033038
1,241,0.000000,-0.260708,-10.071286
2,241,0.000000,-0.267025,-10.600971
3,241,0.000000,-0.267025,-10.548224
4,241,0.000000,-0.271626,-10.267593
5,241,0.000000,-0.271626,-10.628123
6,241,0.000000,-0.241398,-10.199234
7,241,0.000000,-0.276195,-10.338384
8,241,0.000000,-0.276195,-10.416154
9,241,0.000000,-0.276195,-10.625603
10,241,0.000000,-0.276195,-10.566782
1,242,0.000000,-0.271777,0.718506
2,242,0.000000,-0.209021,0.718506
3,242,0.000000,-0.258617,0.718506
4,242,0.000000,-0.258617,0.663562
5,242,0.000000,-0.246152,0.859877
6,242,0.000000,-0.200941,0.859877
7,242,0.000000,-0.246679,0.730358
8,242,0.000000,-0.229144,0.971843
9,242,0.000000,-0.190073,0.971843
10,242,0.000000,-0.190073,0.971843
1,243,0.000000,-0.565304,9.498115
2,243,0.000000,-0.555087,9.529442
3,243,0.000000,-0.524744,9.529442
4,243,0.000000,-0.524744,9.529442
5,243,0.000000,-0.524441,9.251301
6,243,0.000000,-0.524441,9.160355
7,243,0.000000,-0.494753,9.450635
8,243,0.000000,-0.484169,9.305062
9,243,0.000000,-0.492143,9.305062
10,243,0.000000,-0.514120,9.165005
1,244,0.000000,-0.569243,1.271524
2,244,0.000000,-0.567789,1.227227
3,244,0.000000,-0.567789,1.357308
4,244,0.000000,-0.567789,1.370438
5,244,0.000000,-0.587537,1.001850
6,244,0.000000,-0.619689,1.377578
7,244,0.000000,-0.619689,1.122627
8,244,0.000000,-0.620668,1.227550
9,244,0.000000,-0.607268,1.126649
10,244,0.000000,-0.582516,1.124980
1,245,0.000000,-0.669210,-7.702542
2,245,0.000000,-0.688838,-9.050994
3,245,0.000000,-0.643732,-8.286052
4,245,0.000000,-0.679931,-7.866773
5,245,0.000000,-0.690769,-8.397179
6,245,0.000000,-0.659609,-7.826130
7,245,0.000000,-0.625251,-7.694014
8,245,0.000000,-0.625251,-7.694014
9,245,0.000000,-0.637515,-8.374259
10,245,0.000000,-0.670268,-8.374259
1,246,0.000000,0.418748,-1.764085
2,246,0.000000,0.439964,-1.854376
3,246,0.000000,0.409178,-2.036248
4,246,0.000000,0.409178,-2.036248
5,246,0.000000,0.409178,-2.036248
6,246,0.000000,0.409178,-2.036248
7,246,0.000000,0.321251,-2.129657
8,246,0.000000,0.299334,-2.117492
9,246,0.000000,0.328477,-2.081683
10,246,0.000000,0.328477,-2.081683
1,247,0.000000,-0.878738,1.484530
2,247,0.000000,-0.919169,1.519863
3,247,0.000000,-0.872400,1.728150
4,247,0.000000,-0.887767,1.233268
5,247,0.000000,-0.912854,1.449312
6,247,0.000000,-0.844203,1.823522
7,247,0.000000,-0.845813,1.652128
8,247,0.000000,-0.845813,1.652128
9,247,0.000000,-0.882524,1.669387
10,247,0.000000,-0.919861,1.697045
1,248,0.000000,-0.167941,-1.126050
2,248,0.000000,-0.167941,-1.126050
3,248,0.000000,-0.124281,-1.058688
4,248,0.000000,-0.124754,-1.058688
5,248,0.000000,-0.105094,-1.129080
6,248,0.000000,-0.132753,-0.882612
7,248,0.000000,-0.130159,-0.936467
8,248,0.000000,-0.113763,-1.146083
9,248,0.000000,-0.124331,-1.003397
10,248,0.000000,-0.110549,-0.860119
1,249,0.000000,0.162986,-10.162771
2,249,0.000000,0.162986,-10.322543
3,249,0.000000,0.162986,-10.322543
4,249,0.000000,0.180738,-10.012697
5,249,0.000000,0.205866,-9.978643
6,249,0.000000,0.205866,-9.978643
7,249,0.000000,0.205866,-9.978643
8,249,0.000000,0.218528,-9.978643
9,249,0.000000,0.213618,-9.978643
10,249,0.000000,0.213618,-9.978643
1,250,0.000000,0.194970,-9.514790
2,250,0.000000,0.194970,-9.514790
3,250,0.000000,0.194970,-9.514790
4,250,0.000000,0.216176,-9.514790
5,250,0.000000,0.216176,-9.514790
6,250,0.000000,0.216176,-9.514790
7,250,0.000000,0.191580,-9.523494
8,250,0.000000,0.191580,-9.523494
9,250,0.000000,0.191580,-9.523494
10,250,0.000000,0.191580,-9.523494