id,p0_SAEM,alpha_SAEM,tau_SAEM,p0_mean,alpha_mean,tau_mean,p0_sd,alpha_sd,tau_sd,p0_randomEffects,alpha_randomEffects,tau_randomEffects
1,0.02060015065542703,-3.32942355378398513,77.98245423907400209,0.01930868098137066,-3.33634144151806966,78.00653756849008857,0.00000000000000000,0.03456199122678735,0.25858453691012800,0.00000000000000000,-0.23131577287446617,0.88414259622337155
2,0.02060015065542703,-2.91206046621373327,77.67659142165334174,0.01930868098137066,-2.90134297815668774,77.68691542728102206,0.00000000000000000,0.02738536965121377,0.09465677149784116,0.00000000000000000,0.20368269048691670,0.56452045501434855
3,0.02060015065542703,-3.63475259044688759,82.43800879111816471,0.01930868098137066,-3.64867930957744191,82.61198574576482656,0.00000000000000000,0.03782405077338673,0.41240444591034375,0.00000000000000000,-0.54365364093384017,5.48959077349813729
4,0.02060015065542703,-2.88062450129932701,66.60291422198045552,0.01930868098137066,-2.87886557290469858,66.58315940919003140,0.00000000000000000,0.02820716008993762,0.10558451186819624,0.00000000000000000,0.22616009573890550,-10.53923556307664811
5,0.02060015065542703,-3.30530292501065226,82.43166004435525451,0.01930868098137066,-3.30844785116905893,82.48510033273950626,0.00000000000000000,0.02931926280636838,0.20087184788655998,0.00000000000000000,-0.20342218252545483,5.36270536047280721
6,0.02060015065542703,-2.43733824623376005,62.54549466523850043,0.01930868098137066,-2.46744421021164939,62.40480413088359057,0.00000000000000000,0.03696734015159635,0.17309549025263898,0.00000000000000000,0.63758145843195579,-14.71759084138311202
7,0.02060015065542703,-3.02064574752641102,67.49600033146175804,0.01930868098137066,-3.01610657875146915,67.52337083185574329,0.00000000000000000,0.02533403171312932,0.12109640140127913,0.00000000000000000,0.08891908989213601,-9.59902414041090246
8,0.02060015065542703,-3.00330268223689600,62.95418495007983495,0.01930868098137066,-3.01347005064550233,63.00123340264394756,0.00000000000000000,0.02514883282924123,0.20247262048004214,0.00000000000000000,0.09155561799810125,-14.12116156962273728
9,0.02060015065542703,-2.91383631172134372,67.82387375620922398,0.01930868098137066,-2.90937544263493297,67.81309886477822602,0.00000000000000000,0.02416067748374445,0.07554963831518814,0.00000000000000000,0.19565022600866983,-9.30929610748846592
10,0.02060015065542703,-3.75925707790332009,87.10927624591009533,0.01930868098137066,-3.75303657604640195,86.96507833928335174,0.00000000000000000,0.02797122504107991,0.31667409020588372,0.00000000000000000,-0.64801090740279954,9.84268336701665625
11,0.02060015065542703,-2.30798599025972528,67.15298626807165761,0.01930868098137066,-2.27355688381159471,67.00767942348343809,0.00000000000000000,0.05522769604984069,0.23975677623716732,0.00000000000000000,0.83146878483200803,-10.11471554878324497
12,0.02060015065542703,-3.08794001088287162,80.40655568256282493,0.01930868098137066,-3.10133387381130454,80.40268251544608802,0.00000000000000000,0.02629843899766312,0.17317094441936026,0.00000000000000000,0.00369179483229891,3.28028754317941607
13,0.02060015065542703,-2.67093776509750924,73.43906931107883906,0.01930868098137066,-2.66924849214740023,73.47570982826917430,0.00000000000000000,0.02030695263818378,0.07969087029747209,0.00000000000000000,0.43577717649620379,-3.64668514399748966
14,0.02060015065542703,-2.33703155486164960,70.17125566177442408,0.01930868098137066,-2.33642769978822562,70.17314479656378978,0.00000000000000000,0.02115869225634285,0.11137413834010798,0.00000000000000000,0.76859796885537901,-6.94925017570296699
15,0.02060015065542703,-2.77610938728969137,84.80716277125422664,0.01930868098137066,-2.79376609393219999,84.88970885676332045,0.00000000000000000,0.04667182025506798,0.19115982506853021,0.00000000000000000,0.31125957471140414,7.76731388449662941
16,0.02060015065542703,-3.16386933403928294,63.99078173200746988,0.01930868098137066,-3.16109908866983114,64.02710271459160651,0.00000000000000000,0.02923986464848650,0.11496640785644312,0.00000000000000000,-0.05607342002622807,-13.09529225767507832
17,0.02060015065542703,-2.83658919738982096,75.28365313195421038,0.01930868098137066,-2.82808305593514708,75.27321882082623006,0.00000000000000000,0.01856754906245478,0.11245976707170950,0.00000000000000000,0.27694261270845777,-1.84917615144050629
18,0.02060015065542703,-3.11974959061702783,62.76143085893527740,0.01930868098137066,-3.11698162549893754,62.74211598863345785,0.00000000000000000,0.01971795886388988,0.15264384624926458,0.00000000000000000,-0.01195595685533416,-14.38027898363322699
19,0.02060015065542703,-3.04933361490051125,80.82535654909062828,0.01930868098137066,-3.04807349041539721,80.82584545526120223,0.00000000000000000,0.02442457707723649,0.09337986268955062,0.00000000000000000,0.05695217822820611,3.70345048299453072
20,0.02060015065542703,-3.11915038313584336,69.38360991457351190,0.01930868098137066,-3.12233056098681905,69.40414884474776613,0.00000000000000000,0.02416215864919853,0.10311154563257924,0.00000000000000000,-0.01730489234321545,-7.71824612751897554
21,0.02060015065542703,-3.02264479703027389,70.94379582791528094,0.01930868098137066,-3.02600683980509677,70.92468229947719749,0.00000000000000000,0.02824685799826279,0.19092288252092987,0.00000000000000000,0.07901882883850583,-6.19771267278947580
22,0.02060015065542703,-4.01707309478188979,91.66804591285540482,0.01930868098137066,-4.00584581473821721,91.41996852157653564,0.00000000000000000,0.05997732608903188,1.19148225445150602,0.00000000000000000,-0.90082014609461281,14.29757354930982061
23,0.02060015065542703,-3.40073887071738090,75.63776027578754224,0.01930868098137066,-3.38671180723361598,75.57587041952787388,0.00000000000000000,0.02717543218093720,0.13505344284655260,0.00000000000000000,-0.28168613859001423,-1.54652455273879719
24,0.02060015065542703,-4.31881101141432922,97.26515529276778693,0.01930868098137066,-4.23629233993572374,95.08220060111774785,0.00000000000000000,0.05106017563143839,1.19004844609471983,0.00000000000000000,-1.13126667129212088,17.95980562885102572
25,0.02060015065542703,-3.29658290091240902,80.95067838242717073,0.01930868098137066,-3.38233725637758109,81.61105558980177932,0.00000000000000000,0.05279649593149580,0.46024525506978520,0.00000000000000000,-0.27731158773397657,4.48866061753510426
26,0.02060015065542703,-2.44886504594521259,77.48623332017248799,0.01930868098137066,-2.51152650962382884,77.74710890827196863,0.00000000000000000,0.09538932657808426,0.52445486084297721,0.00000000000000000,0.59349915901977546,0.62471393600524761
27,0.02060015065542703,-3.40937829957209626,75.40912842619086121,0.01930868098137066,-3.41011554255147642,75.40045927411927096,0.00000000000000000,0.02291684640027501,0.14046401747730844,0.00000000000000000,-0.30508987390787445,-1.72193569814741809
28,0.02060015065542703,-2.84505183794712968,75.68909203697593568,0.01930868098137066,-2.84689441774299734,75.67902593335655581,0.00000000000000000,0.02750905302423100,0.11738478919599586,0.00000000000000000,0.25813125090060646,-1.44336903891015300
29,0.02060015065542703,-2.47703796874154047,80.93640420382814682,0.01930868098137066,-2.48880429410173498,80.95547243299346007,0.00000000000000000,0.02589767926369003,0.07332032969320507,0.00000000000000000,0.61622137454186798,3.83307746072673616
30,0.02060015065542703,-3.52324647388754997,75.59236407671356517,0.01930868098137066,-3.52524999496473246,75.60270167499608363,0.00000000000000000,0.02872858972022538,0.18098777663278115,0.00000000000000000,-0.42022432632112861,-1.51969329727060298
31,0.02060015065542703,-2.60595902662094892,67.29093297793494344,0.01930868098137066,-2.61398800764819317,67.30558005472508398,0.00000000000000000,0.02398218071076975,0.10424941912070770,0.00000000000000000,0.49103766099540896,-9.81681491754163815
32,0.02060015065542703,-2.73854524303179314,75.83826432125175643,0.01930868098137066,-2.73705181593257141,75.81652088360239361,0.00000000000000000,0.03193300404760473,0.16209851388330676,0.00000000000000000,0.36797385271103356,-1.30587408866432941
33,0.02060015065542703,-3.31652526958021987,79.30958176949208394,0.01930868098137066,-3.38683759068970280,80.03502589192655137,0.00000000000000000,0.07240052310871725,0.82924494272977745,0.00000000000000000,-0.28181192204609967,2.91263091965987764
34,0.02060015065542703,-2.96113997707162246,70.96236386458893719,0.01930868098137066,-2.96543448745351546,70.97918939449573372,0.00000000000000000,0.02222475986162647,0.12638449175918509,0.00000000000000000,0.13959118119008926,-6.14320557777095377
35,0.02060015065542703,-2.97418932383806744,77.77891619768313092,0.01930868098137066,-2.97125869484353133,77.76997872443713788,0.00000000000000000,0.02766233384620123,0.16019944445302284,0.00000000000000000,0.13376697380007344,0.64758375217046604
36,0.02060015065542703,-3.14774270441815718,73.35014544575503237,0.01930868098137066,-3.14864515817273549,73.33982894441123790,0.00000000000000000,0.02211785417051607,0.20277437779388394,0.00000000000000000,-0.04361948952913076,-3.78256602785545892
37,0.02060015065542703,-3.45999304568646826,71.00225065506519684,0.01930868098137066,-3.45203492785948551,70.99684430951806746,0.00000000000000000,0.03232452726384954,0.14240974894412151,0.00000000000000000,-0.34700925921587988,-6.12555066274864490
38,0.02060015065542703,-2.49620884578963720,69.74899419442778026,0.01930868098137066,-2.49847959509060757,69.80695259876115699,0.00000000000000000,0.03802534398114966,0.26101779173263173,0.00000000000000000,0.60654607355299783,-7.31544237350554916
39,0.02060015065542703,-3.18575168367466066,77.96127458056174930,0.01930868098137066,-3.18047864436322270,77.90259392492698964,0.00000000000000000,0.02736090741471699,0.22584200758089568,0.00000000000000000,-0.07545297571961911,0.78019895266029382
40,0.02060015065542703,-2.50150440468496882,67.69219195664476274,0.01930868098137066,-2.50584247012915773,67.70882497632567265,0.00000000000000000,0.02272776604504543,0.04851216704005585,0.00000000000000000,0.59918319851444746,-9.41356999594097310
41,0.02060015065542703,-3.44516854322967925,76.85386971685036883,0.01930868098137066,-3.42644708883134141,76.74877787376634330,0.00000000000000000,0.04011212698187918,0.27565456471965522,0.00000000000000000,-0.32142142018773828,-0.37361709850032876
42,0.02060015065542703,-2.19057545756127725,71.41252656958701550,0.01930868098137066,-2.19030186986804232,71.38828472990937257,0.00000000000000000,0.01906154486535408,0.05466834890405210,0.00000000000000000,0.91472379877556220,-5.73411024235729005
43,0.02060015065542703,-2.65255817261994542,74.70713926322808618,0.01930868098137066,-2.64896438393053835,74.70914691237162231,0.00000000000000000,0.03005966578102496,0.07788255814723903,0.00000000000000000,0.45606128471306545,-2.41324805989508206
44,0.02060015065542703,-2.99457584838176105,64.61937109894830655,0.01930868098137066,-3.00204577023207975,64.56819069742232386,0.00000000000000000,0.03063282917778849,0.09776047300373647,0.00000000000000000,0.10297989841152501,-12.55420427484437873
45,0.02060015065542703,-2.61824750938109840,74.24126955125028360,0.01930868098137066,-2.61984656566072127,74.22472851999202703,0.00000000000000000,0.03213614972703570,0.09073400330917027,0.00000000000000000,0.48517910298288275,-2.89766645227472752
46,0.02060015065542703,-2.94584025911614011,71.75691034524689371,0.01930868098137066,-2.94396602159702114,71.73439017159530806,0.00000000000000000,0.01937005732292193,0.10630701660447872,0.00000000000000000,0.16105964704658432,-5.38800480067139720
47,0.02060015065542703,-2.67365980891979849,74.35947421996266371,0.01930868098137066,-2.67546207542073189,74.37104537451304509,0.00000000000000000,0.01909282187177808,0.06552309002744804,0.00000000000000000,0.42956359322287202,-2.75134959775365529
48,0.02060015065542703,-3.44875719330488995,82.27158427383606920,0.01930868098137066,-3.43948222950810001,82.15956327457350028,0.00000000000000000,0.02197237124484967,0.23072488624264709,0.00000000000000000,-0.33445656086449532,5.03716830230678703
49,0.02060015065542703,-2.66267236428472254,78.22309820387806667,0.01930868098137066,-2.69817543717015651,78.32572097702548319,0.00000000000000000,0.08003846188031505,0.30345557799934736,0.00000000000000000,0.40685023147344801,1.20332600475876794
50,0.02060015065542703,-2.53187488673463701,74.28400158828067390,0.01930868098137066,-2.52571131698357609,74.26409293850814208,0.00000000000000000,0.01916887681772333,0.10860587481874739,0.00000000000000000,0.57931435166002754,-2.85830203375853387
51,0.02060015065542703,-3.01370669225927790,73.05391212334276929,0.01930868098137066,-3.01441977104282310,73.02223812240433176,0.00000000000000000,0.02388055358346543,0.08017892754326883,0.00000000000000000,0.09060589760078203,-4.10015684986235485
52,0.02060015065542703,-2.69409683610266892,69.89192401586772974,0.01930868098137066,-2.69431640719666410,69.91891924657133472,0.00000000000000000,0.01729111440287240,0.09827436293766449,0.00000000000000000,0.41070926144693964,-7.20347572569537586
53,0.02060015065542703,-2.72597921286137579,69.97472098529624418,0.01930868098137066,-2.69883327145238949,70.08153941571350742,0.00000000000000000,0.07581594022650559,0.27203292018898961,0.00000000000000000,0.40619239719121336,-7.04085555655320583
54,0.02060015065542703,-3.16287811705086153,79.16733718044578438,0.01930868098137066,-3.16538923261122473,79.16117251033708158,0.00000000000000000,0.02182924248613309,0.18050608812578267,0.00000000000000000,-0.06036356396762056,2.03877753807040518
55,0.02060015065542703,-2.47438566476650301,66.28561391576580775,0.01930868098137066,-2.46792372555918860,66.26813867532831637,0.00000000000000000,0.02140919010975244,0.05809519321686147,0.00000000000000000,0.63710194308441503,-10.85425629693841820
56,0.02060015065542703,-2.59703627281356164,74.84080933284464265,0.01930868098137066,-2.59579135073792200,74.65546466951306570,0.00000000000000000,0.03140763484824857,0.32091740337909108,0.00000000000000000,0.50923431790568219,-2.46693030275364311
57,0.02060015065542703,-3.05317088385648372,75.65729132698618287,0.01930868098137066,-3.04441609183072703,75.64433010057892659,0.00000000000000000,0.02886067441065666,0.13182661357236841,0.00000000000000000,0.06060957681287742,-1.47806487168779532
58,0.02060015065542703,-3.63043399762675412,70.50745766019970517,0.01930868098137066,-3.63268373323415350,70.53663558663052413,0.00000000000000000,0.02260135080997805,0.25209968083346074,0.00000000000000000,-0.52765806459055031,-6.58575938563622820
59,0.02060015065542703,-2.96829005617412500,82.11143433075997677,0.01930868098137066,-2.97290079136646046,82.16281428002305631,0.00000000000000000,0.02912466160597033,0.16703505770574961,0.00000000000000000,0.13212487727714481,5.04041930775629687
60,0.02060015065542703,-2.44063308731847206,74.90336013106698942,0.01930868098137066,-2.44618258549461398,74.87896990791048779,0.00000000000000000,0.03203561282623325,0.15887835673854661,0.00000000000000000,0.65884308314899054,-2.24342506435620459
61,0.02060015065542703,-2.53984380458594661,66.84238638712622560,0.01930868098137066,-2.52251912278097379,66.81592263657921649,0.00000000000000000,0.03028426343873760,0.07531444008360159,0.00000000000000000,0.58250654586262995,-10.30647233568744525
62,0.02060015065542703,-2.30248194406922968,84.09233626359045388,0.01930868098137066,-2.29891652023962356,84.12291505243818790,0.00000000000000000,0.03207901615119667,0.06320317521428005,0.00000000000000000,0.80610914840398107,7.00052008017152172
63,0.02060015065542703,-3.72894044577375894,75.14727623131997802,0.01930868098137066,-3.73069465593111671,75.07659296437624619,0.00000000000000000,0.02533443510140681,0.21842763660195863,0.00000000000000000,-0.62566898728751186,-2.04580200789046707
64,0.02060015065542703,-3.06096034611236911,77.32117264541916768,0.01930868098137066,-3.06161942783599228,77.32088160571142055,0.00000000000000000,0.02179749513338645,0.15562700230456145,0.00000000000000000,0.04340624080761316,0.19848663344470532
65,0.02060015065542703,-3.05021612323319991,84.32058977315207926,0.01930868098137066,-3.06011176321343914,84.34011073292732874,0.00000000000000000,0.02144911119849967,0.14267925827286282,0.00000000000000000,0.04491390543016421,7.21771576066059861
66,0.02060015065542703,-2.50795537739575858,74.22169903671671420,0.01930868098137066,-2.50774332979344994,74.21445984151213793,0.00000000000000000,0.02863415510419428,0.11180672509875805,0.00000000000000000,0.59728233885015469,-2.90793513075457888
67,0.02060015065542703,-2.91009844269621976,88.94574823789470486,0.01930868098137066,-3.29463779276108903,94.96346823485615118,0.00000000000000000,0.13080805785488087,2.52724836894599303,0.00000000000000000,-0.18961212411748260,17.84107326258940418
68,0.02060015065542703,-3.55559298471619734,83.86291895846515843,0.01930868098137066,-3.53845208250579857,83.76563405000753448,0.00000000000000000,0.03395921171786662,0.22364618740306957,0.00000000000000000,-0.43342641386219527,6.64323907774083278
69,0.02060015065542703,-3.32921524941155322,83.01643893483829117,0.01930868098137066,-3.32740895209976317,82.98965308382324224,0.00000000000000000,0.04028672540359706,0.17314009755138121,0.00000000000000000,-0.22238328345615818,5.86725811155645083
70,0.02060015065542703,-3.63657247226846181,84.84542712825729893,0.01930868098137066,-3.63623461860911990,84.85403747755108839,0.00000000000000000,0.02829306176433652,0.35950661269594542,0.00000000000000000,-0.53120894996551415,7.73164250528438490
71,0.02060015065542703,-4.02310098160787533,90.72776096956783931,0.01930868098137066,-3.98011672535513350,90.06835752676958862,0.00000000000000000,0.05974115546597065,0.96798993907120234,0.00000000000000000,-0.87509105671152720,12.94596255450293221
72,0.02060015065542703,-3.84750098969486265,79.52095161222406716,0.01930868098137066,-3.85579162558495003,79.54888315430397938,0.00000000000000000,0.03578775407886824,0.37924391466983898,0.00000000000000000,-0.75076595694134762,2.42648818203723549
73,0.02060015065542703,-3.01805247878792304,74.70243480607246056,0.01930868098137066,-3.00962870813191463,74.68547298701052739,0.00000000000000000,0.02868081321441622,0.15573736212972550,0.00000000000000000,0.09539696051169007,-2.43692198525616677
74,0.02060015065542703,-2.89088044706856317,80.13682688186217717,0.01930868098137066,-2.87700223400881283,80.06953980582142094,0.00000000000000000,0.02935160669063365,0.14981658750072266,0.00000000000000000,0.22802343463479047,2.94714483355470280
75,0.02060015065542703,-3.77332483793984652,81.76467183566758479,0.01930868098137066,-3.77808603391431941,81.85929645678723432,0.00000000000000000,0.05175451809315108,0.59632367767598105,0.00000000000000000,-0.67306036527071544,4.73690148452052195
76,0.02060015065542703,-3.03107571504479356,78.88245459741926879,0.01930868098137066,-2.91262155767457243,77.74916803214910033,0.00000000000000000,0.12136143730892981,1.05715746150928713,0.00000000000000000,0.19240411096903126,0.62677305988242416
77,0.02060015065542703,-2.84020018250526141,66.76320055656553620,0.01930868098137066,-2.84331576437706168,66.78215644450376942,0.00000000000000000,0.02442736895893323,0.23024093179580640,0.00000000000000000,0.26170990426654156,-10.34023852776293317
78,0.02060015065542703,-2.51916852884257514,78.54560704518206649,0.01930868098137066,-2.52766739092209214,78.52304505023964509,0.00000000000000000,0.03151668308930561,0.11579936387311393,0.00000000000000000,0.57735827772151205,1.40065007797292851
79,0.02060015065542703,-3.52299538852377836,76.03440583430455035,0.01930868098137066,-3.53160623664964035,76.04896666892121004,0.00000000000000000,0.02362998508515538,0.14354137179526583,0.00000000000000000,-0.42658056800603616,-1.07342830334550543
80,0.02060015065542703,-2.81806312508695411,91.32624118663463264,0.01930868098137066,-2.81287307279313925,91.19245661087775545,0.00000000000000000,0.20927253222881867,3.06275973285452086,0.00000000000000000,0.29215259585046360,14.07006163861102621
81,0.02060015065542703,-3.50912358899965549,71.60990497906483654,0.01930868098137066,-3.50013230873591885,71.56834958749165310,0.00000000000000000,0.04077032634770385,0.14544958139259676,0.00000000000000000,-0.39510664009231417,-5.55404538477499976
82,0.02060015065542703,-3.39694641496656624,78.48191614742229660,0.01930868098137066,-3.37368114943283270,78.37234947443884892,0.00000000000000000,0.03714948862249062,0.20265995770156470,0.00000000000000000,-0.26865548078922913,1.24995450217214055
83,0.02060015065542703,-3.32979058435814501,77.43447027537443716,0.01930868098137066,-3.40782521127252025,78.23566031817628641,0.00000000000000000,0.07120978064858142,0.78748312532304721,0.00000000000000000,-0.30279954262891540,1.11326534590958870
84,0.02060015065542703,-3.46517371460305101,72.20686545105495213,0.01930868098137066,-3.46692206327339925,72.19810533401690122,0.00000000000000000,0.05056433751830790,0.16719023561136609,0.00000000000000000,-0.36189639462979722,-4.92428963824983601
85,0.02060015065542703,-3.99021568336548960,84.32724995386595879,0.01930868098137066,-3.99134462120684974,84.32123461116377428,0.00000000000000000,0.09802147960400558,1.23573406265417129,0.00000000000000000,-0.88631895256324433,7.19883963889712408
86,0.02060015065542703,-2.81548740945852538,78.62280263481939357,0.01930868098137066,-2.81770188563063861,78.63449660825281740,0.00000000000000000,0.02646826858123889,0.10463999229103478,0.00000000000000000,0.28732378301296690,1.51210163598605019
87,0.02060015065542703,-2.48187575485836565,66.01630798165767544,0.01930868098137066,-2.48456668540468906,66.03794261783008324,0.00000000000000000,0.02944194996618005,0.09433603038848673,0.00000000000000000,0.62045898323891469,-11.08445235443657140
88,0.02060015065542703,-3.15475880052863733,75.63193134972844689,0.01930868098137066,-3.15947498097661450,75.62141833852126638,0.00000000000000000,0.03703145329623885,0.18812936643160239,0.00000000000000000,-0.05444931233301054,-1.50097663374543000
89,0.02060015065542703,-3.15541082097328962,63.67555325433949065,0.01930868098137066,-3.15789554459731470,63.65547577499527421,0.00000000000000000,0.01715920949165393,0.12533586065173741,0.00000000000000000,-0.05286987595370957,-13.46691919727141062
90,0.02060015065542703,-2.76214613136431453,81.94991473486757627,0.01930868098137066,-2.74098231559018801,81.87853409868171184,0.00000000000000000,0.05068581227260909,0.27384564287276719,0.00000000000000000,0.36404335305341529,4.75613912641502523
91,0.02060015065542703,-3.07095442101324645,83.21321247145228028,0.01930868098137066,-3.02286692376230848,82.60146670307619843,0.00000000000000000,0.11994361478403331,1.55838846529000330,0.00000000000000000,0.08215874488129386,5.47907173080960330
92,0.02060015065542703,-3.56770270162281378,71.22015166282264431,0.01930868098137066,-3.57148942503322342,71.16376370242102212,0.00000000000000000,0.02758842672744732,0.16447815335868179,0.00000000000000000,-0.46646375638962040,-5.95863126984568847
93,0.02060015065542703,-3.22848422379996958,67.35328830141440903,0.01930868098137066,-3.24025704812403248,67.29159776800332793,0.00000000000000000,0.04046085614407242,0.20872454030251028,0.00000000000000000,-0.13523137948042754,-9.83079720426330894
94,0.02060015065542703,-3.05170037589113941,84.42920330981925758,0.01930868098137066,-3.04989364804926533,84.40562878371083855,0.00000000000000000,0.04192324962953687,0.12571327988355457,0.00000000000000000,0.05513202059433920,7.28323381144417681
95,0.02060015065542703,-3.21475734866335916,70.25909341850538681,0.01930868098137066,-3.21165973010138917,70.30637221059178898,0.00000000000000000,0.02416942560116290,0.09927936991005611,0.00000000000000000,-0.10663406145778406,-6.81602276167490917
96,0.02060015065542703,-2.90145421511555490,71.16436170355279955,0.01930868098137066,-2.89329156690838785,71.22056036677516033,0.00000000000000000,0.03365341684203831,0.18331354260182220,0.00000000000000000,0.21173410173521709,-5.90183460549151118
97,0.02060015065542703,-3.08317449765948970,77.03710525917432506,0.01930868098137066,-3.08595397201149613,77.00426652455591636,0.00000000000000000,0.02715282038990182,0.12908286607891523,0.00000000000000000,0.01907169663210718,-0.11812844771078819
98,0.02060015065542703,-2.69448348860708942,66.30028672746628615,0.01930868098137066,-2.69601605116938314,66.27184453433540057,0.00000000000000000,0.02552995506639840,0.06021657389754430,0.00000000000000000,0.40900961747422010,-10.85055043793131624
99,0.02060015065542703,-3.16764260077602833,82.66598749483402742,0.01930868098137066,-3.17465848732359301,82.73255032045729251,0.00000000000000000,0.04953824346791658,0.43112805318578157,0.00000000000000000,-0.06963281867998750,5.61015534819059791
100,0.02060015065542703,-2.74856272704190641,71.63436751907794076,0.01930868098137066,-2.73561646512067735,71.62265008378599873,0.00000000000000000,0.03041258413966845,0.09961251366284769,0.00000000000000000,0.36940920352292866,-5.49974488848061949
101,0.02060015065542703,-2.47473589948805417,69.96105895613979442,0.01930868098137066,-2.47136652872480234,69.93640157372753663,0.00000000000000000,0.03679545248998660,0.13715876564188584,0.00000000000000000,0.63365913991880196,-7.18599339853913222
102,0.02060015065542703,-3.10305900745976393,81.28001995128200008,0.01930868098137066,-3.14619651988729032,81.83918209737893790,0.00000000000000000,0.12306979769398045,2.02762153141265111,0.00000000000000000,-0.04117085124368622,4.71678712511224330
103,0.02060015065542703,-3.11831412404366848,87.50610302150504083,0.01930868098137066,-2.99882832521198361,86.13083328331653377,0.00000000000000000,0.08338698382672301,0.86143211015850496,0.00000000000000000,0.10619734343162017,9.00843831104987203
104,0.02060015065542703,-2.65647237824335036,69.48678794852706631,0.01930868098137066,-2.65396965527213391,69.47832367877835225,0.00000000000000000,0.01924644334401370,0.07821831000514429,0.00000000000000000,0.45105601337146967,-7.64407129348831127
105,0.02060015065542703,-3.13536422573308338,87.15546791064319621,0.01930868098137066,-3.00247658879639934,85.96274509462341484,0.00000000000000000,0.08277063244025620,0.71785104877770367,0.00000000000000000,0.10254907984720582,8.84035012235674245
106,0.02060015065542703,-1.91640741543134840,74.68003012596336987,0.01930868098137066,-1.89760283333761492,74.67270677372297882,0.00000000000000000,0.03716839645285962,0.07873578614384828,0.00000000000000000,1.20742283530598904,-2.44968819854370956
107,0.02060015065542703,-3.79924225103370317,68.92542690751987777,0.01930868098137066,-3.83254616531346137,68.88145917064134949,0.00000000000000000,0.06724167871620421,0.23105703794082841,0.00000000000000000,-0.72752049666985941,-8.24093580162537442
108,0.02060015065542703,-2.38981520985945739,70.74190828440224266,0.01930868098137066,-2.40910325254867796,70.79404013433510556,0.00000000000000000,0.06739998567615535,0.30167851352170577,0.00000000000000000,0.69592241609492445,-6.32835483793157128
109,0.02060015065542703,-2.70299018955617676,70.45655500066001764,0.01930868098137066,-2.70332679864895331,70.46241458467562779,0.00000000000000000,0.03235185037277404,0.12132852997735358,0.00000000000000000,0.40169886999465204,-6.65998038759113342
110,0.02060015065542703,-3.82518090329603444,74.18329384436225382,0.01930868098137066,-3.81328910515680075,74.13892598718443594,0.00000000000000000,0.06630847039986164,0.30126383892698688,0.00000000000000000,-0.70826343651319701,-2.98346898508226133
111,0.02060015065542703,-2.88103663372586327,60.70624410928185455,0.01930868098137066,-2.88942685949648137,60.72867046545749048,0.00000000000000000,0.05882445937031345,0.16789696964553072,0.00000000000000000,0.21559880914712543,-16.39372450680917126
112,0.02060015065542703,-3.62554976201421741,77.21088119949693862,0.01930868098137066,-3.60743487651325134,77.06784225992822712,0.00000000000000000,0.04663299349270033,0.31243811016390632,0.00000000000000000,-0.50240920786964760,-0.05455271233845263
113,0.02060015065542703,-2.80101111250507007,72.63649200199405698,0.01930868098137066,-2.80470928151877974,72.63814505906745467,0.00000000000000000,0.02249761218520322,0.08499702416854713,0.00000000000000000,0.30031638712482378,-4.48424991319924704
114,0.02060015065542703,-3.92593444941371406,78.36289117465298659,0.01930868098137066,-3.96062154985164883,78.69149390279493161,0.00000000000000000,0.04590341450193439,0.43190014441932745,0.00000000000000000,-0.85559588120804564,1.56909893052825944
115,0.02060015065542703,-3.24505244844311580,76.10768116333194655,0.01930868098137066,-3.24587944181493970,76.11081865757083165,0.00000000000000000,0.03069693420070871,0.14379192636576174,0.00000000000000000,-0.14085377317133876,-1.01157631469586962
116,0.02060015065542703,-2.88507410181036805,66.98634639982481076,0.01930868098137066,-2.88398690654055345,67.00030231656899105,0.00000000000000000,0.02109549918925760,0.10266399948302667,0.00000000000000000,0.22103876210305137,-10.12209265569768846
117,0.02060015065542703,-2.95907225604032265,84.70772717523438189,0.01930868098137066,-2.95345892190841797,84.67014686493737941,0.00000000000000000,0.06069652029419682,0.22761867785864245,0.00000000000000000,0.15156674673518594,7.54775189267062085
118,0.02060015065542703,-3.97303016542634113,96.91892658225350488,0.01930868098137066,-3.93686351181700633,96.01132098796747982,0.00000000000000000,0.06934662433953079,1.77599943504546243,0.00000000000000000,-0.83183784317340193,18.88892601570077900
119,0.02060015065542703,-2.02295859190688310,65.86834200234365255,0.01930868098137066,-2.01514189829200463,65.86769360873317680,0.00000000000000000,0.03917701115935163,0.06863489447688721,0.00000000000000000,1.08988377035159889,-11.25470136353349915
120,0.02060015065542703,-2.57885315893181932,86.78162233624264843,0.01930868098137066,-2.70880903031100484,88.28907179971977826,0.00000000000000000,0.21479429022782678,1.98834364757850657,0.00000000000000000,0.39621663833260112,11.16667682745302947
121,0.02060015065542703,-3.09553589710489163,72.47207121701053723,0.01930868098137066,-3.10056331784145467,72.50288241960917901,0.00000000000000000,0.03850860502650485,0.20065462663907249,0.00000000000000000,0.00446235080214870,-4.61951255265748539
122,0.02060015065542703,-3.31202887168363569,90.42188127333979253,0.01930868098137066,-3.34212812869613352,90.73687581030966953,0.00000000000000000,0.05892854915030129,0.64265200523358668,0.00000000000000000,-0.23710246005252852,13.61448083804302023
123,0.02060015065542703,-3.08312084740702907,91.30612463167240378,0.01930868098137066,-3.07410059485373699,91.24622495180446435,0.00000000000000000,0.08326688239529809,0.55244112466006157,0.00000000000000000,0.03092507378986695,14.12382997953775998
124,0.02060015065542703,-3.12186190271086250,85.28098112927082752,0.01930868098137066,-3.13412338732129481,85.37104906057699338,0.00000000000000000,0.05373936400683503,0.34659258495041084,0.00000000000000000,-0.02909771867769199,8.24865408831029434
125,0.02060015065542703,-2.96266379271924629,79.09413769165141161,0.01930868098137066,-2.96825832169055603,79.16042814345571799,0.00000000000000000,0.03404863155192663,0.20093283961680472,0.00000000000000000,0.13676734695304871,2.03803317118900740
126,0.02060015065542703,-3.82586771102806456,83.13178353612970284,0.01930868098137066,-3.83156879656070748,83.18170405414865343,0.00000000000000000,0.03661352288962312,0.43447917397626140,0.00000000000000000,-0.72654312791710263,6.05930908188197925
127,0.02060015065542703,-3.54260370582778927,87.59530375546773939,0.01930868098137066,-3.52759682738504088,87.31738311675685793,0.00000000000000000,0.05747110576763300,0.88387572692278749,0.00000000000000000,-0.42257115874143858,10.19498814449015178
128,0.02060015065542703,-4.31897025254104250,100.17326353350580348,0.01930868098137066,-4.38449117228327356,101.65251348573708867,0.00000000000000000,0.06073673375906165,1.35729305043426596,0.00000000000000000,-1.27946550363966938,24.53011851347034167
129,0.02060015065542703,-2.72299027155632478,87.12379340827909857,0.01930868098137066,-2.73134605220146742,87.14917862412681870,0.00000000000000000,0.05576258746339327,0.31577822968333391,0.00000000000000000,0.37367961644213454,10.02678365186015519
130,0.02060015065542703,-3.80122686700894263,94.10829016665822166,0.01930868098137066,-3.78413221717025072,93.81736471015400980,0.00000000000000000,0.03472301909870217,0.64661511198019161,0.00000000000000000,-0.67910654852664787,16.69496973788726280
131,0.02060015065542703,-2.71033733467039006,65.47463132223636251,0.01930868098137066,-2.71065599478031682,65.48729378100566123,0.00000000000000000,0.02598447769296700,0.09498463779124020,0.00000000000000000,0.39436967386328753,-11.63510119126107334
132,0.02060015065542703,-3.63361326460863543,77.60323674394270199,0.01930868098137066,-3.62888456309880070,77.54328709775870720,0.00000000000000000,0.03493348515676645,0.23667858764896507,0.00000000000000000,-0.52385889445519751,0.42089212549201321
133,0.02060015065542703,-2.85591343889844040,75.12159652283770583,0.01930868098137066,-2.85426726367865591,75.07739129421426583,0.00000000000000000,0.02044935111140879,0.10728482001502498,0.00000000000000000,0.25075840496494778,-2.04500367805239236
134,0.02060015065542703,-2.75159890597347401,79.65946039314388827,0.01930868098137066,-2.67562016804288927,78.93005669582350947,0.00000000000000000,0.10259416433987029,0.89728289306800191,0.00000000000000000,0.42940550060071270,1.80766172355681931
135,0.02060015065542703,-3.93521343561645942,88.10446607514468553,0.01930868098137066,-3.91641537396768724,87.83891480511495331,0.00000000000000000,0.05476028721974228,0.92929689497677115,0.00000000000000000,-0.81138970532408694,10.71651983284825072
136,0.02060015065542703,-1.82958426342045599,70.62077716432779084,0.01930868098137066,-1.80856762229217360,70.59758940778978342,0.00000000000000000,0.09498667421193079,0.14574730612255363,0.00000000000000000,1.29645804635143036,-6.52480556447690851
137,0.02060015065542703,-3.10702694298757010,80.46542313018221648,0.01930868098137066,-3.08008548641483770,80.16708639531243819,0.00000000000000000,0.05587331031079839,0.53225171509736324,0.00000000000000000,0.02494018222876752,3.04469142304574358
138,0.02060015065542703,-1.73018409610372692,67.51041421296984879,0.01930868098137066,-1.71523664973382672,67.49605092747859203,0.00000000000000000,0.10439040751149217,0.05265167719892371,0.00000000000000000,1.38978901890977724,-9.62634404478811412
139,0.02060015065542703,-3.49624818691444572,62.91431486132859163,0.01930868098137066,-3.50225486944286901,62.86923771159211327,0.00000000000000000,0.03602459225466910,0.21610235570163996,0.00000000000000000,-0.39722920079926471,-14.25315726067456445
140,0.02060015065542703,-4.02721056163707214,94.18560346722682652,0.01930868098137066,-3.76443125930502287,88.76416499736387777,0.00000000000000000,0.08210725500007147,1.55147835344946050,0.00000000000000000,-0.65940559066141846,11.64177002509724801
141,0.02060015065542703,-3.43049996221010778,77.57077832747279444,0.01930868098137066,-3.42434561507390978,77.49690500487746192,0.00000000000000000,0.02213696869884775,0.16730864772238019,0.00000000000000000,-0.31931994643030670,0.37451003261077831
142,0.02060015065542703,-2.99297381011315977,62.68003372867151057,0.01930868098137066,-2.99195854397088512,62.67313217861738650,0.00000000000000000,0.03204187834890367,0.12055189989868201,0.00000000000000000,0.11306712467271816,-14.44926279364931077
143,0.02060015065542703,-2.91701391412985345,79.36467988014112507,0.01930868098137066,-2.92213692477992248,79.37033726233083542,0.00000000000000000,0.05545826333237903,0.42227145126046023,0.00000000000000000,0.18288874386368220,2.24794229006417856
144,0.02060015065542703,-3.49287193330864643,72.92167421102480773,0.01930868098137066,-3.49896134277347493,72.90579382240797202,0.00000000000000000,0.03387735741195785,0.22461861328497443,0.00000000000000000,-0.39393567412987185,-4.21660114985873413
145,0.02060015065542703,-2.54756667405361892,82.78569724027950372,0.01930868098137066,-2.63774907859187913,85.38629466848016136,0.00000000000000000,0.37848567566673230,5.49459418734246441,0.00000000000000000,0.46727659005172556,8.26389969621350673
146,0.02060015065542703,-2.97927877915826222,71.84940850207141239,0.01930868098137066,-2.97343849264637416,71.91233502712194081,0.00000000000000000,0.03038118762416406,0.18789756530701934,0.00000000000000000,0.13158717599723105,-5.21005994514472892
147,0.02060015065542703,-2.58034617325558902,61.40506055714759981,0.01930868098137066,-2.58405456433989800,61.42815441375795871,0.00000000000000000,0.02972841230513508,0.08046708727669268,0.00000000000000000,0.52097110430370452,-15.69424055850875277
148,0.02060015065542703,-3.20590388285784744,73.96278796441603731,0.01930868098137066,-3.20249989118585221,73.98186555660952024,0.00000000000000000,0.03206235567109431,0.17441143968881032,0.00000000000000000,-0.09747422254224833,-3.14052941565713839
149,0.02060015065542703,-3.06799365080831254,77.47513166426240616,0.01930868098137066,-3.07746694534533782,77.48010245475539648,0.00000000000000000,0.03564217303056487,0.15350279442943027,0.00000000000000000,0.02755872329826573,0.35770748248873907
150,0.02060015065542703,-3.11356786068394475,77.96389649483279527,0.01930868098137066,-3.14545919206693991,78.24079769135759932,0.00000000000000000,0.07413691873741830,0.64696662803658089,0.00000000000000000,-0.04043352342333498,1.11840271909093181
151,0.02060015065542703,-4.07480742219091407,95.54059361577726861,0.01930868098137066,-4.14454329642614461,97.07350259686349148,0.00000000000000000,0.06486337467987570,1.51925939332574034,0.00000000000000000,-1.03951762778254242,19.95110762459683329
152,0.02060015065542703,-3.41358193782766772,77.70591398980798203,0.01930868098137066,-3.41089398748611305,77.66057441805151029,0.00000000000000000,0.01903318608835016,0.16834935592160330,0.00000000000000000,-0.30586831884251087,0.53817944578482169
153,0.02060015065542703,-3.12633342015835192,80.34223395852900751,0.01930868098137066,-3.12349031572232638,80.32382417644510042,0.00000000000000000,0.03936836006756522,0.20208884885608203,0.00000000000000000,-0.01846464707872274,3.20142920417845334
154,0.02060015065542703,-2.58189388049661295,85.64088682718065115,0.01930868098137066,-2.41279493244603449,84.49129104954145930,0.00000000000000000,0.22190001844537138,1.71875786131370911,0.00000000000000000,0.69223073619756814,7.36889607727474161
155,0.02060015065542703,-3.61792280751759909,83.25999829100632610,0.01930868098137066,-3.61279295834675418,83.21476774739498694,0.00000000000000000,0.03965202756031083,0.40113771529219366,0.00000000000000000,-0.50776728970315077,6.09237277512827724
156,0.02060015065542703,-3.06158017745829758,88.68137155524738091,0.01930868098137066,-3.05113375595615199,88.65178831090912581,0.00000000000000000,0.03567978125780176,0.14952700878426731,0.00000000000000000,0.05389191268745269,11.52939333864242499
157,0.02060015065542703,-2.47648896730501500,67.94846333078643852,0.01930868098137066,-2.48311394224662196,67.91155314903549822,0.00000000000000000,0.01973767560538620,0.06126468038014431,0.00000000000000000,0.62191172639698122,-9.21084182323118839
158,0.02060015065542703,-3.23196085057416527,66.55381186599274201,0.01930868098137066,-3.23190895798573941,66.55587051287820088,0.00000000000000000,0.01481027921879669,0.22198013484497867,0.00000000000000000,-0.12688328934213586,-10.56652445938848572
159,0.02060015065542703,-3.22494456575236921,83.93881741299676946,0.01930868098137066,-3.23002353341992698,83.94727853771662751,0.00000000000000000,0.02869591990763492,0.13989973930194827,0.00000000000000000,-0.12499786477632226,6.82488356544993824
160,0.02060015065542703,-3.27235396957951563,79.95578423796551704,0.01930868098137066,-3.29973997490865534,80.09384960813564192,0.00000000000000000,0.03245405552509848,0.18242735551610118,0.00000000000000000,-0.19471430626505126,2.97145463586901792
161,0.02060015065542703,-2.83319511521071110,80.00335169971445737,0.01930868098137066,-2.80478667411944294,79.77800090084298290,0.00000000000000000,0.10239259434039996,0.80220090538848898,0.00000000000000000,0.30023899452415997,2.65560592857629274
162,0.02060015065542703,-3.27417699025469844,93.74386203542921692,0.01930868098137066,-3.30525675120231721,94.02445801825429328,0.00000000000000000,0.10140810563537088,0.96172294975298456,0.00000000000000000,-0.20023108255871289,16.90206304598766351
163,0.02060015065542703,-3.64178362449162973,86.60024242163666486,0.01930868098137066,-3.64563516983217495,86.58510333083965804,0.00000000000000000,0.03287982917910086,0.29306306414565425,0.00000000000000000,-0.54060950118856954,9.46270835857301940
164,0.02060015065542703,-4.14533664956620296,93.61772754151724030,0.01930868098137066,-4.10740650223800596,92.78293513782767832,0.00000000000000000,0.03786120700202325,0.74634719763142454,0.00000000000000000,-1.00238083359439822,15.66054016556095796
165,0.02060015065542703,-2.75200745833882321,71.91482617617354833,0.01930868098137066,-2.76155570776430803,71.97315052706869665,0.00000000000000000,0.02437584248935451,0.11863382751663071,0.00000000000000000,0.34346996087929504,-5.14924444519798996
166,0.02060015065542703,-3.43637632157054229,82.70792909618940314,0.01930868098137066,-3.44630226343865598,82.74631675950121235,0.00000000000000000,0.04264004724889851,0.34925950593885424,0.00000000000000000,-0.34127659479505251,5.62392178723452396
167,0.02060015065542703,-4.50715313734208411,103.43105252562065743,0.01930868098137066,-4.50914159487312904,103.65377503035668383,0.00000000000000000,0.06887795267099893,2.25363138240010707,0.00000000000000000,-1.40411592622952019,26.53138005808995459
168,0.02060015065542703,-2.48050639769717218,95.94768235721406313,0.01930868098137066,-2.37784576947112392,92.77387370295589619,0.00000000000000000,0.23829007835301322,2.89587839207238629,0.00000000000000000,0.72717989917248116,15.65147873068921847
169,0.02060015065542703,-2.43810858512241246,66.94960487097601742,0.01930868098137066,-2.43299798833398251,66.94602458278700396,0.00000000000000000,0.03181866979721482,0.10119093302730892,0.00000000000000000,0.67202768030962357,-10.17637038947967731
170,0.02060015065542703,-3.02907858649945627,76.27722666477214375,0.01930868098137066,-3.03339437947330515,76.28376756900563294,0.00000000000000000,0.02296783168190865,0.08184470349633026,0.00000000000000000,0.07163128917029825,-0.83862740326108975
171,0.02060015065542703,-4.09414124512443411,84.73214755281500743,0.01930868098137066,-4.12426022211774068,85.08290397875535405,0.00000000000000000,0.03822104420015539,0.50872517069910295,0.00000000000000000,-1.01923455347413627,7.96050900648871274
172,0.02060015065542703,-3.29385565153999904,76.68514161720838729,0.01930868098137066,-3.30701362158840295,76.78374931662480662,0.00000000000000000,0.03568986855661403,0.30548023961020587,0.00000000000000000,-0.20198795294479793,-0.33864565564191207
173,0.02060015065542703,-2.52282351981419772,68.79381681341095600,0.01930868098137066,-2.51329123704240054,68.77790573925840079,0.00000000000000000,0.02099261094630074,0.05591070758645308,0.00000000000000000,0.59173443160120376,-8.34448923300834977
174,0.02060015065542703,-4.04301348382974535,84.58595795153210872,0.01930868098137066,-4.03990339966956569,84.52390830271016853,0.00000000000000000,0.03265844881378893,0.57311999505985500,0.00000000000000000,-0.93487773102596050,7.40151333044343307
175,0.02060015065542703,-3.61101882211589320,77.74122838739627639,0.01930868098137066,-3.60793258446841580,77.71587568395699464,0.00000000000000000,0.02352467558502045,0.18504321605142696,0.00000000000000000,-0.50290691582481284,0.59348071169034800
176,0.02060015065542703,-3.07898775229410937,69.82401452166918432,0.01930868098137066,-3.07724226877753448,69.81052097077932217,0.00000000000000000,0.02416387066262443,0.09765270763637011,0.00000000000000000,0.02778339986606875,-7.31187400148741773
177,0.02060015065542703,-2.57091446898374443,85.79489983755574656,0.01930868098137066,-2.62202943904270036,84.84439421262663927,0.00000000000000000,0.36391165201759984,7.12338675561329460,0.00000000000000000,0.48299622960090444,7.72199924035993224
178,0.02060015065542703,-3.04211571418631799,85.95645806926364685,0.01930868098137066,-3.02686847821254501,85.99033238897435183,0.00000000000000000,0.06228186813852303,0.11008280396581413,0.00000000000000000,0.07815719043105897,8.86793741670764213
179,0.02060015065542703,-2.86288603140176168,70.91518285123225951,0.01930868098137066,-2.87113897748699909,70.94330433658612378,0.00000000000000000,0.02034738755992902,0.15318260840941844,0.00000000000000000,0.23388669115660563,-6.17909063568054595
180,0.02060015065542703,-3.14404478857229197,67.43698753970856785,0.01930868098137066,-3.14900359908416405,67.48966176871866196,0.00000000000000000,0.03521146301780255,0.21909711529881162,0.00000000000000000,-0.04397793044056132,-9.63273320354800333
181,0.02060015065542703,-2.29363531711497259,74.23373351320915958,0.01930868098137066,-2.30847938949519271,74.21826597614038690,0.00000000000000000,0.02759045773653077,0.08173056433052510,0.00000000000000000,0.79654627914841125,-2.90412899612634279
182,0.02060015065542703,-4.11455548112668623,80.30510847353808401,0.01930868098137066,-4.10273216582332623,80.09909264314569555,0.00000000000000000,0.05037693521508171,0.66726311467500654,0.00000000000000000,-0.99770649717971926,2.97669767087898141
183,0.02060015065542703,-3.43339484760444824,78.42465701757978991,0.01930868098137066,-3.45945052853792578,78.65950797433764308,0.00000000000000000,0.06742675415622297,0.44153549179032275,0.00000000000000000,-0.35442485989432332,1.53711300207100998
184,0.02060015065542703,-3.10369288178932212,74.84774173919157647,0.01930868098137066,-3.10036279980982554,74.80280480331573756,0.00000000000000000,0.02239012992356264,0.11281281628180460,0.00000000000000000,0.00466286883377775,-2.31959016895095171
185,0.02060015065542703,-2.51348343514383110,76.73512136431033070,0.01930868098137066,-2.51662119797371542,76.74694212663440851,0.00000000000000000,0.02090340747569178,0.06481557313775434,0.00000000000000000,0.58840447066988821,-0.37545284563220765
186,0.02060015065542703,-3.00663424117937517,74.77065710846642332,0.01930868098137066,-3.00050894321510819,74.70773570520694307,0.00000000000000000,0.02835107869395334,0.12488656935282326,0.00000000000000000,0.10451672542849433,-2.41465926705970491
187,0.02060015065542703,-2.00356629965558364,64.34124634711119484,0.01930868098137066,-1.99427021275866800,64.34990278688891863,0.00000000000000000,0.04594491035477537,0.07839991146445249,0.00000000000000000,1.11075545588493596,-12.77249218537778752
188,0.02060015065542703,-2.97348426071912719,79.79521558464897169,0.01930868098137066,-2.97520248185286151,79.83418220326795733,0.00000000000000000,0.03158408062602895,0.15309349604642256,0.00000000000000000,0.12982318679074339,2.71178723100128805
189,0.02060015065542703,-3.77444218054519354,81.43071670978319787,0.01930868098137066,-3.78376399767963534,81.54274350301770369,0.00000000000000000,0.06080513708797104,0.71470221690324887,0.00000000000000000,-0.67873832903603237,4.42034853075099310
190,0.02060015065542703,-2.25200947203629154,73.78204385529740250,0.01930868098137066,-2.25013660677574112,73.79202592102269875,0.00000000000000000,0.02505907823946131,0.05512660577902616,0.00000000000000000,0.85488906186786384,-3.33036905124399407
191,0.02060015065542703,-3.27134660890800211,77.08013095149375715,0.01930868098137066,-3.27459039164918808,77.10308447969265444,0.00000000000000000,0.02945930494368574,0.14718161791553544,0.00000000000000000,-0.16956472300558387,-0.01931049257404429
192,0.02060015065542703,-2.76748143870354202,62.69077975587229901,0.01930868098137066,-2.75873364462802373,62.63990276743021468,0.00000000000000000,0.04266158593016826,0.09051274469658023,0.00000000000000000,0.34629202401557918,-14.48249220483646482
193,0.02060015065542703,-3.71404720656138920,95.85824790699685138,0.01930868098137066,-3.74447986093163099,96.40476768456740331,0.00000000000000000,0.03737953751063044,0.76701790487641874,0.00000000000000000,-0.63945419228802791,19.28237271230071315
194,0.02060015065542703,-2.84163726223152135,71.75612095466583185,0.01930868098137066,-2.83709403721462605,71.74172757295976055,0.00000000000000000,0.02810143145195128,0.06688124097633366,0.00000000000000000,0.26793163142897847,-5.38066739930692695
195,0.02060015065542703,-3.11143396153332796,72.11976948806710652,0.01930868098137066,-3.11141474990387090,72.11062548643208459,0.00000000000000000,0.01757887956326338,0.12829001531779274,0.00000000000000000,-0.00638908126026542,-5.01176948583458071
196,0.02060015065542703,-2.84396537256528781,69.12601163790377257,0.01930868098137066,-2.85197724546790354,69.10714754759895584,0.00000000000000000,0.02458664775301114,0.11167908099232217,0.00000000000000000,0.25304842317570020,-8.01524742466771123
197,0.02060015065542703,-2.70259658150791626,75.54231520593324944,0.01930868098137066,-2.68996612163231674,75.46907385752913910,0.00000000000000000,0.04383857951270759,0.20725872094360026,0.00000000000000000,0.41505954701128694,-1.65332111473755905
198,0.02060015065542703,-1.83820429188291845,74.19411109200702015,0.01930868098137066,-1.85510298159315479,74.20212768349010446,0.00000000000000000,0.05492064458216686,0.26174397981369962,0.00000000000000000,1.24992268705044918,-2.92026728877661723
199,0.02060015065542703,-2.81955147397483064,68.73146748207764745,0.01930868098137066,-2.81427004117136059,68.72667824886700316,0.00000000000000000,0.01800118618499737,0.08106526403679584,0.00000000000000000,0.29075562747224470,-8.39571672339971009
200,0.02060015065542703,-3.55619034567648340,74.46963819688235731,0.01930868098137066,-3.55426531266473011,74.49208950665106954,0.00000000000000000,0.02260922009941449,0.15342604515779032,0.00000000000000000,-0.44923964402112587,-2.63030546561562861
201,0.02060015065542703,-3.71507749149324029,90.29108866579767323,0.01930868098137066,-3.71334820647185948,90.24014248232312241,0.00000000000000000,0.03644327376923368,0.47288510962675895,0.00000000000000000,-0.60832253782825618,13.11774751005639494
202,0.02060015065542703,-4.07310889956485411,85.17082948859324176,0.01930868098137066,-4.08910897602289847,85.31628397445125245,0.00000000000000000,0.03695574969423318,0.43768741186236981,0.00000000000000000,-0.98408330737929472,8.19388900218456051
203,0.02060015065542703,-3.56232842479375167,73.65537181661592570,0.01930868098137066,-3.56767857378465081,73.69788072566042558,0.00000000000000000,0.02311632573337872,0.14583854675654676,0.00000000000000000,-0.46265290514104723,-3.42451424660626769
204,0.02060015065542703,-3.48595712301733363,72.62059672724427628,0.01930868098137066,-3.48926786240185027,72.61921936026105584,0.00000000000000000,0.03679618223596141,0.17184678858007446,0.00000000000000000,-0.38424219375824520,-4.50317561200562810
205,0.02060015065542703,-2.12537742758603754,72.31039331097152001,0.01930868098137066,-2.11321715906402474,72.27918253740699583,0.00000000000000000,0.02908817739828854,0.06489890327669591,0.00000000000000000,0.99180850957958078,-4.84321243485967390
206,0.02060015065542703,-2.76470179309915576,81.97993252897127547,0.01930868098137066,-2.74573695984551458,82.04491551645180891,0.00000000000000000,0.04059792313056769,0.12394656187788271,0.00000000000000000,0.35928870879809072,4.92252054418510987
207,0.02060015065542703,-3.39272859118593573,82.42906215156850180,0.01930868098137066,-3.37500929686673690,82.31017956643856337,0.00000000000000000,0.04028046736113715,0.23679314600038984,0.00000000000000000,-0.26998362822313310,5.18778459417189985
208,0.02060015065542703,-2.86358676030978199,83.71443705314138128,0.01930868098137066,-2.85895083482997148,83.62536483069098381,0.00000000000000000,0.14944062322552670,1.59599540659265760,0.00000000000000000,0.24607483381363277,6.50296985842430963
209,0.02060015065542703,-2.78507602847501046,79.19091790715403079,0.01930868098137066,-2.78911533354417918,79.14943478761868789,0.00000000000000000,0.03912079784446449,0.20472603701720088,0.00000000000000000,0.31591033509942390,2.02703981535195288
210,0.02060015065542703,-3.83344714657530483,75.76596140158331139,0.01930868098137066,-3.83747897842427044,75.82602660419603069,0.00000000000000000,0.03119654307579793,0.25019755551886003,0.00000000000000000,-0.73245330978066692,-1.29636836807069233
211,0.02060015065542703,-3.68848372506741473,80.12135618837388051,0.01930868098137066,-3.68428440900120302,80.08413582680367426,0.00000000000000000,0.03047569825913629,0.24706986387635493,0.00000000000000000,-0.57925874035759994,2.96174085453696900
212,0.02060015065542703,-2.68308713586214997,66.46302599717007809,0.01930868098137066,-2.66868900056390279,66.46518192114780277,0.00000000000000000,0.04031249355912191,0.12304198769903292,0.00000000000000000,0.43633666807969879,-10.65721305111889805
213,0.02060015065542703,-3.20762276056223605,83.70511955202374565,0.01930868098137066,-3.20540415452072480,83.70515568609083346,0.00000000000000000,0.02712201210517351,0.19772887927680463,0.00000000000000000,-0.10037848587712034,6.58276071382412464
214,0.02060015065542703,-2.52369213040980611,81.46905852857076979,0.01930868098137066,-2.50761953206031230,81.46830047744570891,0.00000000000000000,0.03823505125997097,0.08677301720455846,0.00000000000000000,0.59740613658329056,4.34590550517901519
215,0.02060015065542703,-2.39302884247104597,65.20105373035407581,0.01930868098137066,-2.40457048444662203,65.18844788070687457,0.00000000000000000,0.03062975198126098,0.05078395318137536,0.00000000000000000,0.70045518419698116,-11.93394709155976940
216,0.02060015065542703,-2.83789569907754746,76.50109114260501997,0.01930868098137066,-2.80993876160088929,76.39710583068253413,0.00000000000000000,0.06363800644745567,0.28251826474304065,0.00000000000000000,0.29508690704271401,-0.72528914158409985
217,0.02060015065542703,-2.41507535778667259,70.12271051137909694,0.01930868098137066,-2.34048158276758622,70.44803531599156088,0.00000000000000000,0.13963645185775617,0.60226559640746724,0.00000000000000000,0.76454408587601708,-6.67435965627519057
218,0.02060015065542703,-3.05521122666780087,76.89987869675509558,0.01930868098137066,-3.06304605724153589,76.90613131994444984,0.00000000000000000,0.02005248585883396,0.13594149469748018,0.00000000000000000,0.04197961140206895,-0.21626365232223571
219,0.02060015065542703,-3.65696874929309068,89.24047977957400235,0.01930868098137066,-3.42170832571289996,84.91511643680787813,0.00000000000000000,0.07512092590700918,1.11846407522108282,0.00000000000000000,-0.31668265706929621,7.79272146454117198
220,0.02060015065542703,-2.82065819751402191,77.90116404409957340,0.01930868098137066,-2.82445227477686345,77.93622489755151150,0.00000000000000000,0.03290498500504034,0.09656307279401709,0.00000000000000000,0.28057339386673930,0.81382992528478648
221,0.02060015065542703,-3.69681572255601143,78.50781712975016546,0.01930868098137066,-3.68976749965211637,78.46529163975836241,0.00000000000000000,0.02751440040975957,0.16813840795279703,0.00000000000000000,-0.58474183100851362,1.34289666749167513
222,0.02060015065542703,-2.48656853858066196,81.78922544233347480,0.01930868098137066,-2.58710234051120169,82.67028471039040483,0.00000000000000000,0.20653484707363448,1.60689668382504358,0.00000000000000000,0.51792332813240283,5.54788973812368269
223,0.02060015065542703,-3.78606587977712650,81.00548700066713081,0.01930868098137066,-3.77872336441452639,80.97175523418073340,0.00000000000000000,0.02192267680864167,0.24340825432625135,0.00000000000000000,-0.67369769577092153,3.84936026191401881
224,0.02060015065542703,-4.22695448090007453,98.79892915845609025,0.01930868098137066,-4.03019794258205000,92.11940838175485169,0.00000000000000000,0.08010560471303702,2.41600383210739933,0.00000000000000000,-0.92517227393844537,14.99701340948813844
225,0.02060015065542703,-4.29561335832198132,90.20710608435922495,0.01930868098137066,-4.33252126232106605,90.92572169624850176,0.00000000000000000,0.03236129364926060,0.68767554204237613,0.00000000000000000,-1.22749559367746142,13.80332672398188976
226,0.02060015065542703,-2.75824831094354028,68.48146549432581764,0.01930868098137066,-2.76510654069248396,68.46776392306915682,0.00000000000000000,0.02415158519039688,0.06448301549218212,0.00000000000000000,0.33991912795112178,-8.65463104919753334
227,0.02060015065542703,-3.81241839713621600,82.27749181581032190,0.01930868098137066,-3.79012505987743964,81.93500392081779182,0.00000000000000000,0.03308634328263368,0.39158166927896193,0.00000000000000000,-0.68509939123383523,4.81260894855114874
228,0.02060015065542703,-3.74573334149127390,81.47399035230813524,0.01930868098137066,-3.75667977546402820,81.50346471119426894,0.00000000000000000,0.04014896545480665,0.40252708435119872,0.00000000000000000,-0.65165410682042535,4.38106973892763030
229,0.02060015065542703,-3.64287612995609766,74.68930015576253822,0.01930868098137066,-3.63974782595212076,74.74294621067875255,0.00000000000000000,0.01929779361052787,0.15680366027528364,0.00000000000000000,-0.53472215730851680,-2.37944876158795582
230,0.02060015065542703,-2.95767971314025679,87.26513578775512769,0.01930868098137066,-2.95274575969492536,87.23786709821493446,0.00000000000000000,0.05286297768933988,0.38129695101863287,0.00000000000000000,0.15227990894867938,10.11547212594825673
231,0.02060015065542703,-3.06770464025399958,75.11442065591587891,0.01930868098137066,-3.08112139572690769,75.21809703133648384,0.00000000000000000,0.03119575501510245,0.18849986900366239,0.00000000000000000,0.02390427291669513,-1.90429794093023763
232,0.02060015065542703,-2.61875662264883680,74.42762632601682071,0.01930868098137066,-2.62140765297574774,74.38730258017123731,0.00000000000000000,0.02915209504857276,0.09409013483007690,0.00000000000000000,0.48361801566785545,-2.73509239209546928
233,0.02060015065542703,-2.79915987845113401,68.60379978586392724,0.01930868098137066,-2.80499325554253964,68.58024552645593985,0.00000000000000000,0.02821733440647464,0.09499311444630296,0.00000000000000000,0.30003241310106338,-8.54214944581068636
234,0.02060015065542703,-3.18798113346139012,69.26284045264186773,0.01930868098137066,-3.18868020307877975,69.28819414075927341,0.00000000000000000,0.02396929726746468,0.09583517383959891,0.00000000000000000,-0.08365453443517726,-7.83420083150747093
235,0.02060015065542703,-3.60913107306766445,72.14964023136124638,0.01930868098137066,-3.60987940784583783,72.09741448911861994,0.00000000000000000,0.01914838400270006,0.23298943247348872,0.00000000000000000,-0.50485373920223431,-5.02498048314807999
236,0.02060015065542703,-3.08953067304958351,77.76660926230779580,0.01930868098137066,-3.08259381488949336,77.76505500708243801,0.00000000000000000,0.03038323383459971,0.14045551044028054,0.00000000000000000,0.02243185375410955,0.64266003481576961
237,0.02060015065542703,-2.76137242442413022,64.66090071054537702,0.01930868098137066,-2.76205017102009709,64.66178971650074914,0.00000000000000000,0.02377848906672966,0.12668259421487477,0.00000000000000000,0.34297549762350604,-12.46060525576596234
238,0.02060015065542703,-3.00487891852284994,81.00010220054680588,0.01930868098137066,-2.99652347673379582,80.93759327725713604,0.00000000000000000,0.05260305177505761,0.38695987884181637,0.00000000000000000,0.10850219190980886,3.81519830499049428
239,0.02060015065542703,-3.25643114918891330,80.23017572564232580,0.01930868098137066,-3.25699731331925024,80.22470155280657877,0.00000000000000000,0.02273907679076819,0.13583762711870648,0.00000000000000000,-0.15197164467564689,3.10230658053986064
240,0.02060015065542703,-3.79731971847342775,79.97123518363461869,0.01930868098137066,-3.82132499539606796,80.13907669684959956,0.00000000000000000,0.04888049753503703,0.40952402149841838,0.00000000000000000,-0.71629932675246166,3.01668172458286676
241,0.02060015065542703,-3.39624458043190414,67.26388556475852454,0.01930868098137066,-3.39728975291553414,67.25342295145661353,0.00000000000000000,0.02861050312590006,0.17388703424338592,0.00000000000000000,-0.29226408427193096,-9.86897202081006419
242,0.02060015065542703,-3.31199165823432606,78.42559319371825666,0.01930868098137066,-3.30902831239838102,78.38815000951265688,0.00000000000000000,0.02248199838407570,0.09529278065049279,0.00000000000000000,-0.20400264375477831,1.26575503724597227
243,0.02060015065542703,-3.54343212702438715,87.89836396602076718,0.01930868098137066,-3.58847534609246210,88.41279926139550582,0.00000000000000000,0.04987287917185291,0.58387402149816126,0.00000000000000000,-0.48344967744885803,11.29040428912885297
244,0.02060015065542703,-3.68590797161092532,81.20051460348607009,0.01930868098137066,-3.67678648130001928,81.10646149117354753,0.00000000000000000,0.03414034350552422,0.20923422129875988,0.00000000000000000,-0.57176081265641587,3.98406651890685426
245,0.02060015065542703,-3.76665033862902732,72.36142879085805646,0.01930868098137066,-3.76656685849128436,72.34539069338993045,0.00000000000000000,0.02201835568604894,0.23339644702136558,0.00000000000000000,-0.66154118984767751,-4.77700427887676859
246,0.02060015065542703,-2.72975555275788695,73.06679239279283422,0.01930868098137066,-2.73489457605000696,73.07808817263341439,0.00000000000000000,0.02608813284182652,0.08850461952341117,0.00000000000000000,0.37013109259359939,-4.04430679963326600
247,0.02060015065542703,-3.97725608551738752,84.30533145790667504,0.01930868098137066,-3.97656950911320006,84.24925001387944690,0.00000000000000000,0.03038327896293769,0.36379896094798186,0.00000000000000000,-0.87154384046959676,7.12685504161281091
248,0.02060015065542703,-3.24557348271024804,76.04447377163781141,0.01930868098137066,-3.24826644538171294,76.06432714701105624,0.00000000000000000,0.02006791183639557,0.13297086010307979,0.00000000000000000,-0.14324077673810895,-1.05806782525561416
249,0.02060015065542703,-2.89490256801946089,65.59438812071007874,0.01930868098137066,-2.89656282282709965,65.54891410555963205,0.00000000000000000,0.02453282781253149,0.15472462311511354,0.00000000000000000,0.20846284581650307,-11.57348086670708120
250,0.02060015065542703,-2.85890900413545879,66.14405601772999432,0.01930868098137066,-2.85420889606535688,66.17007659497971872,0.00000000000000000,0.02069333816974103,0.08220837976425362,0.00000000000000000,0.25081677257824797,-10.95231837728702295