id,alpha_eta_mean,alpha_eta_mode,tau_eta_mean,tau_eta_mode,color,filter
1,0,,-0.21585,,#4682B4,0
2,0,,0.2023,,#4682B4,0
3,0,,-0.522436,,#4682B4,0
4,0,,0.241796,,#4682B4,0
5,0,,-0.195623,,#4682B4,0
6,0,,0.675175,,#4682B4,0
7,0,,0.0870958,,#4682B4,0
8,0,,0.104975,,#4682B4,0
9,0,,0.194521,,#4682B4,0
10,0,,-0.628296,,#4682B4,0
11,0,,0.806858,,#4682B4,0
12,0,,0.0211301,,#4682B4,0
13,0,,0.437859,,#4682B4,0
14,0,,0.780512,,#4682B4,0
15,0,,0.311558,,#4682B4,0
16,0,,-0.052788,,#4682B4,0
17,0,,0.276666,,#4682B4,0
18,0,,-0.0124581,,#4682B4,0
19,0,,0.0635039,,#4682B4,0
20,0,,0.00624569,,#4682B4,0
21,0,,0.0821639,,#4682B4,0
22,0,,-0.925244,,#4682B4,0
23,0,,-0.291932,,#4682B4,0
24,0,,-1.15457,,#4682B4,0
25,0,,-0.244827,,#4682B4,0
26,0,,0.591692,,#4682B4,0
27,0,,-0.301425,,#4682B4,0
28,0,,0.261826,,#4682B4,0
29,0,,0.623647,,#4682B4,0
30,0,,-0.415202,,#4682B4,0
31,0,,0.494763,,#4682B4,0
32,0,,0.377131,,#4682B4,0
33,0,,-0.246191,,#4682B4,0
34,0,,0.140021,,#4682B4,0
35,0,,0.130501,,#4682B4,0
36,0,,-0.0355246,,#4682B4,0
37,0,,-0.352446,,#4682B4,0
38,0,,0.616937,,#4682B4,0
39,0,,-0.0761424,,#4682B4,0
40,0,,0.607209,,#4682B4,0
41,0,,-0.335469,,#4682B4,0
42,0,,0.920954,,#4682B4,0
43,0,,0.458668,,#4682B4,0
44,0,,0.0980019,,#4682B4,0
45,0,,0.487978,,#4682B4,0
46,0,,0.163383,,#4682B4,0
47,0,,0.431599,,#4682B4,0
48,0,,-0.331513,,#4682B4,0
49,0,,0.376224,,#4682B4,0
50,0,,0.58032,,#4682B4,0
51,0,,0.096055,,#4682B4,0
52,0,,0.408638,,#4682B4,0
53,0,,0.354961,,#4682B4,0
54,0,,-0.0609266,,#4682B4,0
55,0,,0.643837,,#4682B4,0
56,0,,0.506222,,#4682B4,0
57,0,,0.0677546,,#4682B4,0
58,0,,-0.517602,,#4682B4,0
59,0,,0.131058,,#4682B4,0
60,0,,0.663912,,#4682B4,0
61,0,,0.564748,,#4682B4,0
62,0,,0.809316,,#4682B4,0
63,0,,-0.619556,,#4682B4,0
64,0,,0.0548419,,#4682B4,0
65,0,,0.0468034,,#4682B4,0
66,0,,0.596674,,#4682B4,0
67,0,,-0.160659,,#4682B4,0
68,0,,-0.45397,,#4682B4,0
69,0,,-0.226728,,#4682B4,0
70,0,,-0.534575,,#4682B4,0
71,0,,-0.873161,,#4682B4,0
72,0,,-0.744639,,#4682B4,0
73,0,,0.0889625,,#4682B4,0
74,0,,0.230772,,#4682B4,0
75,0,,-0.670805,,#4682B4,0
76,0,,0.0437088,,#4682B4,0
77,0,,0.263539,,#4682B4,0
78,0,,0.579253,,#4682B4,0
79,0,,-0.416072,,#4682B4,0
80,0,,0.32833,,#4682B4,0
81,0,,-0.4168,,#4682B4,0
82,0,,-0.268062,,#4682B4,0
83,0,,-0.237038,,#4682B4,0
84,0,,-0.35598,,#4682B4,0
85,0,,-1.01513,,#4682B4,0
86,0,,0.291285,,#4682B4,0
87,0,,0.613081,,#4682B4,0
88,0,,-0.0561778,,#4682B4,0
89,0,,-0.0530391,,#4682B4,0
90,0,,0.369588,,#4682B4,0
91,0,,-0.0356218,,#4682B4,0
92,0,,-0.467551,,#4682B4,0
93,0,,-0.125773,,#4682B4,0
94,0,,0.0495112,,#4682B4,0
95,0,,-0.0977518,,#4682B4,0
96,0,,0.220226,,#4682B4,0
97,0,,0.0242411,,#4682B4,0
98,0,,0.408273,,#4682B4,0
99,0,,-0.0997463,,#4682B4,0
100,0,,0.374341,,#4682B4,0
101,0,,0.623952,,#4682B4,0
102,0,,0.012135,,#4682B4,0
103,0,,0.0910644,,#4682B4,0
104,0,,0.452454,,#4682B4,0
105,0,,0.0836502,,#4682B4,0
106,0,,1.19261,,#4682B4,0
107,0,,-0.705543,,#4682B4,0
108,0,,0.697713,,#4682B4,0
109,0,,0.40884,,#4682B4,0
110,0,,-0.702706,,#4682B4,0
111,0,,0.226713,,#4682B4,0
112,0,,-0.505538,,#4682B4,0
113,0,,0.30294,,#4682B4,0
114,0,,-0.852929,,#4682B4,0
115,0,,-0.13141,,#4682B4,0
116,0,,0.221011,,#4682B4,0
117,0,,0.14769,,#4682B4,0
118,0,,-0.780673,,#4682B4,0
119,0,,1.09332,,#4682B4,0
120,0,,0.479861,,#4682B4,0
121,0,,0.00799732,,#4682B4,0
122,0,,-0.166114,,#4682B4,0
123,0,,0.0275854,,#4682B4,0
124,0,,-0.0208635,,#4682B4,0
125,0,,0.147444,,#4682B4,0
126,0,,-0.721806,,#4682B4,0
127,0,,-0.450119,,#4682B4,0
128,0,,-1.28128,,#4682B4,0
129,0,,0.367195,,#4682B4,0
130,0,,-0.69898,,#4682B4,0
131,0,,0.39647,,#4682B4,0
132,0,,-0.520577,,#4682B4,0
133,0,,0.253778,,#4682B4,0
134,0,,0.300999,,#4682B4,0
135,0,,-0.795371,,#4682B4,0
136,0,,1.30001,,#4682B4,0
137,0,,0.0308246,,#4682B4,0
138,0,,1.3386,,#4682B4,0
139,0,,-0.390573,,#4682B4,0
140,0,,-0.703371,,#4682B4,0
141,0,,-0.316371,,#4682B4,0
142,0,,0.111156,,#4682B4,0
143,0,,0.195242,,#4682B4,0
144,0,,-0.392709,,#4682B4,0
145,0,,0.501563,,#4682B4,0
146,0,,0.135162,,#4682B4,0
147,0,,0.53747,,#4682B4,0
148,0,,-0.0929903,,#4682B4,0
149,0,,0.0402543,,#4682B4,0
150,0,,-0.0277701,,#4682B4,0
151,0,,-0.99798,,#4682B4,0
152,0,,-0.300698,,#4682B4,0
153,0,,-0.0153413,,#4682B4,0
154,0,,0.325512,,#4682B4,0
155,0,,-0.504299,,#4682B4,0
156,0,,0.0406383,,#4682B4,0
157,0,,0.640696,,#4682B4,0
158,0,,-0.120138,,#4682B4,0
159,0,,-0.125826,,#4682B4,0
160,0,,-0.170688,,#4682B4,0
161,0,,0.403033,,#4682B4,0
162,0,,-0.2153,,#4682B4,0
163,0,,-0.530029,,#4682B4,0
164,0,,-1.022,,#4682B4,0
165,0,,0.345243,,#4682B4,0
166,0,,-0.353127,,#4682B4,0
167,0,,-1.50627,,#4682B4,0
168,0,,0.665753,,#4682B4,0
169,0,,0.669112,,#4682B4,0
170,0,,0.0740346,,#4682B4,0
171,0,,-0.996561,,#4682B4,0
172,0,,-0.200377,,#4682B4,0
173,0,,0.586751,,#4682B4,0
174,0,,-0.930396,,#4682B4,0
175,0,,-0.501517,,#4682B4,0
176,0,,0.0359524,,#4682B4,0
177,0,,0.490899,,#4682B4,0
178,0,,0.0658571,,#4682B4,0
179,0,,0.242405,,#4682B4,0
180,0,,-0.0320465,,#4682B4,0
181,0,,0.807172,,#4682B4,0
182,0,,-1.00658,,#4682B4,0
183,0,,-0.350618,,#4682B4,0
184,0,,0.0036691,,#4682B4,0
185,0,,0.592102,,#4682B4,0
186,0,,0.107575,,#4682B4,0
187,0,,1.13065,,#4682B4,0
188,0,,0.127062,,#4682B4,0
189,0,,-0.701181,,#4682B4,0
190,0,,0.857205,,#4682B4,0
191,0,,-0.171068,,#4682B4,0
192,0,,0.35218,,#4682B4,0
193,0,,-0.644733,,#4682B4,0
194,0,,0.264893,,#4682B4,0
195,0,,-0.00216018,,#4682B4,0
196,0,,0.259154,,#4682B4,0
197,0,,0.41527,,#4682B4,0
198,0,,1.25883,,#4682B4,0
199,0,,0.293637,,#4682B4,0
200,0,,-0.445937,,#4682B4,0
201,0,,-0.61593,,#4682B4,0
202,0,,-0.964281,,#4682B4,0
203,0,,-0.452808,,#4682B4,0
204,0,,-0.393625,,#4682B4,0
205,0,,0.996733,,#4682B4,0
206,0,,0.352163,,#4682B4,0
207,0,,-0.270744,,#4682B4,0
208,0,,0.236714,,#4682B4,0
209,0,,0.321842,,#4682B4,0
210,0,,-0.710066,,#4682B4,0
211,0,,-0.58153,,#4682B4,0
212,0,,0.425228,,#4682B4,0
213,0,,-0.101387,,#4682B4,0
214,0,,0.595674,,#4682B4,0
215,0,,0.71962,,#4682B4,0
216,0,,0.271246,,#4682B4,0
217,0,,0.642744,,#4682B4,0
218,0,,0.048448,,#4682B4,0
219,0,,-0.297997,,#4682B4,0
220,0,,0.289284,,#4682B4,0
221,0,,-0.588019,,#4682B4,0
222,0,,0.666838,,#4682B4,0
223,0,,-0.675307,,#4682B4,0
224,0,,-1.00496,,#4682B4,0
225,0,,-1.21951,,#4682B4,0
226,0,,0.340548,,#4682B4,0
227,0,,-0.715307,,#4682B4,0
228,0,,-0.643308,,#4682B4,0
229,0,,-0.531501,,#4682B4,0
230,0,,0.234678,,#4682B4,0
231,0,,0.0417217,,#4682B4,0
232,0,,0.486046,,#4682B4,0
233,0,,0.310809,,#4682B4,0
234,0,,-0.0839076,,#4682B4,0
235,0,,-0.501081,,#4682B4,0
236,0,,0.020375,,#4682B4,0
237,0,,0.349092,,#4682B4,0
238,0,,0.078702,,#4682B4,0
239,0,,-0.144844,,#4682B4,0
240,0,,-0.682625,,#4682B4,0
241,0,,-0.278823,,#4682B4,0
242,0,,-0.208429,,#4682B4,0
243,0,,-0.443055,,#4682B4,0
244,0,,-0.577146,,#4682B4,0
245,0,,-0.656773,,#4682B4,0
246,0,,0.376123,,#4682B4,0
247,0,,-0.867789,,#4682B4,0
248,0,,-0.139045,,#4682B4,0
249,0,,0.212676,,#4682B4,0
250,0,,0.252854,,#4682B4,0