id,alpha_eta_simulated,tau_eta_simulated,color,filter
1,0,-0.226366,#4682B4,0
2,0,0.199356,#4682B4,0
3,0,-0.508696,#4682B4,0
4,0,0.183966,#4682B4,0
5,0,-0.169652,#4682B4,0
6,0,0.618393,#4682B4,0
7,0,0.0701404,#4682B4,0
8,0,0.0552058,#4682B4,0
9,0,0.203964,#4682B4,0
10,0,-0.644677,#4682B4,0
11,0,0.753959,#4682B4,0
12,0,0.0763161,#4682B4,0
13,0,0.435964,#4682B4,0
14,0,0.735219,#4682B4,0
15,0,0.380549,#4682B4,0
16,0,-0.0772552,#4682B4,0
17,0,0.268876,#4682B4,0
18,0,-0.00440038,#4682B4,0
19,0,0.0582744,#4682B4,0
20,0,0.00463387,#4682B4,0
21,0,0.0551074,#4682B4,0
22,0,-1.00092,#4682B4,0
23,0,-0.351208,#4682B4,0
24,0,-1.17806,#4682B4,0
25,0,-0.216184,#4682B4,0
26,0,0.571995,#4682B4,0
27,0,-0.41384,#4682B4,0
28,0,0.257403,#4682B4,0
29,0,0.600733,#4682B4,0
30,0,-0.431345,#4682B4,0
31,0,0.483744,#4682B4,0
32,0,0.370036,#4682B4,0
33,0,-0.290604,#4682B4,0
34,0,0.160217,#4682B4,0
35,0,0.095761,#4682B4,0
36,0,-0.0297164,#4682B4,0
37,0,-0.36947,#4682B4,0
38,0,0.563253,#4682B4,0
39,0,-0.0455655,#4682B4,0
40,0,0.623797,#4682B4,0
41,0,-0.309733,#4682B4,0
42,0,0.919924,#4682B4,0
43,0,0.447424,#4682B4,0
44,0,0.130802,#4682B4,0
45,0,0.472872,#4682B4,0
46,0,0.123916,#4682B4,0
47,0,0.443361,#4682B4,0
48,0,-0.305126,#4682B4,0
49,0,0.299648,#4682B4,0
50,0,0.546059,#4682B4,0
51,0,0.12469,#4682B4,0
52,0,0.417768,#4682B4,0
53,0,0.346435,#4682B4,0
54,0,-0.0541445,#4682B4,0
55,0,0.637514,#4682B4,0
56,0,0.434875,#4682B4,0
57,0,0.071195,#4682B4,0
58,0,-0.510829,#4682B4,0
59,0,0.12745,#4682B4,0
60,0,0.672637,#4682B4,0
61,0,0.574524,#4682B4,0
62,0,0.811008,#4682B4,0
63,0,-0.624015,#4682B4,0
64,0,0.0708409,#4682B4,0
65,0,0.0183893,#4682B4,0
66,0,0.60541,#4682B4,0
67,0,-0.106908,#4682B4,0
68,0,-0.486877,#4682B4,0
69,0,-0.175249,#4682B4,0
70,0,-0.509535,#4682B4,0
71,0,-0.879271,#4682B4,0
72,0,-0.778899,#4682B4,0
73,0,0.101064,#4682B4,0
74,0,0.24083,#4682B4,0
75,0,-0.59497,#4682B4,0
76,0,-0.00377733,#4682B4,0
77,0,0.268813,#4682B4,0
78,0,0.555963,#4682B4,0
79,0,-0.433807,#4682B4,0
80,0,0.455162,#4682B4,0
81,0,-0.42913,#4682B4,0
82,0,-0.282101,#4682B4,0
83,0,-0.298154,#4682B4,0
84,0,-0.363333,#4682B4,0
85,0,-0.942645,#4682B4,0
86,0,0.318705,#4682B4,0
87,0,0.632496,#4682B4,0
88,0,-0.0974459,#4682B4,0
89,0,-0.0252567,#4682B4,0
90,0,0.368167,#4682B4,0
91,0,0.0402267,#4682B4,0
92,0,-0.500909,#4682B4,0
93,0,-0.163097,#4682B4,0
94,0,0.147194,#4682B4,0
95,0,-0.101483,#4682B4,0
96,0,0.210202,#4682B4,0
97,0,-0.00748928,#4682B4,0
98,0,0.402223,#4682B4,0
99,0,-0.109963,#4682B4,0
100,0,0.366683,#4682B4,0
101,0,0.621904,#4682B4,0
102,0,-0.097563,#4682B4,0
103,0,-0.0212028,#4682B4,0
104,0,0.425953,#4682B4,0
105,0,-0.0695018,#4682B4,0
106,0,1.17512,#4682B4,0
107,0,-0.673371,#4682B4,0
108,0,0.769667,#4682B4,0
109,0,0.372193,#4682B4,0
110,0,-0.751432,#4682B4,0
111,0,0.117954,#4682B4,0
112,0,-0.479304,#4682B4,0
113,0,0.296444,#4682B4,0
114,0,-0.839669,#4682B4,0
115,0,-0.124219,#4682B4,0
116,0,0.193358,#4682B4,0
117,0,0.234988,#4682B4,0
118,0,-0.627942,#4682B4,0
119,0,1.10109,#4682B4,0
120,0,0.35735,#4682B4,0
121,0,0.0423829,#4682B4,0
122,0,-0.13081,#4682B4,0
123,0,-0.0157738,#4682B4,0
124,0,-0.0730397,#4682B4,0
125,0,0.14518,#4682B4,0
126,0,-0.691557,#4682B4,0
127,0,-0.57734,#4682B4,0
128,0,-1.30525,#4682B4,0
129,0,0.304365,#4682B4,0
130,0,-0.696625,#4682B4,0
131,0,0.368231,#4682B4,0
132,0,-0.492953,#4682B4,0
133,0,0.24665,#4682B4,0
134,0,0.455019,#4682B4,0
135,0,-0.727137,#4682B4,0
136,0,1.25644,#4682B4,0
137,0,-0.0136511,#4682B4,0
138,0,1.18672,#4682B4,0
139,0,-0.357252,#4682B4,0
140,0,-0.745481,#4682B4,0
141,0,-0.330217,#4682B4,0
142,0,0.0546938,#4682B4,0
143,0,0.181498,#4682B4,0
144,0,-0.382864,#4682B4,0
145,0,0.578162,#4682B4,0
146,0,0.147841,#4682B4,0
147,0,0.539964,#4682B4,0
148,0,-0.146659,#4682B4,0
149,0,0.111611,#4682B4,0
150,0,-0.084261,#4682B4,0
151,0,-0.950755,#4682B4,0
152,0,-0.304024,#4682B4,0
153,0,-0.0374738,#4682B4,0
154,0,0.353645,#4682B4,0
155,0,-0.494622,#4682B4,0
156,0,0.0808178,#4682B4,0
157,0,0.670274,#4682B4,0
158,0,-0.129878,#4682B4,0
159,0,-0.107171,#4682B4,0
160,0,-0.176714,#4682B4,0
161,0,0.44088,#4682B4,0
162,0,-0.379588,#4682B4,0
163,0,-0.523707,#4682B4,0
164,0,-1.08009,#4682B4,0
165,0,0.383913,#4682B4,0
166,0,-0.295797,#4682B4,0
167,0,-1.44193,#4682B4,0
168,0,0.807792,#4682B4,0
169,0,0.699061,#4682B4,0
170,0,0.0913685,#4682B4,0
171,0,-0.994955,#4682B4,0
172,0,-0.21773,#4682B4,0
173,0,0.580182,#4682B4,0
174,0,-0.928384,#4682B4,0
175,0,-0.50415,#4682B4,0
176,0,0.0479525,#4682B4,0
177,0,0.34291,#4682B4,0
178,0,-0.0316809,#4682B4,0
179,0,0.289273,#4682B4,0
180,0,-0.041173,#4682B4,0
181,0,0.808961,#4682B4,0
182,0,-1.06767,#4682B4,0
183,0,-0.347393,#4682B4,0
184,0,-0.0151671,#4682B4,0
185,0,0.560061,#4682B4,0
186,0,0.0934267,#4682B4,0
187,0,1.14816,#4682B4,0
188,0,0.10689,#4682B4,0
189,0,-0.714889,#4682B4,0
190,0,0.856239,#4682B4,0
191,0,-0.154348,#4682B4,0
192,0,0.35066,#4682B4,0
193,0,-0.711532,#4682B4,0
194,0,0.273929,#4682B4,0
195,0,0.0465621,#4682B4,0
196,0,0.22384,#4682B4,0
197,0,0.380787,#4682B4,0
198,0,1.29515,#4682B4,0
199,0,0.28712,#4682B4,0
200,0,-0.431792,#4682B4,0
201,0,-0.67015,#4682B4,0
202,0,-0.963215,#4682B4,0
203,0,-0.434328,#4682B4,0
204,0,-0.419433,#4682B4,0
205,0,1.0058,#4682B4,0
206,0,0.382236,#4682B4,0
207,0,-0.277652,#4682B4,0
208,0,0.0293641,#4682B4,0
209,0,0.338653,#4682B4,0
210,0,-0.725943,#4682B4,0
211,0,-0.52497,#4682B4,0
212,0,0.433754,#4682B4,0
213,0,-0.0917816,#4682B4,0
214,0,0.553518,#4682B4,0
215,0,0.741813,#4682B4,0
216,0,0.338285,#4682B4,0
217,0,0.481712,#4682B4,0
218,0,0.0403996,#4682B4,0
219,0,-0.256554,#4682B4,0
220,0,0.307139,#4682B4,0
221,0,-0.59902,#4682B4,0
222,0,0.725616,#4682B4,0
223,0,-0.67389,#4682B4,0
224,0,-0.921163,#4682B4,0
225,0,-1.11053,#4682B4,0
226,0,0.341234,#4682B4,0
227,0,-0.688949,#4682B4,0
228,0,-0.665164,#4682B4,0
229,0,-0.554404,#4682B4,0
230,0,0.108018,#4682B4,0
231,0,0.0916071,#4682B4,0
232,0,0.484881,#4682B4,0
233,0,0.309422,#4682B4,0
234,0,-0.0255499,#4682B4,0
235,0,-0.490855,#4682B4,0
236,0,-0.00165386,#4682B4,0
237,0,0.339177,#4682B4,0
238,0,0.104371,#4682B4,0
239,0,-0.153681,#4682B4,0
240,0,-0.615826,#4682B4,0
241,0,-0.272774,#4682B4,0
242,0,-0.191146,#4682B4,0
243,0,-0.508558,#4682B4,0
244,0,-0.613773,#4682B4,0
245,0,-0.691883,#4682B4,0
246,0,0.390938,#4682B4,0
247,0,-0.898713,#4682B4,0
248,0,-0.131772,#4682B4,0
249,0,0.229659,#4682B4,0
250,0,0.249988,#4682B4,0