   Tlag_pop;   1.00000;   0.40030;   0.07649;  -0.07293;   0.03203;       NaN;   0.00000;   0.00000;       NaN;       NaN;   0.00000;   0.00000
     ka_pop;   0.40030;   1.00000;   0.14058;   0.01094;  -0.06509;       NaN;   0.00000;   0.00000;       NaN;       NaN;   0.00000;   0.00000
      V_pop;   0.07649;   0.14058;   1.00000;   0.06140;  -0.11013;       NaN;   0.00000;   0.00000;       NaN;       NaN;   0.00000;   0.00000
  alpha_pop;  -0.07293;   0.01094;   0.06140;   1.00000;  -0.98664;       NaN;   0.00000;   0.00000;       NaN;       NaN;   0.00000;   0.00000
   beta_pop;   0.03203;  -0.06509;  -0.11013;  -0.98664;   1.00000;       NaN;   0.00000;   0.00000;       NaN;       NaN;   0.00000;   0.00000
 omega_Tlag;       NaN;       NaN;       NaN;       NaN;       NaN;       NaN;       NaN;       NaN;       NaN;       NaN;       NaN;       NaN
   omega_ka;   0.00000;   0.00000;   0.00000;   0.00000;   0.00000;       NaN;   1.00000;  -0.00071;       NaN;       NaN;   0.00605;  -0.03209
    omega_V;   0.00000;   0.00000;   0.00000;   0.00000;   0.00000;       NaN;  -0.00071;   1.00000;       NaN;       NaN;   0.00420;  -0.02036
omega_alpha;       NaN;       NaN;       NaN;       NaN;       NaN;       NaN;       NaN;       NaN;       NaN;       NaN;       NaN;       NaN
 omega_beta;       NaN;       NaN;       NaN;       NaN;       NaN;       NaN;       NaN;       NaN;       NaN;       NaN;       NaN;       NaN
          a;   0.00000;   0.00000;   0.00000;   0.00000;   0.00000;       NaN;   0.00605;   0.00420;       NaN;       NaN;   1.00000;  -0.79378
          b;   0.00000;   0.00000;   0.00000;   0.00000;   0.00000;       NaN;  -0.03209;  -0.02036;       NaN;       NaN;  -0.79378;   1.00000
