   Tlag_pop;   1.00000;   0.39595;   0.07688;  -0.01501;  -0.01986;       NaN;   0.00000;   0.00000;       NaN;       NaN;   0.00000;   0.00000
     ka_pop;   0.39595;   1.00000;   0.14052;   0.04202;  -0.09031;       NaN;   0.00000;   0.00000;       NaN;       NaN;   0.00000;   0.00000
      V_pop;   0.07688;   0.14052;   1.00000;   0.07590;  -0.12368;       NaN;   0.00000;   0.00000;       NaN;       NaN;   0.00000;   0.00000
  alpha_pop;  -0.01501;   0.04202;   0.07590;   1.00000;  -0.98852;       NaN;   0.00000;   0.00000;       NaN;       NaN;   0.00000;   0.00000
   beta_pop;  -0.01986;  -0.09031;  -0.12368;  -0.98852;   1.00000;       NaN;   0.00000;   0.00000;       NaN;       NaN;   0.00000;   0.00000
 omega_Tlag;       NaN;       NaN;       NaN;       NaN;       NaN;       NaN;       NaN;       NaN;       NaN;       NaN;       NaN;       NaN
   omega_ka;   0.00000;   0.00000;   0.00000;   0.00000;   0.00000;       NaN;   1.00000;  -0.00036;       NaN;       NaN;   0.00734;  -0.03257
    omega_V;   0.00000;   0.00000;   0.00000;   0.00000;   0.00000;       NaN;  -0.00036;   1.00000;       NaN;       NaN;   0.00246;  -0.01892
omega_alpha;       NaN;       NaN;       NaN;       NaN;       NaN;       NaN;       NaN;       NaN;       NaN;       NaN;       NaN;       NaN
 omega_beta;       NaN;       NaN;       NaN;       NaN;       NaN;       NaN;       NaN;       NaN;       NaN;       NaN;       NaN;       NaN
          a;   0.00000;   0.00000;   0.00000;   0.00000;   0.00000;       NaN;   0.00734;   0.00246;       NaN;       NaN;   1.00000;  -0.78988
          b;   0.00000;   0.00000;   0.00000;   0.00000;   0.00000;       NaN;  -0.03257;  -0.01892;       NaN;       NaN;  -0.78988;   1.00000
