1,1,16.94574,10.49813,1.59229
1,6,74.59355,10.49813,1.59229
1,11,111.86515,10.49813,1.59229
1,16,169.21269,10.49813,1.59229
1,21,225.15928,10.49813,1.59229
1,26,273.91263,10.49813,1.59229
1,31,324.62758,10.49813,1.59229
1,36,384.48955,10.49813,1.59229
1,41,440.0952,10.49813,1.59229
1,46,482.44054,10.49813,1.59229
2,1,8.87362,11.00125,2.94213
2,6,83.00444,11.00125,2.94213
2,11,122.47111,11.00125,2.94213
2,16,178.28293,11.00125,2.94213
2,21,240.06265,11.00125,2.94213
2,26,283.62408,11.00125,2.94213
2,31,355.84933,11.00125,2.94213
2,36,396.12566,11.00125,2.94213
2,41,453.75504,11.00125,2.94213
2,46,510.87332,11.00125,2.94213
3,1,11.31084,11.40548,-1.0279
3,6,65.02225,11.40548,-1.0279
3,11,120.91098,11.40548,-1.0279
3,16,189.66441,11.40548,-1.0279
3,21,232.02684,11.40548,-1.0279
3,26,287.84529,11.40548,-1.0279
3,31,351.88347,11.40548,-1.0279
3,36,410.33992,11.40548,-1.0279
3,41,468.42008,11.40548,-1.0279
3,46,521.45467,11.40548,-1.0279
4,1,7.9109,9.76172,1.3733
4,6,58.62292,9.76172,1.3733
4,11,110.10015,9.76172,1.3733
4,16,158.57363,9.76172,1.3733
4,21,203.61928,9.76172,1.3733
4,26,250.87207,9.76172,1.3733
4,31,304.78034,9.76172,1.3733
4,36,352.83274,9.76172,1.3733
4,41,406.26438,9.76172,1.3733
4,46,452.88606,9.76172,1.3733
5,1,5.75126,9.86793,-0.28965
5,6,52.85479,9.86793,-0.28965
5,11,103.40191,9.86793,-0.28965
5,16,162.27281,9.86793,-0.28965
5,21,206.07407,9.86793,-0.28965
5,26,264.60362,9.86793,-0.28965
5,31,309.46456,9.86793,-0.28965
5,36,352.40918,9.86793,-0.28965
5,41,405.44249,9.86793,-0.28965
5,46,453.74877,9.86793,-0.28965
6,1,6.02802,9.39369,-0.53081
6,6,55.8954,9.39369,-0.53081
6,11,107.88205,9.39369,-0.53081
6,16,154.91312,9.39369,-0.53081
6,21,190.64545,9.39369,-0.53081
6,26,247.56892,9.39369,-0.53081
6,31,290.80243,9.39369,-0.53081
6,36,344.20148,9.39369,-0.53081
6,41,387.71531,9.39369,-0.53081
6,46,431.53336,9.39369,-0.53081
7,1,14.11233,10.00641,-0.13394
7,6,57.92322,10.00641,-0.13394
7,11,112.05172,10.00641,-0.13394
7,16,161.22803,10.00641,-0.13394
7,21,207.8035,10.00641,-0.13394
7,26,259.79211,10.00641,-0.13394
7,31,307.80929,10.00641,-0.13394
7,36,362.45793,10.00641,-0.13394
7,41,415.77154,10.00641,-0.13394
7,46,461.79969,10.00641,-0.13394
8,1,6.15269,9.80187,2.69595
8,6,64.91498,9.80187,2.69595
8,11,118.53969,9.80187,2.69595
8,16,162.36724,9.80187,2.69595
8,21,212.43413,9.80187,2.69595
8,26,255.55973,9.80187,2.69595
8,31,305.76257,9.80187,2.69595
8,36,348.91352,9.80187,2.69595
8,41,407.22411,9.80187,2.69595
8,46,456.24534,9.80187,2.69595
9,1,8.65946,10.34078,-1.53805
9,6,56.46472,10.34078,-1.53805
9,11,111.94533,10.34078,-1.53805
9,16,157.34337,10.34078,-1.53805
9,21,210.41643,10.34078,-1.53805
9,26,265.54833,10.34078,-1.53805
9,31,320.58947,10.34078,-1.53805
9,36,378.36377,10.34078,-1.53805
9,41,414.66973,10.34078,-1.53805
9,46,484.34041,10.34078,-1.53805
10,1,16.89454,9.59581,0.94269
10,6,76.40018,9.59581,0.94269
10,11,107.08321,9.59581,0.94269
10,16,157.40391,9.59581,0.94269
10,21,202.45745,9.59581,0.94269
10,26,258.67703,9.59581,0.94269
10,31,301.04131,9.59581,0.94269
10,36,346.34308,9.59581,0.94269
10,41,398.11656,9.59581,0.94269
10,46,442.44965,9.59581,0.94269
11,1,15.23176,11.78826,3.54242
11,6,67.74988,11.78826,3.54242
11,11,134.60456,11.78826,3.54242
11,16,187.6976,11.78826,3.54242
11,21,250.21608,11.78826,3.54242
11,26,312.93982,11.78826,3.54242
11,31,365.72073,11.78826,3.54242
11,36,424.63209,11.78826,3.54242
11,41,492.75407,11.78826,3.54242
11,46,541.25813,11.78826,3.54242
12,1,13.3209,9.34779,0.96043
12,6,63.22809,9.34779,0.96043
12,11,99.3839,9.34779,0.96043
12,16,151.0493,9.34779,0.96043
12,21,201.50746,9.34779,0.96043
12,26,250.57925,9.34779,0.96043
12,31,290.66868,9.34779,0.96043
12,36,337.5441,9.34779,0.96043
12,41,385.6318,9.34779,0.96043
12,46,420.72078,9.34779,0.96043
13,1,10.64083,10.61809,2.20507
13,6,70.83687,10.61809,2.20507
13,11,123.28247,10.61809,2.20507
13,16,180.97547,10.61809,2.20507
13,21,224.52885,10.61809,2.20507
13,26,277.95323,10.61809,2.20507
13,31,319.34049,10.61809,2.20507
13,36,387.28004,10.61809,2.20507
13,41,437.57723,10.61809,2.20507
13,46,488.5615,10.61809,2.20507
14,1,10.42141,10.49232,0.12706
14,6,66.28619,10.49232,0.12706
14,11,116.22626,10.49232,0.12706
14,16,168.86561,10.49232,0.12706
14,21,225.09748,10.49232,0.12706
14,26,270.90755,10.49232,0.12706
14,31,328.4789,10.49232,0.12706
14,36,382.57408,10.49232,0.12706
14,41,440.6827,10.49232,0.12706
14,46,475.25249,10.49232,0.12706
15,1,17.81409,10.32052,0.92081
15,6,64.39134,10.32052,0.92081
15,11,124.028,10.32052,0.92081
15,16,172.77774,10.32052,0.92081
15,21,224.89021,10.32052,0.92081
15,26,269.20022,10.32052,0.92081
15,31,329.19689,10.32052,0.92081
15,36,376.25427,10.32052,0.92081
15,41,417.34877,10.32052,0.92081
15,46,474.39907,10.32052,0.92081
16,1,4.11551,10.15474,3.6291
16,6,62.08433,10.15474,3.6291
16,11,115.39963,10.15474,3.6291
16,16,175.90463,10.15474,3.6291
16,21,219.56898,10.15474,3.6291
16,26,271.2025,10.15474,3.6291
16,31,314.37965,10.15474,3.6291
16,36,379.9828,10.15474,3.6291
16,41,418.19812,10.15474,3.6291
16,46,476.58178,10.15474,3.6291
17,1,2.83286,9.75268,-2.86734
17,6,58.2739,9.75268,-2.86734
17,11,108.30798,9.75268,-2.86734
17,16,151.92482,9.75268,-2.86734
17,21,199.95487,9.75268,-2.86734
17,26,259.49754,9.75268,-2.86734
17,31,310.85239,9.75268,-2.86734
17,36,349.38072,9.75268,-2.86734
17,41,387.32137,9.75268,-2.86734
17,46,433.21724,9.75268,-2.86734
18,1,13.3596,10.26252,-0.62099
18,6,57.45368,10.26252,-0.62099
18,11,112.36989,10.26252,-0.62099
18,16,163.92737,10.26252,-0.62099
18,21,220.3124,10.26252,-0.62099
18,26,266.04413,10.26252,-0.62099
18,31,313.76809,10.26252,-0.62099
18,36,362.29447,10.26252,-0.62099
18,41,421.51276,10.26252,-0.62099
18,46,464.2317,10.26252,-0.62099
19,1,17.3813,9.64996,2.48723
19,6,56.30379,9.64996,2.48723
19,11,110.0909,9.64996,2.48723
19,16,149.30882,9.64996,2.48723
19,21,209.41102,9.64996,2.48723
19,26,257.80294,9.64996,2.48723
19,31,298.26537,9.64996,2.48723
19,36,347.44886,9.64996,2.48723
19,41,392.32726,9.64996,2.48723
19,46,449.25688,9.64996,2.48723
20,1,16.65549,9.59168,3.09765
20,6,63.01047,9.59168,3.09765
20,11,100.39368,9.59168,3.09765
20,16,156.49933,9.59168,3.09765
20,21,208.19871,9.59168,3.09765
20,26,245.4349,9.59168,3.09765
20,31,296.07898,9.59168,3.09765
20,36,344.90501,9.59168,3.09765
20,41,399.84403,9.59168,3.09765
20,46,444.30078,9.59168,3.09765
21,1,18.14758,10.23627,2.58647
21,6,66.71087,10.23627,2.58647
21,11,115.21383,10.23627,2.58647
21,16,174.47784,10.23627,2.58647
21,21,218.00898,10.23627,2.58647
21,26,265.13423,10.23627,2.58647
21,31,316.77629,10.23627,2.58647
21,36,370.19606,10.23627,2.58647
21,41,423.79476,10.23627,2.58647
21,46,469.38573,10.23627,2.58647
22,1,14.41414,10.27068,3.12994
22,6,59.34911,10.27068,3.12994
22,11,112.84892,10.27068,3.12994
22,16,157.47981,10.27068,3.12994
22,21,217.49854,10.27068,3.12994
22,26,268.69294,10.27068,3.12994
22,31,323.73726,10.27068,3.12994
22,36,383.93964,10.27068,3.12994
22,41,425.69365,10.27068,3.12994
22,46,477.90195,10.27068,3.12994
23,1,14.9319,9.45951,1.40541
23,6,66.44054,9.45951,1.40541
23,11,107.64952,9.45951,1.40541
23,16,157.71569,9.45951,1.40541
23,21,200.41958,9.45951,1.40541
23,26,245.76181,9.45951,1.40541
23,31,297.60494,9.45951,1.40541
23,36,350.3104,9.45951,1.40541
23,41,393.95205,9.45951,1.40541
23,46,431.8307,9.45951,1.40541
24,1,20.33644,10.82781,2.62679
24,6,78.8108,10.82781,2.62679
24,11,116.59238,10.82781,2.62679
24,16,172.54628,10.82781,2.62679
24,21,233.46995,10.82781,2.62679
24,26,282.80571,10.82781,2.62679
24,31,326.71982,10.82781,2.62679
24,36,383.54738,10.82781,2.62679
24,41,456.80085,10.82781,2.62679
24,46,506.04021,10.82781,2.62679
25,1,16.27867,11.12172,3.75274
25,6,65.29154,11.12172,3.75274
25,11,124.08369,11.12172,3.75274
25,16,182.96033,11.12172,3.75274
25,21,233.65963,11.12172,3.75274
25,26,293.34092,11.12172,3.75274
25,31,350.87805,11.12172,3.75274
25,36,399.94668,11.12172,3.75274
25,41,462.27789,11.12172,3.75274
25,46,516.99056,11.12172,3.75274
26,1,20.51844,9.48085,1.56169
26,6,61.09064,9.48085,1.56169
26,11,108.49326,9.48085,1.56169
26,16,159.25758,9.48085,1.56169
26,21,194.38261,9.48085,1.56169
26,26,240.10277,9.48085,1.56169
26,31,291.88796,9.48085,1.56169
26,36,346.01896,9.48085,1.56169
26,41,394.11219,9.48085,1.56169
26,46,437.53879,9.48085,1.56169
27,1,14.99976,10.26439,4.79036
27,6,61.71961,10.26439,4.79036
27,11,121.48071,10.26439,4.79036
27,16,173.5946,10.26439,4.79036
27,21,228.30227,10.26439,4.79036
27,26,274.23403,10.26439,4.79036
27,31,323.00262,10.26439,4.79036
27,36,380.62824,10.26439,4.79036
27,41,424.58736,10.26439,4.79036
27,46,465.00039,10.26439,4.79036
28,1,12.68727,9.53429,0.97801
28,6,62.34129,9.53429,0.97801
28,11,105.28533,9.53429,0.97801
28,16,155.22855,9.53429,0.97801
28,21,200.49512,9.53429,0.97801
28,26,250.35758,9.53429,0.97801
28,31,297.8664,9.53429,0.97801
28,36,339.95781,9.53429,0.97801
28,41,386.47975,9.53429,0.97801
28,46,442.84232,9.53429,0.97801
29,1,-1.07384,10.41575,1.86999
29,6,65.51205,10.41575,1.86999
29,11,108.23319,10.41575,1.86999
29,16,167.67629,10.41575,1.86999
29,21,219.38826,10.41575,1.86999
29,26,281.18591,10.41575,1.86999
29,31,316.40499,10.41575,1.86999
29,36,376.14981,10.41575,1.86999
29,41,429.01132,10.41575,1.86999
29,46,474.99471,10.41575,1.86999
30,1,8.9124,10.11476,-4.34383
30,6,58.8739,10.11476,-4.34383
30,11,105.94278,10.11476,-4.34383
30,16,154.55695,10.11476,-4.34383
30,21,209.26254,10.11476,-4.34383
30,26,261.68468,10.11476,-4.34383
30,31,311.8336,10.11476,-4.34383
30,36,370.92907,10.11476,-4.34383
30,41,410.80772,10.11476,-4.34383
30,46,466.13667,10.11476,-4.34383
31,1,9.31943,10.25292,2.25659
31,6,64.04728,10.25292,2.25659
31,11,105.41063,10.25292,2.25659
31,16,165.00092,10.25292,2.25659
31,21,221.11166,10.25292,2.25659
31,26,266.98165,10.25292,2.25659
31,31,319.76318,10.25292,2.25659
31,36,365.81064,10.25292,2.25659
31,41,423.89631,10.25292,2.25659
31,46,482.45596,10.25292,2.25659
32,1,12.79287,10.02732,-0.27603
32,6,59.8873,10.02732,-0.27603
32,11,105.39792,10.02732,-0.27603
32,16,160.58138,10.02732,-0.27603
32,21,213.89824,10.02732,-0.27603
32,26,249.94166,10.02732,-0.27603
32,31,305.708,10.02732,-0.27603
32,36,357.48536,10.02732,-0.27603
32,41,407.35643,10.02732,-0.27603
32,46,459.50741,10.02732,-0.27603
33,1,8.22823,9.99994,2.21663
33,6,63.76466,9.99994,2.21663
33,11,108.31172,9.99994,2.21663
33,16,159.0188,9.99994,2.21663
33,21,207.93005,9.99994,2.21663
33,26,259.26182,9.99994,2.21663
33,31,311.20229,9.99994,2.21663
33,36,365.61132,9.99994,2.21663
33,41,422.14624,9.99994,2.21663
33,46,473.28311,9.99994,2.21663
34,1,0.45933,10.15484,-0.59534
34,6,61.00623,10.15484,-0.59534
34,11,113.34532,10.15484,-0.59534
34,16,169.87586,10.15484,-0.59534
34,21,214.66684,10.15484,-0.59534
34,26,260.37781,10.15484,-0.59534
34,31,308.51891,10.15484,-0.59534
34,36,367.80553,10.15484,-0.59534
34,41,413.76399,10.15484,-0.59534
34,46,465.28235,10.15484,-0.59534
35,1,10.16912,10.06725,-2.64007
35,6,55.91184,10.06725,-2.64007
35,11,105.19498,10.06725,-2.64007
35,16,161.56688,10.06725,-2.64007
35,21,212.17201,10.06725,-2.64007
35,26,260.49346,10.06725,-2.64007
35,31,309.82738,10.06725,-2.64007
35,36,358.70974,10.06725,-2.64007
35,41,408.70469,10.06725,-2.64007
35,46,463.61038,10.06725,-2.64007
36,1,9.23285,9.81484,2.09677
36,6,56.59077,9.81484,2.09677
36,11,111.64786,9.81484,2.09677
36,16,159.89027,9.81484,2.09677
36,21,204.19734,9.81484,2.09677
36,26,260.8227,9.81484,2.09677
36,31,312.15951,9.81484,2.09677
36,36,349.88927,9.81484,2.09677
36,41,402.65683,9.81484,2.09677
36,46,454.29735,9.81484,2.09677
37,1,13.31737,9.5605,-0.0715
37,6,56.81443,9.5605,-0.0715
37,11,104.80074,9.5605,-0.0715
37,16,160.69104,9.5605,-0.0715
37,21,191.155,9.5605,-0.0715
37,26,248.21132,9.5605,-0.0715
37,31,291.18718,9.5605,-0.0715
37,36,338.38768,9.5605,-0.0715
37,41,385.746,9.5605,-0.0715
37,46,431.13378,9.5605,-0.0715
38,1,7.83394,9.95229,2.53135
38,6,54.4587,9.95229,2.53135
38,11,119.48045,9.95229,2.53135
38,16,158.1576,9.95229,2.53135
38,21,211.34003,9.95229,2.53135
38,26,260.55931,9.95229,2.53135
38,31,307.55421,9.95229,2.53135
38,36,359.07353,9.95229,2.53135
38,41,417.48388,9.95229,2.53135
38,46,457.48086,9.95229,2.53135
39,1,3.31125,9.22136,-0.85988
39,6,60.10504,9.22136,-0.85988
39,11,98.57215,9.22136,-0.85988
39,16,147.90157,9.22136,-0.85988
39,21,191.80069,9.22136,-0.85988
39,26,235.64726,9.22136,-0.85988
39,31,286.31225,9.22136,-0.85988
39,36,326.19709,9.22136,-0.85988
39,41,378.35051,9.22136,-0.85988
39,46,422.79864,9.22136,-0.85988
40,1,6.92481,10.56368,-1.02009
40,6,59.99609,10.56368,-1.02009
40,11,123.26768,10.56368,-1.02009
40,16,164.89988,10.56368,-1.02009
40,21,221.2786,10.56368,-1.02009
40,26,265.72763,10.56368,-1.02009
40,31,333.9097,10.56368,-1.02009
40,36,381.71971,10.56368,-1.02009
40,41,435.58137,10.56368,-1.02009
40,46,488.80023,10.56368,-1.02009
41,1,0.72854,9.76341,-0.04751
41,6,52.2326,9.76341,-0.04751
41,11,107.6649,9.76341,-0.04751
41,16,158.48053,9.76341,-0.04751
41,21,201.71598,9.76341,-0.04751
41,26,258.74181,9.76341,-0.04751
41,31,307.30481,9.76341,-0.04751
41,36,349.37537,9.76341,-0.04751
41,41,402.70695,9.76341,-0.04751
41,46,447.48924,9.76341,-0.04751
42,1,4.87854,9.36996,-2.59495
42,6,48.57097,9.36996,-2.59495
42,11,109.17305,9.36996,-2.59495
42,16,143.07274,9.36996,-2.59495
42,21,200.16548,9.36996,-2.59495
42,26,244.79901,9.36996,-2.59495
42,31,283.19425,9.36996,-2.59495
42,36,331.06884,9.36996,-2.59495
42,41,384.69982,9.36996,-2.59495
42,46,428.5645,9.36996,-2.59495
43,1,13.00121,9.49461,0.24141
43,6,49.39943,9.49461,0.24141
43,11,113.65702,9.49461,0.24141
43,16,154.74111,9.49461,0.24141
43,21,213.6377,9.49461,0.24141
43,26,241.80298,9.49461,0.24141
43,31,292.66419,9.49461,0.24141
43,36,343.30367,9.49461,0.24141
43,41,390.85899,9.49461,0.24141
43,46,436.77032,9.49461,0.24141
44,1,14.82025,9.21903,2.30607
44,6,55.21692,9.21903,2.30607
44,11,110.97884,9.21903,2.30607
44,16,151.97917,9.21903,2.30607
44,21,200.66902,9.21903,2.30607
44,26,238.3397,9.21903,2.30607
44,31,298.08039,9.21903,2.30607
44,36,332.92633,9.21903,2.30607
44,41,375.82741,9.21903,2.30607
44,46,421.17594,9.21903,2.30607
45,1,12.82513,9.75966,2.31806
45,6,55.67327,9.75966,2.31806
45,11,116.5226,9.75966,2.31806
45,16,159.85464,9.75966,2.31806
45,21,211.86402,9.75966,2.31806
45,26,260.18016,9.75966,2.31806
45,31,315.24711,9.75966,2.31806
45,36,359.85349,9.75966,2.31806
45,41,405.83091,9.75966,2.31806
45,46,443.12319,9.75966,2.31806
46,1,12.90889,9.47972,1.29896
46,6,54.69074,9.47972,1.29896
46,11,109.29918,9.47972,1.29896
46,16,153.36117,9.47972,1.29896
46,21,204.67716,9.47972,1.29896
46,26,254.92751,9.47972,1.29896
46,31,308.46499,9.47972,1.29896
46,36,346.97069,9.47972,1.29896
46,41,386.76224,9.47972,1.29896
46,46,436.19893,9.47972,1.29896
47,1,12.32305,9.65134,1.85208
47,6,55.25625,9.65134,1.85208
47,11,106.68798,9.65134,1.85208
47,16,159.58972,9.65134,1.85208
47,21,197.75523,9.65134,1.85208
47,26,252.60227,9.65134,1.85208
47,31,298.36731,9.65134,1.85208
47,36,353.78903,9.65134,1.85208
47,41,395.21615,9.65134,1.85208
47,46,448.67147,9.65134,1.85208
48,1,10.41804,9.54961,1.32785
48,6,48.11313,9.54961,1.32785
48,11,104.65952,9.54961,1.32785
48,16,155.01428,9.54961,1.32785
48,21,206.13984,9.54961,1.32785
48,26,248.02605,9.54961,1.32785
48,31,307.52272,9.54961,1.32785
48,36,350.13306,9.54961,1.32785
48,41,394.04575,9.54961,1.32785
48,46,447.17099,9.54961,1.32785
49,1,13.29827,8.94876,0.81623
49,6,58.35368,8.94876,0.81623
49,11,100.57812,8.94876,0.81623
49,16,147.08198,8.94876,0.81623
49,21,188.63268,8.94876,0.81623
49,26,241.91473,8.94876,0.81623
49,31,272.84227,8.94876,0.81623
49,36,325.90178,8.94876,0.81623
49,41,367.56936,8.94876,0.81623
49,46,405.95654,8.94876,0.81623
50,1,18.57753,10.38449,2.41331
50,6,65.34387,10.38449,2.41331
50,11,112.90786,10.38449,2.41331
50,16,164.4643,10.38449,2.41331
50,21,225.409,10.38449,2.41331
50,26,277.6505,10.38449,2.41331
50,31,326.32583,10.38449,2.41331
50,36,370.81423,10.38449,2.41331
50,41,436.31847,10.38449,2.41331
50,46,473.2044,10.38449,2.41331
51,1,18.37125,10.06236,3.31189
51,6,61.34032,10.06236,3.31189
51,11,108.12767,10.06236,3.31189
51,16,159.60422,10.06236,3.31189
51,21,206.55763,10.06236,3.31189
51,26,259.80362,10.06236,3.31189
51,31,320.52506,10.06236,3.31189
51,36,365.63877,10.06236,3.31189
51,41,417.85011,10.06236,3.31189
51,46,480.52465,10.06236,3.31189
52,1,23.25172,9.76542,2.9988
52,6,64.13378,9.76542,2.9988
52,11,111.47446,9.76542,2.9988
52,16,161.87977,9.76542,2.9988
52,21,209.25935,9.76542,2.9988
52,26,255.5705,9.76542,2.9988
52,31,309.1091,9.76542,2.9988
52,36,350.04611,9.76542,2.9988
52,41,404.62843,9.76542,2.9988
52,46,451.84335,9.76542,2.9988
53,1,17.25631,10.25424,5.195
53,6,71.0757,10.25424,5.195
53,11,118.08747,10.25424,5.195
53,16,174.70707,10.25424,5.195
53,21,226.86814,10.25424,5.195
53,26,271.88419,10.25424,5.195
53,31,323.07057,10.25424,5.195
53,36,379.87144,10.25424,5.195
53,41,415.05977,10.25424,5.195
53,46,479.46783,10.25424,5.195
54,1,12.36332,10.43552,1.72283
54,6,60.91362,10.43552,1.72283
54,11,111.28675,10.43552,1.72283
54,16,169.11389,10.43552,1.72283
54,21,214.7059,10.43552,1.72283
54,26,272.67604,10.43552,1.72283
54,31,327.87262,10.43552,1.72283
54,36,382.35042,10.43552,1.72283
54,41,428.9857,10.43552,1.72283
54,46,475.4892,10.43552,1.72283
55,1,7.58217,9.65777,1.08199
55,6,57.82828,9.65777,1.08199
55,11,112.48177,9.65777,1.08199
55,16,155.0806,9.65777,1.08199
55,21,206.08988,9.65777,1.08199
55,26,254.82304,9.65777,1.08199
55,31,307.12405,9.65777,1.08199
55,36,354.37713,9.65777,1.08199
55,41,396.58422,9.65777,1.08199
55,46,454.03049,9.65777,1.08199
56,1,3.85712,9.87997,-0.26303
56,6,59.26345,9.87997,-0.26303
56,11,107.05263,9.87997,-0.26303
56,16,162.96917,9.87997,-0.26303
56,21,200.66457,9.87997,-0.26303
56,26,266.95699,9.87997,-0.26303
56,31,309.08127,9.87997,-0.26303
56,36,357.77859,9.87997,-0.26303
56,41,400.65625,9.87997,-0.26303
56,46,459.30674,9.87997,-0.26303
57,1,7.95353,10.02467,-1.30393
57,6,48.97962,10.02467,-1.30393
57,11,108.78735,10.02467,-1.30393
57,16,153.14915,10.02467,-1.30393
57,21,208.68531,10.02467,-1.30393
57,26,252.87237,10.02467,-1.30393
57,31,303.43512,10.02467,-1.30393
57,36,363.27256,10.02467,-1.30393
57,41,397.9641,10.02467,-1.30393
57,46,455.92034,10.02467,-1.30393
58,1,18.36288,9.01355,0.69312
58,6,56.29658,9.01355,0.69312
58,11,96.90642,9.01355,0.69312
58,16,143.30801,9.01355,0.69312
58,21,183.86934,9.01355,0.69312
58,26,240.95936,9.01355,0.69312
58,31,287.79504,9.01355,0.69312
58,36,321.05283,9.01355,0.69312
58,41,364.86041,9.01355,0.69312
58,46,405.182,9.01355,0.69312
59,1,19.01138,10.15221,4.46248
59,6,60.17238,10.15221,4.46248
59,11,120.53786,10.15221,4.46248
59,16,175.00127,10.15221,4.46248
59,21,215.71936,10.15221,4.46248
59,26,261.38524,10.15221,4.46248
59,31,322.9662,10.15221,4.46248
59,36,376.76278,10.15221,4.46248
59,41,421.73649,10.15221,4.46248
59,46,468.75822,10.15221,4.46248
60,1,11.80022,9.47966,2.75867
60,6,65.16161,9.47966,2.75867
60,11,104.43534,9.47966,2.75867
60,16,155.34269,9.47966,2.75867
60,21,199.11317,9.47966,2.75867
60,26,242.54022,9.47966,2.75867
60,31,297.71587,9.47966,2.75867
60,36,338.1651,9.47966,2.75867
60,41,393.2843,9.47966,2.75867
60,46,433.22792,9.47966,2.75867
61,1,12.77935,10.5525,0.82475
61,6,56.16598,10.5525,0.82475
61,11,112.23558,10.5525,0.82475
61,16,172.02865,10.5525,0.82475
61,21,230.21853,10.5525,0.82475
61,26,274.57955,10.5525,0.82475
61,31,329.10944,10.5525,0.82475
61,36,385.35694,10.5525,0.82475
61,41,426.64518,10.5525,0.82475
61,46,483.90768,10.5525,0.82475
62,1,12.17162,9.20263,1.56084
62,6,66.42726,9.20263,1.56084
62,11,94.92084,9.20263,1.56084
62,16,159.04213,9.20263,1.56084
62,21,197.67251,9.20263,1.56084
62,26,240.78829,9.20263,1.56084
62,31,294.72306,9.20263,1.56084
62,36,332.16429,9.20263,1.56084
62,41,384.35801,9.20263,1.56084
62,46,432.17741,9.20263,1.56084
63,1,9.5083,10.96507,1.56326
63,6,79.91025,10.96507,1.56326
63,11,120.84802,10.96507,1.56326
63,16,175.17048,10.96507,1.56326
63,21,231.92075,10.96507,1.56326
63,26,287.08613,10.96507,1.56326
63,31,353.57418,10.96507,1.56326
63,36,399.26995,10.96507,1.56326
63,41,449.11646,10.96507,1.56326
63,46,506.70472,10.96507,1.56326
64,1,12.66465,11.25566,-0.20801
64,6,78.53984,11.25566,-0.20801
64,11,113.69351,11.25566,-0.20801
64,16,181.71837,11.25566,-0.20801
64,21,229.28894,11.25566,-0.20801
64,26,297.19515,11.25566,-0.20801
64,31,358.32219,11.25566,-0.20801
64,36,402.89432,11.25566,-0.20801
64,41,463.00348,11.25566,-0.20801
64,46,521.61522,11.25566,-0.20801
65,1,3.66662,11.12139,1.6468
65,6,72.0349,11.12139,1.6468
65,11,121.1155,11.12139,1.6468
65,16,188.36856,11.12139,1.6468
65,21,230.78291,11.12139,1.6468
65,26,302.28851,11.12139,1.6468
65,31,347.73354,11.12139,1.6468
65,36,404.96732,11.12139,1.6468
65,41,457.1054,11.12139,1.6468
65,46,516.32737,11.12139,1.6468
66,1,5.07861,10.36598,-2.64063
66,6,60.89234,10.36598,-2.64063
66,11,115.81206,10.36598,-2.64063
66,16,161.54401,10.36598,-2.64063
66,21,211.22312,10.36598,-2.64063
66,26,257.85531,10.36598,-2.64063
66,31,319.09764,10.36598,-2.64063
66,36,364.75121,10.36598,-2.64063
66,41,427.23823,10.36598,-2.64063
66,46,473.5029,10.36598,-2.64063
67,1,9.70171,10.13371,-0.0587
67,6,59.35542,10.13371,-0.0587
67,11,109.07879,10.13371,-0.0587
67,16,161.46111,10.13371,-0.0587
67,21,217.0397,10.13371,-0.0587
67,26,257.37761,10.13371,-0.0587
67,31,307.64737,10.13371,-0.0587
67,36,355.17077,10.13371,-0.0587
67,41,414.69018,10.13371,-0.0587
67,46,456.54861,10.13371,-0.0587
68,1,7.11582,9.86119,0.85068
68,6,54.67671,9.86119,0.85068
68,11,104.91999,9.86119,0.85068
68,16,155.67512,9.86119,0.85068
68,21,201.46069,9.86119,0.85068
68,26,258.7485,9.86119,0.85068
68,31,310.59045,9.86119,0.85068
68,36,356.38084,9.86119,0.85068
68,41,404.43475,9.86119,0.85068
68,46,453.93976,9.86119,0.85068
69,1,-3.67696,9.46589,-0.43842
69,6,48.56534,9.46589,-0.43842
69,11,106.54995,9.46589,-0.43842
69,16,144.42717,9.46589,-0.43842
69,21,198.64286,9.46589,-0.43842
69,26,243.76388,9.46589,-0.43842
69,31,296.17418,9.46589,-0.43842
69,36,337.59636,9.46589,-0.43842
69,41,387.65196,9.46589,-0.43842
69,46,444.37322,9.46589,-0.43842
70,1,3.38473,9.22084,-4.08178
70,6,55.92332,9.22084,-4.08178
70,11,109.69293,9.22084,-4.08178
70,16,136.74458,9.22084,-4.08178
70,21,186.57081,9.22084,-4.08178
70,26,236.83751,9.22084,-4.08178
70,31,283.26759,9.22084,-4.08178
70,36,321.09595,9.22084,-4.08178
70,41,369.08634,9.22084,-4.08178
70,46,419.73021,9.22084,-4.08178
71,1,14.34399,10.468,0.29826
71,6,61.51612,10.468,0.29826
71,11,121.71943,10.468,0.29826
71,16,168.74523,10.468,0.29826
71,21,216.36783,10.468,0.29826
71,26,272.53893,10.468,0.29826
71,31,324.89103,10.468,0.29826
71,36,372.91095,10.468,0.29826
71,41,418.56771,10.468,0.29826
71,46,487.18218,10.468,0.29826
72,1,12.20094,9.84098,2.43109
72,6,60.76068,9.84098,2.43109
72,11,108.45603,9.84098,2.43109
72,16,161.41025,9.84098,2.43109
72,21,207.1672,9.84098,2.43109
72,26,252.88504,9.84098,2.43109
72,31,302.1599,9.84098,2.43109
72,36,351.97935,9.84098,2.43109
72,41,402.18457,9.84098,2.43109
72,46,454.88312,9.84098,2.43109
73,1,16.38929,9.92837,0.97155
73,6,53.75089,9.92837,0.97155
73,11,111.48377,9.92837,0.97155
73,16,160.80689,9.92837,0.97155
73,21,217.31657,9.92837,0.97155
73,26,255.95484,9.92837,0.97155
73,31,312.92588,9.92837,0.97155
73,36,360.00384,9.92837,0.97155
73,41,408.37477,9.92837,0.97155
73,46,459.55452,9.92837,0.97155
74,1,4.96874,9.32091,3.19575
74,6,54.41376,9.32091,3.19575
74,11,108.25063,9.32091,3.19575
74,16,146.33961,9.32091,3.19575
74,21,206.38508,9.32091,3.19575
74,26,245.62375,9.32091,3.19575
74,31,299.528,9.32091,3.19575
74,36,346.3551,9.32091,3.19575
74,41,394.54051,9.32091,3.19575
74,46,434.54184,9.32091,3.19575
75,1,10.00761,9.52925,-2.01917
75,6,55.91698,9.52925,-2.01917
75,11,103.31671,9.52925,-2.01917
75,16,151.01204,9.52925,-2.01917
75,21,196.55224,9.52925,-2.01917
75,26,240.75637,9.52925,-2.01917
75,31,289.48497,9.52925,-2.01917
75,36,335.84952,9.52925,-2.01917
75,41,386.93816,9.52925,-2.01917
75,46,430.0599,9.52925,-2.01917
76,1,8.82059,10.07606,1.99901
76,6,71.3519,10.07606,1.99901
76,11,108.30862,10.07606,1.99901
76,16,163.5579,10.07606,1.99901
76,21,214.25022,10.07606,1.99901
76,26,265.93695,10.07606,1.99901
76,31,320.21462,10.07606,1.99901
76,36,369.7273,10.07606,1.99901
76,41,413.2279,10.07606,1.99901
76,46,458.9866,10.07606,1.99901
77,1,12.8836,10.88965,-0.30179
77,6,52.6842,10.88965,-0.30179
77,11,114.54266,10.88965,-0.30179
77,16,181.79356,10.88965,-0.30179
77,21,227.3166,10.88965,-0.30179
77,26,284.449,10.88965,-0.30179
77,31,331.6317,10.88965,-0.30179
77,36,384.31747,10.88965,-0.30179
77,41,447.83295,10.88965,-0.30179
77,46,492.76718,10.88965,-0.30179
78,1,14.05107,8.76481,1.91829
78,6,46.51598,8.76481,1.91829
78,11,95.54542,8.76481,1.91829
78,16,141.85574,8.76481,1.91829
78,21,189.64722,8.76481,1.91829
78,26,233.38365,8.76481,1.91829
78,31,290.70846,8.76481,1.91829
78,36,316.33319,8.76481,1.91829
78,41,357.05415,8.76481,1.91829
78,46,404.06648,8.76481,1.91829
79,1,8.29044,9.20088,2.34719
79,6,62.70741,9.20088,2.34719
79,11,112.44109,9.20088,2.34719
79,16,151.19254,9.20088,2.34719
79,21,208.65263,9.20088,2.34719
79,26,234.53367,9.20088,2.34719
79,31,293.4591,9.20088,2.34719
79,36,333.77946,9.20088,2.34719
79,41,378.08047,9.20088,2.34719
79,46,411.57637,9.20088,2.34719
80,1,13.94281,10.51549,-0.30305
80,6,68.27115,10.51549,-0.30305
80,11,106.25298,10.51549,-0.30305
80,16,170.50014,10.51549,-0.30305
80,21,221.66473,10.51549,-0.30305
80,26,271.65371,10.51549,-0.30305
80,31,314.61418,10.51549,-0.30305
80,36,383.50461,10.51549,-0.30305
80,41,436.97238,10.51549,-0.30305
80,46,478.81683,10.51549,-0.30305
81,1,15.51313,10.54812,2.49215
81,6,65.8311,10.54812,2.49215
81,11,113.65219,10.54812,2.49215
81,16,162.86507,10.54812,2.49215
81,21,229.1576,10.54812,2.49215
81,26,267.31112,10.54812,2.49215
81,31,333.65185,10.54812,2.49215
81,36,384.08369,10.54812,2.49215
81,41,443.38175,10.54812,2.49215
81,46,485.04437,10.54812,2.49215
82,1,24.66037,10.00502,1.98914
82,6,60.7364,10.00502,1.98914
82,11,113.76278,10.00502,1.98914
82,16,163.15103,10.00502,1.98914
82,21,217.11924,10.00502,1.98914
82,26,261.40592,10.00502,1.98914
82,31,317.29846,10.00502,1.98914
82,36,361.38156,10.00502,1.98914
82,41,416.66656,10.00502,1.98914
82,46,467.43405,10.00502,1.98914
83,1,13.36249,9.87171,6.06648
83,6,56.35069,9.87171,6.06648
83,11,110.27188,9.87171,6.06648
83,16,154.07532,9.87171,6.06648
83,21,213.49407,9.87171,6.06648
83,26,263.76766,9.87171,6.06648
83,31,311.14024,9.87171,6.06648
83,36,359.90348,9.87171,6.06648
83,41,406.09423,9.87171,6.06648
83,46,457.52767,9.87171,6.06648
84,1,5.35463,9.10539,-0.03028
84,6,57.14531,9.10539,-0.03028
84,11,101.26575,9.10539,-0.03028
84,16,150.25204,9.10539,-0.03028
84,21,185.91556,9.10539,-0.03028
84,26,232.9467,9.10539,-0.03028
84,31,285.38844,9.10539,-0.03028
84,36,317.87507,9.10539,-0.03028
84,41,375.82486,9.10539,-0.03028
84,46,418.94293,9.10539,-0.03028
85,1,10.14745,10.25432,-0.48819
85,6,68.86066,10.25432,-0.48819
85,11,110.27279,10.25432,-0.48819
85,16,160.85587,10.25432,-0.48819
85,21,218.4212,10.25432,-0.48819
85,26,271.79323,10.25432,-0.48819
85,31,332.53385,10.25432,-0.48819
85,36,365.26547,10.25432,-0.48819
85,41,420.58912,10.25432,-0.48819
85,46,476.75543,10.25432,-0.48819
86,1,15.44105,10.78229,1.15253
86,6,74.25097,10.78229,1.15253
86,11,123.59767,10.78229,1.15253
86,16,171.3545,10.78229,1.15253
86,21,222.19359,10.78229,1.15253
86,26,286.50534,10.78229,1.15253
86,31,335.59098,10.78229,1.15253
86,36,385.7112,10.78229,1.15253
86,41,437.56299,10.78229,1.15253
86,46,503.57668,10.78229,1.15253
87,1,14.62939,10.84047,2.4025
87,6,64.76857,10.84047,2.4025
87,11,118.85417,10.84047,2.4025
87,16,183.55914,10.84047,2.4025
87,21,228.41005,10.84047,2.4025
87,26,291.41353,10.84047,2.4025
87,31,345.02637,10.84047,2.4025
87,36,392.99909,10.84047,2.4025
87,41,449.94026,10.84047,2.4025
87,46,504.17868,10.84047,2.4025
88,1,5.94206,9.73233,1.55457
88,6,55.15491,9.73233,1.55457
88,11,104.55785,9.73233,1.55457
88,16,159.22713,9.73233,1.55457
88,21,204.75734,9.73233,1.55457
88,26,252.56978,9.73233,1.55457
88,31,297.58565,9.73233,1.55457
88,36,343.15006,9.73233,1.55457
88,41,395.96031,9.73233,1.55457
88,46,453.61806,9.73233,1.55457
89,1,6.27096,9.52064,-1.13793
89,6,61.57322,9.52064,-1.13793
89,11,93.22728,9.52064,-1.13793
89,16,157.39614,9.52064,-1.13793
89,21,201.18513,9.52064,-1.13793
89,26,247.07438,9.52064,-1.13793
89,31,290.56372,9.52064,-1.13793
89,36,341.14521,9.52064,-1.13793
89,41,377.62308,9.52064,-1.13793
89,46,439.04093,9.52064,-1.13793
90,1,6.66392,10.55873,0.1553
90,6,54.5253,10.55873,0.1553
90,11,119.83598,10.55873,0.1553
90,16,174.00607,10.55873,0.1553
90,21,225.00975,10.55873,0.1553
90,26,277.49929,10.55873,0.1553
90,31,327.74887,10.55873,0.1553
90,36,376.80027,10.55873,0.1553
90,41,431.36508,10.55873,0.1553
90,46,482.38145,10.55873,0.1553
91,1,2.25112,9.10176,-0.62004
91,6,62.01078,9.10176,-0.62004
91,11,94.80632,9.10176,-0.62004
91,16,156.39983,9.10176,-0.62004
91,21,193.1291,9.10176,-0.62004
91,26,239.33478,9.10176,-0.62004
91,31,284.59853,9.10176,-0.62004
91,36,327.25964,9.10176,-0.62004
91,41,375.38238,9.10176,-0.62004
91,46,418.56574,9.10176,-0.62004
92,1,-1.63017,10.80203,-1.49224
92,6,52.68983,10.80203,-1.49224
92,11,111.4316,10.80203,-1.49224
92,16,172.06102,10.80203,-1.49224
92,21,228.70179,10.80203,-1.49224
92,26,281.6901,10.80203,-1.49224
92,31,335.81853,10.80203,-1.49224
92,36,392.41605,10.80203,-1.49224
92,41,444.44536,10.80203,-1.49224
92,46,501.07637,10.80203,-1.49224
93,1,10.92373,8.93699,-3.37598
93,6,50.38877,8.93699,-3.37598
93,11,97.47401,8.93699,-3.37598
93,16,137.67541,8.93699,-3.37598
93,21,182.94007,8.93699,-3.37598
93,26,230.3306,8.93699,-3.37598
93,31,275.48356,8.93699,-3.37598
93,36,318.63968,8.93699,-3.37598
93,41,368.6671,8.93699,-3.37598
93,46,413.01522,8.93699,-3.37598
94,1,14.32438,10.01428,3.14509
94,6,64.03236,10.01428,3.14509
94,11,114.56531,10.01428,3.14509
94,16,158.54324,10.01428,3.14509
94,21,210.92545,10.01428,3.14509
94,26,260.27289,10.01428,3.14509
94,31,321.04246,10.01428,3.14509
94,36,368.89783,10.01428,3.14509
94,41,421.34591,10.01428,3.14509
94,46,465.34306,10.01428,3.14509
95,1,24.39423,10.08016,1.466
95,6,68.67133,10.08016,1.466
95,11,111.72581,10.08016,1.466
95,16,164.1739,10.08016,1.466
95,21,210.89836,10.08016,1.466
95,26,260.45027,10.08016,1.466
95,31,314.64689,10.08016,1.466
95,36,368.87209,10.08016,1.466
95,41,417.18031,10.08016,1.466
95,46,475.57551,10.08016,1.466
96,1,18.60345,10.67244,6.13923
96,6,65.04371,10.67244,6.13923
96,11,121.06367,10.67244,6.13923
96,16,175.60855,10.67244,6.13923
96,21,231.96427,10.67244,6.13923
96,26,285.52128,10.67244,6.13923
96,31,340.64253,10.67244,6.13923
96,36,387.36324,10.67244,6.13923
96,41,448.91715,10.67244,6.13923
96,46,495.33189,10.67244,6.13923
97,1,6.47873,9.48699,1.71671
97,6,64.61469,9.48699,1.71671
97,11,110.18323,9.48699,1.71671
97,16,149.15687,9.48699,1.71671
97,21,205.97986,9.48699,1.71671
97,26,244.79537,9.48699,1.71671
97,31,293.95396,9.48699,1.71671
97,36,335.4201,9.48699,1.71671
97,41,389.0707,9.48699,1.71671
97,46,430.12341,9.48699,1.71671
98,1,8.35092,10.59761,-0.88999
98,6,65.29221,10.59761,-0.88999
98,11,123.10913,10.59761,-0.88999
98,16,166.24316,10.59761,-0.88999
98,21,218.66597,10.59761,-0.88999
98,26,282.1449,10.59761,-0.88999
98,31,320.61629,10.59761,-0.88999
98,36,373.95585,10.59761,-0.88999
98,41,434.6781,10.59761,-0.88999
98,46,481.82642,10.59761,-0.88999
99,1,10.74941,10.25966,0.45732
99,6,61.82665,10.25966,0.45732
99,11,103.86338,10.25966,0.45732
99,16,167.91887,10.25966,0.45732
99,21,220.40744,10.25966,0.45732
99,26,265.10896,10.25966,0.45732
99,31,323.64154,10.25966,0.45732
99,36,366.21279,10.25966,0.45732
99,41,420.59328,10.25966,0.45732
99,46,463.2231,10.25966,0.45732
100,1,5.76113,9.98114,1.01297
100,6,58.51574,9.98114,1.01297
100,11,117.58388,9.98114,1.01297
100,16,153.32616,9.98114,1.01297
100,21,208.66667,9.98114,1.01297
100,26,268.41155,9.98114,1.01297
100,31,314.26881,9.98114,1.01297
100,36,354.61185,9.98114,1.01297
100,41,415.20514,9.98114,1.01297
100,46,454.39941,9.98114,1.01297
101,1,4.97458,9.76159,-1.09319
101,6,56.03811,9.76159,-1.09319
101,11,101.94518,9.76159,-1.09319
101,16,149.68208,9.76159,-1.09319
101,21,192.60504,9.76159,-1.09319
101,26,253.06784,9.76159,-1.09319
101,31,302.38599,9.76159,-1.09319
101,36,353.27018,9.76159,-1.09319
101,41,401.14977,9.76159,-1.09319
101,46,445.17583,9.76159,-1.09319
102,1,10.40081,9.85617,-0.47753
102,6,57.3352,9.85617,-0.47753
102,11,103.61482,9.85617,-0.47753
102,16,150.98981,9.85617,-0.47753
102,21,199.9657,9.85617,-0.47753
102,26,249.95629,9.85617,-0.47753
102,31,300.32675,9.85617,-0.47753
102,36,349.60429,9.85617,-0.47753
102,41,400.74906,9.85617,-0.47753
102,46,456.59499,9.85617,-0.47753
103,1,7.38595,9.86757,1.40887
103,6,59.7733,9.86757,1.40887
103,11,103.66132,9.86757,1.40887
103,16,167.33871,9.86757,1.40887
103,21,210.29156,9.86757,1.40887
103,26,253.42388,9.86757,1.40887
103,31,298.35089,9.86757,1.40887
103,36,349.22526,9.86757,1.40887
103,41,404.63594,9.86757,1.40887
103,46,463.15463,9.86757,1.40887
104,1,10.45145,9.9159,-0.5562
104,6,61.8374,9.9159,-0.5562
104,11,111.32744,9.9159,-0.5562
104,16,158.39113,9.9159,-0.5562
104,21,192.7552,9.9159,-0.5562
104,26,253.77392,9.9159,-0.5562
104,31,315.77085,9.9159,-0.5562
104,36,344.42324,9.9159,-0.5562
104,41,408.04579,9.9159,-0.5562
104,46,448.14363,9.9159,-0.5562
105,1,17.89714,10.28982,1.4367
105,6,66.448,10.28982,1.4367
105,11,119.14481,10.28982,1.4367
105,16,163.60336,10.28982,1.4367
105,21,213.11805,10.28982,1.4367
105,26,265.59574,10.28982,1.4367
105,31,320.60362,10.28982,1.4367
105,36,369.68211,10.28982,1.4367
105,41,426.74841,10.28982,1.4367
105,46,471.23735,10.28982,1.4367
106,1,19.3457,10.32724,3.46825
106,6,72.11935,10.32724,3.46825
106,11,121.20475,10.32724,3.46825
106,16,171.12638,10.32724,3.46825
106,21,213.50468,10.32724,3.46825
106,26,274.72124,10.32724,3.46825
106,31,322.39815,10.32724,3.46825
106,36,372.48389,10.32724,3.46825
106,41,417.10765,10.32724,3.46825
106,46,483.30227,10.32724,3.46825
107,1,10.56786,10.66877,3.22009
107,6,63.48062,10.66877,3.22009
107,11,118.33205,10.66877,3.22009
107,16,175.64327,10.66877,3.22009
107,21,217.41438,10.66877,3.22009
107,26,276.33502,10.66877,3.22009
107,31,338.47762,10.66877,3.22009
107,36,390.18198,10.66877,3.22009
107,41,437.48299,10.66877,3.22009
107,46,501.33465,10.66877,3.22009
108,1,5.81834,9.62479,-0.3284
108,6,62.59214,9.62479,-0.3284
108,11,104.76509,9.62479,-0.3284
108,16,156.87459,9.62479,-0.3284
108,21,199.82719,9.62479,-0.3284
108,26,246.51637,9.62479,-0.3284
108,31,301.53749,9.62479,-0.3284
108,36,343.39777,9.62479,-0.3284
108,41,395.0761,9.62479,-0.3284
108,46,439.32147,9.62479,-0.3284
109,1,13.35613,10.51718,-0.39122
109,6,61.99181,10.51718,-0.39122
109,11,115.76066,10.51718,-0.39122
109,16,164.66498,10.51718,-0.39122
109,21,211.61909,10.51718,-0.39122
109,26,271.71728,10.51718,-0.39122
109,31,325.03485,10.51718,-0.39122
109,36,385.52714,10.51718,-0.39122
109,41,430.75239,10.51718,-0.39122
109,46,483.15694,10.51718,-0.39122
110,1,10.78581,9.928,2.29207
110,6,55.76271,9.928,2.29207
110,11,99.86415,9.928,2.29207
110,16,173.23887,9.928,2.29207
110,21,207.01438,9.928,2.29207
110,26,263.31437,9.928,2.29207
110,31,305.91053,9.928,2.29207
110,36,362.01307,9.928,2.29207
110,41,409.55185,9.928,2.29207
110,46,460.00662,9.928,2.29207
111,1,16.24541,9.39027,0.4263
111,6,56.00968,9.39027,0.4263
111,11,100.42252,9.39027,0.4263
111,16,155.09944,9.39027,0.4263
111,21,196.55647,9.39027,0.4263
111,26,250.51349,9.39027,0.4263
111,31,298.42176,9.39027,0.4263
111,36,337.5813,9.39027,0.4263
111,41,380.41491,9.39027,0.4263
111,46,428.83983,9.39027,0.4263
112,1,12.60033,9.92418,3.57154
112,6,59.50269,9.92418,3.57154
112,11,118.65352,9.92418,3.57154
112,16,156.13852,9.92418,3.57154
112,21,205.26299,9.92418,3.57154
112,26,271.87537,9.92418,3.57154
112,31,309.75871,9.92418,3.57154
112,36,365.71621,9.92418,3.57154
112,41,405.83416,9.92418,3.57154
112,46,455.76566,9.92418,3.57154
113,1,3.03621,9.63861,0.64184
113,6,59.70442,9.63861,0.64184
113,11,105.3767,9.63861,0.64184
113,16,153.30417,9.63861,0.64184
113,21,207.88704,9.63861,0.64184
113,26,252.20559,9.63861,0.64184
113,31,298.14792,9.63861,0.64184
113,36,346.85846,9.63861,0.64184
113,41,397.44901,9.63861,0.64184
113,46,454.17226,9.63861,0.64184
114,1,11.86884,10.12309,-1.8977
114,6,60.44833,10.12309,-1.8977
114,11,109.19487,10.12309,-1.8977
114,16,164.35378,10.12309,-1.8977
114,21,222.51404,10.12309,-1.8977
114,26,260.91744,10.12309,-1.8977
114,31,310.94002,10.12309,-1.8977
114,36,365.10252,10.12309,-1.8977
114,41,407.72808,10.12309,-1.8977
114,46,467.52012,10.12309,-1.8977
115,1,7.45744,10.16075,2.45738
115,6,59.24082,10.16075,2.45738
115,11,119.42145,10.16075,2.45738
115,16,158.89769,10.16075,2.45738
115,21,213.78429,10.16075,2.45738
115,26,268.15921,10.16075,2.45738
115,31,310.63125,10.16075,2.45738
115,36,373.61147,10.16075,2.45738
115,41,416.5967,10.16075,2.45738
115,46,471.34553,10.16075,2.45738
116,1,8.02164,9.5819,-1.06427
116,6,59.37847,9.5819,-1.06427
116,11,100.95098,9.5819,-1.06427
116,16,146.0551,9.5819,-1.06427
116,21,196.29972,9.5819,-1.06427
116,26,248.15845,9.5819,-1.06427
116,31,299.92997,9.5819,-1.06427
116,36,338.2493,9.5819,-1.06427
116,41,387.00055,9.5819,-1.06427
116,46,442.16121,9.5819,-1.06427
117,1,16.64546,10.29514,0.80161
117,6,64.11618,10.29514,0.80161
117,11,114.57012,10.29514,0.80161
117,16,169.80055,10.29514,0.80161
117,21,225.81935,10.29514,0.80161
117,26,269.76965,10.29514,0.80161
117,31,327.45262,10.29514,0.80161
117,36,374.36773,10.29514,0.80161
117,41,425.42592,10.29514,0.80161
117,46,469.58157,10.29514,0.80161
118,1,18.58307,10.15437,3.21949
118,6,64.22672,10.15437,3.21949
118,11,114.62217,10.15437,3.21949
118,16,160.31147,10.15437,3.21949
118,21,209.98231,10.15437,3.21949
118,26,265.01902,10.15437,3.21949
118,31,319.01061,10.15437,3.21949
118,36,371.42664,10.15437,3.21949
118,41,418.57013,10.15437,3.21949
118,46,460.79734,10.15437,3.21949
119,1,16.45177,10.0081,3.08368
119,6,65.25306,10.0081,3.08368
119,11,109.50095,10.0081,3.08368
119,16,161.45313,10.0081,3.08368
119,21,215.96919,10.0081,3.08368
119,26,271.76258,10.0081,3.08368
119,31,315.05622,10.0081,3.08368
119,36,365.4544,10.0081,3.08368
119,41,417.4824,10.0081,3.08368
119,46,468.01046,10.0081,3.08368
120,1,9.1662,10.21208,2.34399
120,6,66.41955,10.21208,2.34399
120,11,112.60165,10.21208,2.34399
120,16,175.09892,10.21208,2.34399
120,21,214.19047,10.21208,2.34399
120,26,265.94524,10.21208,2.34399
120,31,312.9943,10.21208,2.34399
120,36,376.06486,10.21208,2.34399
120,41,412.06068,10.21208,2.34399
120,46,464.73435,10.21208,2.34399
121,1,2.25409,10.28031,-0.35595
121,6,56.12634,10.28031,-0.35595
121,11,109.0239,10.28031,-0.35595
121,16,169.83326,10.28031,-0.35595
121,21,228.49567,10.28031,-0.35595
121,26,270.38216,10.28031,-0.35595
121,31,318.67445,10.28031,-0.35595
121,36,371.55448,10.28031,-0.35595
121,41,419.99042,10.28031,-0.35595
121,46,477.16716,10.28031,-0.35595
122,1,1.4314,9.48004,-2.06811
122,6,56.95223,9.48004,-2.06811
122,11,102.23207,9.48004,-2.06811
122,16,146.44583,9.48004,-2.06811
122,21,200.38763,9.48004,-2.06811
122,26,248.94185,9.48004,-2.06811
122,31,294.82721,9.48004,-2.06811
122,36,331.53224,9.48004,-2.06811
122,41,393.26542,9.48004,-2.06811
122,46,437.5497,9.48004,-2.06811
123,1,16.1563,10.21401,-1.39221
123,6,57.40174,10.21401,-1.39221
123,11,113.92332,10.21401,-1.39221
123,16,161.62109,10.21401,-1.39221
123,21,208.88035,10.21401,-1.39221
123,26,269.03844,10.21401,-1.39221
123,31,309.95526,10.21401,-1.39221
123,36,357.7997,10.21401,-1.39221
123,41,413.26313,10.21401,-1.39221
123,46,466.34677,10.21401,-1.39221
124,1,14.04494,9.75099,3.9338
124,6,63.10509,9.75099,3.9338
124,11,115.40245,9.75099,3.9338
124,16,162.90919,9.75099,3.9338
124,21,210.75654,9.75099,3.9338
124,26,251.96875,9.75099,3.9338
124,31,308.86327,9.75099,3.9338
124,36,355.41097,9.75099,3.9338
124,41,405.69734,9.75099,3.9338
124,46,445.15427,9.75099,3.9338
125,1,20.21751,10.06653,1.14406
125,6,53.51234,10.06653,1.14406
125,11,106.33824,10.06653,1.14406
125,16,159.77828,10.06653,1.14406
125,21,216.3312,10.06653,1.14406
125,26,262.05675,10.06653,1.14406
125,31,317.71438,10.06653,1.14406
125,36,367.73392,10.06653,1.14406
125,41,410.1832,10.06653,1.14406
125,46,471.72891,10.06653,1.14406
126,1,18.9283,9.19691,4.60277
126,6,59.10807,9.19691,4.60277
126,11,103.24325,9.19691,4.60277
126,16,158.0657,9.19691,4.60277
126,21,195.14752,9.19691,4.60277
126,26,247.15927,9.19691,4.60277
126,31,285.01151,9.19691,4.60277
126,36,332.84223,9.19691,4.60277
126,41,376.39395,9.19691,4.60277
126,46,426.91568,9.19691,4.60277
127,1,8.20135,9.93239,3.05145
127,6,69.83266,9.93239,3.05145
127,11,115.47721,9.93239,3.05145
127,16,175.62282,9.93239,3.05145
127,21,209.49214,9.93239,3.05145
127,26,264.08418,9.93239,3.05145
127,31,307.38311,9.93239,3.05145
127,36,355.01362,9.93239,3.05145
127,41,396.99572,9.93239,3.05145
127,46,461.41297,9.93239,3.05145
128,1,10.30809,10.71869,-0.91299
128,6,62.66913,10.71869,-0.91299
128,11,119.31168,10.71869,-0.91299
128,16,169.25648,10.71869,-0.91299
128,21,218.31619,10.71869,-0.91299
128,26,277.86011,10.71869,-0.91299
128,31,335.60688,10.71869,-0.91299
128,36,389.21462,10.71869,-0.91299
128,41,440.39427,10.71869,-0.91299
128,46,494.7825,10.71869,-0.91299
129,1,5.02482,9.927,1.20096
129,6,68.8864,9.927,1.20096
129,11,108.99948,9.927,1.20096
129,16,161.64582,9.927,1.20096
129,21,206.09729,9.927,1.20096
129,26,259.0194,9.927,1.20096
129,31,305.68996,9.927,1.20096
129,36,354.42883,9.927,1.20096
129,41,405.65024,9.927,1.20096
129,46,459.52837,9.927,1.20096
130,1,11.26922,10.81234,-1.44126
130,6,65.84727,10.81234,-1.44126
130,11,119.43568,10.81234,-1.44126
130,16,166.00678,10.81234,-1.44126
130,21,227.717,10.81234,-1.44126
130,26,279.86197,10.81234,-1.44126
130,31,327.44952,10.81234,-1.44126
130,36,389.49285,10.81234,-1.44126
130,41,442.17955,10.81234,-1.44126
130,46,496.83593,10.81234,-1.44126
131,1,14.17532,10.24145,1.75925
131,6,61.08943,10.24145,1.75925
131,11,119.35994,10.24145,1.75925
131,16,162.54396,10.24145,1.75925
131,21,222.7838,10.24145,1.75925
131,26,264.83513,10.24145,1.75925
131,31,310.37958,10.24145,1.75925
131,36,366.86946,10.24145,1.75925
131,41,416.41251,10.24145,1.75925
131,46,469.30974,10.24145,1.75925
132,1,14.35822,9.78815,1.86985
132,6,55.83309,9.78815,1.86985
132,11,111.10286,9.78815,1.86985
132,16,161.79528,9.78815,1.86985
132,21,198.84119,9.78815,1.86985
132,26,254.89658,9.78815,1.86985
132,31,302.75342,9.78815,1.86985
132,36,353.93804,9.78815,1.86985
132,41,410.01667,9.78815,1.86985
132,46,459.58655,9.78815,1.86985
133,1,8.48145,9.52343,2.08009
133,6,51.59947,9.52343,2.08009
133,11,104.61623,9.52343,2.08009
133,16,147.59364,9.52343,2.08009
133,21,199.86195,9.52343,2.08009
133,26,251.64078,9.52343,2.08009
133,31,299.85024,9.52343,2.08009
133,36,343.22322,9.52343,2.08009
133,41,397.52007,9.52343,2.08009
133,46,445.0399,9.52343,2.08009
134,1,6.98392,9.23788,-0.24883
134,6,51.48412,9.23788,-0.24883
134,11,103.80426,9.23788,-0.24883
134,16,150.09281,9.23788,-0.24883
134,21,208.90376,9.23788,-0.24883
134,26,236.27349,9.23788,-0.24883
134,31,286.6319,9.23788,-0.24883
134,36,336.82982,9.23788,-0.24883
134,41,373.57215,9.23788,-0.24883
134,46,425.93572,9.23788,-0.24883
135,1,16.06263,9.63057,0.19795
135,6,60.40444,9.63057,0.19795
135,11,102.23724,9.63057,0.19795
135,16,152.97679,9.63057,0.19795
135,21,204.7412,9.63057,0.19795
135,26,245.98326,9.63057,0.19795
135,31,300.09657,9.63057,0.19795
135,36,347.97602,9.63057,0.19795
135,41,388.80733,9.63057,0.19795
135,46,445.76717,9.63057,0.19795
136,1,5.43426,10.24231,3.49365
136,6,57.04252,10.24231,3.49365
136,11,108.36789,10.24231,3.49365
136,16,168.09833,10.24231,3.49365
136,21,215.46323,10.24231,3.49365
136,26,264.35225,10.24231,3.49365
136,31,313.05353,10.24231,3.49365
136,36,380.52401,10.24231,3.49365
136,41,420.36804,10.24231,3.49365
136,46,476.28627,10.24231,3.49365
137,1,1.97942,9.2095,-2.32068
137,6,61.03079,9.2095,-2.32068
137,11,90.3836,9.2095,-2.32068
137,16,142.70563,9.2095,-2.32068
137,21,192.18246,9.2095,-2.32068
137,26,233.08337,9.2095,-2.32068
137,31,285.72752,9.2095,-2.32068
137,36,323.45797,9.2095,-2.32068
137,41,369.36725,9.2095,-2.32068
137,46,421.35623,9.2095,-2.32068
138,1,6.90883,10.80945,-0.96376
138,6,65.26815,10.80945,-0.96376
138,11,115.69757,10.80945,-0.96376
138,16,170.77771,10.80945,-0.96376
138,21,234.06999,10.80945,-0.96376
138,26,286.77338,10.80945,-0.96376
138,31,323.36675,10.80945,-0.96376
138,36,382.72109,10.80945,-0.96376
138,41,434.10712,10.80945,-0.96376
138,46,496.91252,10.80945,-0.96376
139,1,5.24909,10.13752,-0.17474
139,6,57.90327,10.13752,-0.17474
139,11,114.87106,10.13752,-0.17474
139,16,161.35985,10.13752,-0.17474
139,21,215.79054,10.13752,-0.17474
139,26,257.84226,10.13752,-0.17474
139,31,318.72477,10.13752,-0.17474
139,36,367.7428,10.13752,-0.17474
139,41,414.31662,10.13752,-0.17474
139,46,469.99436,10.13752,-0.17474
140,1,5.15083,9.72529,-0.88548
140,6,61.17201,9.72529,-0.88548
140,11,109.06772,9.72529,-0.88548
140,16,146.56902,9.72529,-0.88548
140,21,200.91314,9.72529,-0.88548
140,26,244.89781,9.72529,-0.88548
140,31,307.80161,9.72529,-0.88548
140,36,344.07172,9.72529,-0.88548
140,41,398.42187,9.72529,-0.88548
140,46,441.3155,9.72529,-0.88548
141,1,12.15001,10.37058,-0.47559
141,6,72.46107,10.37058,-0.47559
141,11,115.74715,10.37058,-0.47559
141,16,164.98943,10.37058,-0.47559
141,21,216.45473,10.37058,-0.47559
141,26,277.67936,10.37058,-0.47559
141,31,328.83404,10.37058,-0.47559
141,36,377.79521,10.37058,-0.47559
141,41,416.44642,10.37058,-0.47559
141,46,469.16382,10.37058,-0.47559
142,1,9.3661,11.07132,1.90201
142,6,75.37646,11.07132,1.90201
142,11,113.61294,11.07132,1.90201
142,16,179.96721,11.07132,1.90201
142,21,235.12421,11.07132,1.90201
142,26,292.93996,11.07132,1.90201
142,31,340.54569,11.07132,1.90201
142,36,405.61105,11.07132,1.90201
142,41,448.53467,11.07132,1.90201
142,46,513.36306,11.07132,1.90201
143,1,7.65768,10.70465,-0.44289
143,6,70.49906,10.70465,-0.44289
143,11,112.06597,10.70465,-0.44289
143,16,172.16842,10.70465,-0.44289
143,21,223.79079,10.70465,-0.44289
143,26,270.40918,10.70465,-0.44289
143,31,329.31313,10.70465,-0.44289
143,36,386.83588,10.70465,-0.44289
143,41,437.5833,10.70465,-0.44289
143,46,495.81402,10.70465,-0.44289
144,1,13.96127,10.6714,-0.04163
144,6,49.39459,10.6714,-0.04163
144,11,130.77874,10.6714,-0.04163
144,16,167.63268,10.6714,-0.04163
144,21,226.93376,10.6714,-0.04163
144,26,272.71933,10.6714,-0.04163
144,31,328.15761,10.6714,-0.04163
144,36,389.87739,10.6714,-0.04163
144,41,433.35047,10.6714,-0.04163
144,46,488.6914,10.6714,-0.04163
145,1,5.8889,8.54078,2.3326
145,6,53.36627,8.54078,2.3326
145,11,92.44701,8.54078,2.3326
145,16,135.14738,8.54078,2.3326
145,21,183.63921,8.54078,2.3326
145,26,223.30148,8.54078,2.3326
145,31,274.50251,8.54078,2.3326
145,36,299.23838,8.54078,2.3326
145,41,343.19512,8.54078,2.3326
145,46,395.36999,8.54078,2.3326
146,1,1.21048,9.9789,-0.99379
146,6,55.68055,9.9789,-0.99379
146,11,109.21968,9.9789,-0.99379
146,16,163.84888,9.9789,-0.99379
146,21,217.51536,9.9789,-0.99379
146,26,260.60522,9.9789,-0.99379
146,31,306.00617,9.9789,-0.99379
146,36,363.45111,9.9789,-0.99379
146,41,404.19182,9.9789,-0.99379
146,46,461.25241,9.9789,-0.99379
147,1,7.92268,9.68009,-2.10985
147,6,56.17811,9.68009,-2.10985
147,11,102.41397,9.68009,-2.10985
147,16,149.02793,9.68009,-2.10985
147,21,207.66139,9.68009,-2.10985
147,26,250.53376,9.68009,-2.10985
147,31,298.52574,9.68009,-2.10985
147,36,351.00121,9.68009,-2.10985
147,41,391.5553,9.68009,-2.10985
147,46,442.34791,9.68009,-2.10985
148,1,9.31553,10.02074,1.14097
148,6,53.76456,10.02074,1.14097
148,11,112.02954,10.02074,1.14097
148,16,159.55589,10.02074,1.14097
148,21,214.34883,10.02074,1.14097
148,26,266.23932,10.02074,1.14097
148,31,309.55402,10.02074,1.14097
148,36,361.42376,10.02074,1.14097
148,41,422.98711,10.02074,1.14097
148,46,465.20746,10.02074,1.14097
149,1,2.61529,9.24992,0.26153
149,6,47.40982,9.24992,0.26153
149,11,111.80997,9.24992,0.26153
149,16,143.73605,9.24992,0.26153
149,21,189.85299,9.24992,0.26153
149,26,241.85818,9.24992,0.26153
149,31,288.19888,9.24992,0.26153
149,36,330.33155,9.24992,0.26153
149,41,373.29301,9.24992,0.26153
149,46,422.93714,9.24992,0.26153
150,1,3.5919,9.16488,-1.75846
150,6,53.11387,9.16488,-1.75846
150,11,96.74112,9.16488,-1.75846
150,16,143.59325,9.16488,-1.75846
150,21,189.5036,9.16488,-1.75846
150,26,230.24751,9.16488,-1.75846
150,31,279.95594,9.16488,-1.75846
150,36,325.64925,9.16488,-1.75846
150,41,366.3118,9.16488,-1.75846
150,46,421.96911,9.16488,-1.75846
151,1,5.77056,9.98831,-0.52581
151,6,49.84775,9.98831,-0.52581
151,11,108.51112,9.98831,-0.52581
151,16,158.03562,9.98831,-0.52581
151,21,209.00975,9.98831,-0.52581
151,26,266.52476,9.98831,-0.52581
151,31,317.60167,9.98831,-0.52581
151,36,355.37385,9.98831,-0.52581
151,41,412.97491,9.98831,-0.52581
151,46,466.11795,9.98831,-0.52581
152,1,5.55732,9.04437,-0.47677
152,6,52.40115,9.04437,-0.47677
152,11,104.95172,9.04437,-0.47677
152,16,144.01784,9.04437,-0.47677
152,21,184.15093,9.04437,-0.47677
152,26,235.10963,9.04437,-0.47677
152,31,285.53435,9.04437,-0.47677
152,36,326.45476,9.04437,-0.47677
152,41,369.15956,9.04437,-0.47677
152,46,421.14854,9.04437,-0.47677
153,1,1.15881,9.86117,-0.20411
153,6,61.61394,9.86117,-0.20411
153,11,101.26991,9.86117,-0.20411
153,16,150.81902,9.86117,-0.20411
153,21,198.72961,9.86117,-0.20411
153,26,253.81169,9.86117,-0.20411
153,31,310.28918,9.86117,-0.20411
153,36,353.65833,9.86117,-0.20411
153,41,404.63541,9.86117,-0.20411
153,46,454.37132,9.86117,-0.20411
154,1,11.9283,10.2651,-2.3993
154,6,55.4838,10.2651,-2.3993
154,11,110.08836,10.2651,-2.3993
154,16,160.51065,10.2651,-2.3993
154,21,208.68146,10.2651,-2.3993
154,26,261.70632,10.2651,-2.3993
154,31,321.01123,10.2651,-2.3993
154,36,369.42608,10.2651,-2.3993
154,41,427.39996,10.2651,-2.3993
154,46,471.07076,10.2651,-2.3993
155,1,5.03337,9.62925,2.625
155,6,62.13252,9.62925,2.625
155,11,110.1648,9.62925,2.625
155,16,161.63435,9.62925,2.625
155,21,204.23149,9.62925,2.625
155,26,253.18356,9.62925,2.625
155,31,296.4428,9.62925,2.625
155,36,357.57334,9.62925,2.625
155,41,398.27984,9.62925,2.625
155,46,445.91975,9.62925,2.625
156,1,7.6659,10.1732,-1.88835
156,6,63.30364,10.1732,-1.88835
156,11,107.2159,10.1732,-1.88835
156,16,157.2451,10.1732,-1.88835
156,21,213.12059,10.1732,-1.88835
156,26,265.73132,10.1732,-1.88835
156,31,313.81078,10.1732,-1.88835
156,36,360.19396,10.1732,-1.88835
156,41,413.91769,10.1732,-1.88835
156,46,464.23828,10.1732,-1.88835
157,1,4.71599,10.41528,0.75242
157,6,67.15403,10.41528,0.75242
157,11,118.29426,10.41528,0.75242
157,16,169.91031,10.41528,0.75242
157,21,226.07327,10.41528,0.75242
157,26,269.7143,10.41528,0.75242
157,31,316.76697,10.41528,0.75242
157,36,369.3029,10.41528,0.75242
157,41,427.57203,10.41528,0.75242
157,46,479.39176,10.41528,0.75242
158,1,12.11705,10.39099,-1.58068
158,6,66.97732,10.39099,-1.58068
158,11,114.35775,10.39099,-1.58068
158,16,170.5058,10.39099,-1.58068
158,21,224.82928,10.39099,-1.58068
158,26,269.06492,10.39099,-1.58068
158,31,317.47866,10.39099,-1.58068
158,36,359.56773,10.39099,-1.58068
158,41,427.37425,10.39099,-1.58068
158,46,466.25555,10.39099,-1.58068
159,1,23.65197,10.6212,2.32269
159,6,60.71336,10.6212,2.32269
159,11,117.58344,10.6212,2.32269
159,16,180.6899,10.6212,2.32269
159,21,232.59988,10.6212,2.32269
159,26,275.84077,10.6212,2.32269
159,31,326.4929,10.6212,2.32269
159,36,385.62296,10.6212,2.32269
159,41,436.60898,10.6212,2.32269
159,46,494.20961,10.6212,2.32269
160,1,13.44977,9.46634,5.28323
160,6,67.74367,9.46634,5.28323
160,11,113.148,9.46634,5.28323
160,16,154.59364,9.46634,5.28323
160,21,206.35118,9.46634,5.28323
160,26,245.04878,9.46634,5.28323
160,31,294.80626,9.46634,5.28323
160,36,343.67124,9.46634,5.28323
160,41,392.62751,9.46634,5.28323
160,46,429.30197,9.46634,5.28323
161,1,13.03792,10.56624,0.48008
161,6,65.44498,10.56624,0.48008
161,11,109.97079,10.56624,0.48008
161,16,174.2439,10.56624,0.48008
161,21,220.03649,10.56624,0.48008
161,26,273.59396,10.56624,0.48008
161,31,333.25063,10.56624,0.48008
161,36,370.02757,10.56624,0.48008
161,41,436.37157,10.56624,0.48008
161,46,493.63405,10.56624,0.48008
162,1,10.42207,10.15675,1.79664
162,6,62.81794,10.15675,1.79664
162,11,112.20324,10.15675,1.79664
162,16,169.99789,10.15675,1.79664
162,21,208.17635,10.15675,1.79664
162,26,258.64637,10.15675,1.79664
162,31,319.42457,10.15675,1.79664
162,36,366.96764,10.15675,1.79664
162,41,417.80245,10.15675,1.79664
162,46,474.38696,10.15675,1.79664
163,1,8.3393,10.00808,0.38747
163,6,59.18153,10.00808,0.38747
163,11,101.22999,10.00808,0.38747
163,16,164.82294,10.00808,0.38747
163,21,207.06799,10.00808,0.38747
163,26,265.3048,10.00808,0.38747
163,31,311.85075,10.00808,0.38747
163,36,356.5294,10.00808,0.38747
163,41,413.49975,10.00808,0.38747
163,46,459.0864,10.00808,0.38747
164,1,12.81589,9.87456,0.1775
164,6,60.17155,9.87456,0.1775
164,11,116.27934,9.87456,0.1775
164,16,157.6196,9.87456,0.1775
164,21,204.18576,9.87456,0.1775
164,26,263.18527,9.87456,0.1775
164,31,311.01447,9.87456,0.1775
164,36,360.40274,9.87456,0.1775
164,41,409.54711,9.87456,0.1775
164,46,452.20229,9.87456,0.1775
165,1,12.03124,10.07467,2.10554
165,6,67.0804,10.07467,2.10554
165,11,120.32149,10.07467,2.10554
165,16,164.07565,10.07467,2.10554
165,21,209.24729,10.07467,2.10554
165,26,265.54522,10.07467,2.10554
165,31,315.11904,10.07467,2.10554
165,36,374.90031,10.07467,2.10554
165,41,416.16288,10.07467,2.10554
165,46,462.11862,10.07467,2.10554
166,1,6.62092,10.45268,0.94041
166,6,64.22263,10.45268,0.94041
166,11,114.47953,10.45268,0.94041
166,16,169.01565,10.45268,0.94041
166,21,215.8205,10.45268,0.94041
166,26,265.41017,10.45268,0.94041
166,31,325.27109,10.45268,0.94041
166,36,384.75542,10.45268,0.94041
166,41,427.10376,10.45268,0.94041
166,46,482.50924,10.45268,0.94041
167,1,15.04728,10.05661,-0.90887
167,6,64.7122,10.05661,-0.90887
167,11,104.79695,10.05661,-0.90887
167,16,163.88751,10.05661,-0.90887
167,21,207.17706,10.05661,-0.90887
167,26,246.51861,10.05661,-0.90887
167,31,299.32013,10.05661,-0.90887
167,36,361.78004,10.05661,-0.90887
167,41,414.56717,10.05661,-0.90887
167,46,462.48923,10.05661,-0.90887
168,1,12.83193,10.52814,3.35982
168,6,71.36661,10.52814,3.35982
168,11,129.99927,10.52814,3.35982
168,16,172.78897,10.52814,3.35982
168,21,226.63188,10.52814,3.35982
168,26,283.18811,10.52814,3.35982
168,31,331.11809,10.52814,3.35982
168,36,387.53298,10.52814,3.35982
168,41,431.34935,10.52814,3.35982
168,46,486.62732,10.52814,3.35982
169,1,8.30616,10.4838,0.57759
169,6,64.48545,10.4838,0.57759
169,11,108.22535,10.4838,0.57759
169,16,171.93827,10.4838,0.57759
169,21,217.3973,10.4838,0.57759
169,26,278.77679,10.4838,0.57759
169,31,316.70877,10.4838,0.57759
169,36,374.73587,10.4838,0.57759
169,41,432.46501,10.4838,0.57759
169,46,482.29394,10.4838,0.57759
170,1,12.39097,10.10051,-0.10209
170,6,62.57606,10.10051,-0.10209
170,11,120.28255,10.10051,-0.10209
170,16,161.85872,10.10051,-0.10209
170,21,214.32736,10.10051,-0.10209
170,26,251.87974,10.10051,-0.10209
170,31,308.47329,10.10051,-0.10209
170,36,365.73802,10.10051,-0.10209
170,41,406.39939,10.10051,-0.10209
170,46,463.71575,10.10051,-0.10209
171,1,9.72074,10.20751,1.95702
171,6,66.06452,10.20751,1.95702
171,11,116.62043,10.20751,1.95702
171,16,164.58657,10.20751,1.95702
171,21,211.962,10.20751,1.95702
171,26,268.63306,10.20751,1.95702
171,31,316.05705,10.20751,1.95702
171,36,359.98858,10.20751,1.95702
171,41,416.67476,10.20751,1.95702
171,46,474.88859,10.20751,1.95702
172,1,12.5979,10.28624,0.02248
172,6,54.44138,10.28624,0.02248
172,11,113.392,10.28624,0.02248
172,16,167.2774,10.28624,0.02248
172,21,211.62225,10.28624,0.02248
172,26,261.69886,10.28624,0.02248
172,31,310.64058,10.28624,0.02248
172,36,368.2344,10.28624,0.02248
172,41,425.32034,10.28624,0.02248
172,46,467.19903,10.28624,0.02248
173,1,13.10337,9.27014,1.91567
173,6,64.13523,9.27014,1.91567
173,11,104.02267,9.27014,1.91567
173,16,151.89072,9.27014,1.91567
173,21,197.20859,9.27014,1.91567
173,26,243.97171,9.27014,1.91567
173,31,286.16728,9.27014,1.91567
173,36,330.36175,9.27014,1.91567
173,41,379.92676,9.27014,1.91567
173,46,426.79686,9.27014,1.91567
174,1,7.66904,10.65987,1.76702
174,6,70.89734,10.65987,1.76702
174,11,117.98909,10.65987,1.76702
174,16,171.9717,10.65987,1.76702
174,21,229.30621,10.65987,1.76702
174,26,270.43272,10.65987,1.76702
174,31,329.09422,10.65987,1.76702
174,36,381.85267,10.65987,1.76702
174,41,430.23771,10.65987,1.76702
174,46,493.61933,10.65987,1.76702
175,1,6.53262,10.51711,-0.90314
175,6,64.75965,10.51711,-0.90314
175,11,104.62834,10.51711,-0.90314
175,16,164.33919,10.51711,-0.90314
175,21,221.98633,10.51711,-0.90314
175,26,272.24838,10.51711,-0.90314
175,31,329.21669,10.51711,-0.90314
175,36,383.17916,10.51711,-0.90314
175,41,425.41686,10.51711,-0.90314
175,46,483.70676,10.51711,-0.90314
176,1,12.78302,10.25601,-0.23254
176,6,66.67433,10.25601,-0.23254
176,11,103.71926,10.25601,-0.23254
176,16,166.01816,10.25601,-0.23254
176,21,209.65025,10.25601,-0.23254
176,26,261.32337,10.25601,-0.23254
176,31,318.34257,10.25601,-0.23254
176,36,368.75637,10.25601,-0.23254
176,41,414.10069,10.25601,-0.23254
176,46,461.70661,10.25601,-0.23254
177,1,11.98553,10.53708,2.10382
177,6,63.99771,10.53708,2.10382
177,11,117.88696,10.53708,2.10382
177,16,174.30895,10.53708,2.10382
177,21,224.39339,10.53708,2.10382
177,26,272.88519,10.53708,2.10382
177,31,333.33635,10.53708,2.10382
177,36,383.79468,10.53708,2.10382
177,41,435.11321,10.53708,2.10382
177,46,489.00305,10.53708,2.10382
178,1,11.51771,9.86714,0.73785
178,6,57.29112,9.86714,0.73785
178,11,108.73645,9.86714,0.73785
178,16,157.38196,9.86714,0.73785
178,21,209.55297,9.86714,0.73785
178,26,247.15404,9.86714,0.73785
178,31,313.2725,9.86714,0.73785
178,36,349.35834,9.86714,0.73785
178,41,404.44811,9.86714,0.73785
178,46,456.59854,9.86714,0.73785
179,1,10.43583,9.73504,1.36509
179,6,63.59221,9.73504,1.36509
179,11,104.36855,9.73504,1.36509
179,16,156.09108,9.73504,1.36509
179,21,213.37748,9.73504,1.36509
179,26,255.42177,9.73504,1.36509
179,31,296.79579,9.73504,1.36509
179,36,354.33508,9.73504,1.36509
179,41,404.62089,9.73504,1.36509
179,46,449.17998,9.73504,1.36509
180,1,9.74709,10.38169,0.73428
180,6,63.86998,10.38169,0.73428
180,11,118.38261,10.38169,0.73428
180,16,169.8145,10.38169,0.73428
180,21,222.95688,10.38169,0.73428
180,26,269.99158,10.38169,0.73428
180,31,319.6582,10.38169,0.73428
180,36,373.86808,10.38169,0.73428
180,41,422.039,10.38169,0.73428
180,46,477.04747,10.38169,0.73428
181,1,3.9301,10.08456,0.45245
181,6,61.83987,10.08456,0.45245
181,11,117.07376,10.08456,0.45245
181,16,158.66421,10.08456,0.45245
181,21,203.40078,10.08456,0.45245
181,26,268.88367,10.08456,0.45245
181,31,305.86171,10.08456,0.45245
181,36,365.77204,10.08456,0.45245
181,41,413.30656,10.08456,0.45245
181,46,471.39899,10.08456,0.45245
182,1,15.12174,10.08801,-1.64276
182,6,59.2435,10.08801,-1.64276
182,11,107.11602,10.08801,-1.64276
182,16,168.28983,10.08801,-1.64276
182,21,220.3739,10.08801,-1.64276
182,26,256.51478,10.08801,-1.64276
182,31,306.86677,10.08801,-1.64276
182,36,359.85978,10.08801,-1.64276
182,41,407.06083,10.08801,-1.64276
182,46,454.37027,10.08801,-1.64276
183,1,11.81928,10.03582,3.6706
183,6,66.31128,10.03582,3.6706
183,11,115.8916,10.03582,3.6706
183,16,163.4871,10.03582,3.6706
183,21,217.46807,10.03582,3.6706
183,26,268.50615,10.03582,3.6706
183,31,310.40895,10.03582,3.6706
183,36,363.18282,10.03582,3.6706
183,41,418.44138,10.03582,3.6706
183,46,460.52003,10.03582,3.6706
184,1,11.55397,10.24258,0.24515
184,6,58.7932,10.24258,0.24515
184,11,106.89234,10.24258,0.24515
184,16,157.3374,10.24258,0.24515
184,21,210.95583,10.24258,0.24515
184,26,254.46088,10.24258,0.24515
184,31,321.43241,10.24258,0.24515
184,36,367.26878,10.24258,0.24515
184,41,415.16868,10.24258,0.24515
184,46,478.997,10.24258,0.24515
185,1,9.25936,9.70926,1.4265
185,6,56.56132,9.70926,1.4265
185,11,103.21167,9.70926,1.4265
185,16,158.54258,9.70926,1.4265
185,21,206.01486,9.70926,1.4265
185,26,262.94203,9.70926,1.4265
185,31,297.16827,9.70926,1.4265
185,36,342.00997,9.70926,1.4265
185,41,405.44212,9.70926,1.4265
185,46,447.47829,9.70926,1.4265
186,1,8.38452,9.68793,0.24944
186,6,67.97778,9.68793,0.24944
186,11,102.58385,9.68793,0.24944
186,16,154.45334,9.68793,0.24944
186,21,208.67173,9.68793,0.24944
186,26,250.98198,9.68793,0.24944
186,31,307.48857,9.68793,0.24944
186,36,344.702,9.68793,0.24944
186,41,386.44266,9.68793,0.24944
186,46,437.34223,9.68793,0.24944
187,1,9.99299,10.96008,0.37886
187,6,66.86994,10.96008,0.37886
187,11,127.32439,10.96008,0.37886
187,16,175.92236,10.96008,0.37886
187,21,234.73808,10.96008,0.37886
187,26,284.30385,10.96008,0.37886
187,31,334.40497,10.96008,0.37886
187,36,391.10615,10.96008,0.37886
187,41,455.52502,10.96008,0.37886
187,46,500.12614,10.96008,0.37886
188,1,14.32046,10.07306,0.46162
188,6,52.4304,10.07306,0.46162
188,11,124.92411,10.07306,0.46162
188,16,167.54229,10.07306,0.46162
188,21,210.47981,10.07306,0.46162
188,26,264.80151,10.07306,0.46162
188,31,315.06917,10.07306,0.46162
188,36,365.28971,10.07306,0.46162
188,41,405.40807,10.07306,0.46162
188,46,455.88296,10.07306,0.46162
189,1,14.3975,9.15304,2.51431
189,6,59.1426,9.15304,2.51431
189,11,106.46861,9.15304,2.51431
189,16,140.33406,9.15304,2.51431
189,21,195.97742,9.15304,2.51431
189,26,243.09987,9.15304,2.51431
189,31,287.35101,9.15304,2.51431
189,36,328.75619,9.15304,2.51431
189,41,373.58503,9.15304,2.51431
189,46,421.69918,9.15304,2.51431
190,1,12.28508,10.171,2.09206
190,6,63.45784,10.171,2.09206
190,11,109.94123,10.171,2.09206
190,16,173.44975,10.171,2.09206
190,21,214.37083,10.171,2.09206
190,26,267.55968,10.171,2.09206
190,31,315.56153,10.171,2.09206
190,36,371.50837,10.171,2.09206
190,41,413.09053,10.171,2.09206
190,46,472.7895,10.171,2.09206
191,1,13.68555,10.03398,1.00881
191,6,57.01058,10.03398,1.00881
191,11,109.84112,10.03398,1.00881
191,16,153.41263,10.03398,1.00881
191,21,210.54711,10.03398,1.00881
191,26,262.87378,10.03398,1.00881
191,31,318.48257,10.03398,1.00881
191,36,356.39702,10.03398,1.00881
191,41,411.66339,10.03398,1.00881
191,46,461.50559,10.03398,1.00881
192,1,13.69784,9.57979,2.05711
192,6,72.08985,9.57979,2.05711
192,11,102.16769,9.57979,2.05711
192,16,155.49594,9.57979,2.05711
192,21,192.27824,9.57979,2.05711
192,26,244.28421,9.57979,2.05711
192,31,301.50369,9.57979,2.05711
192,36,347.34861,9.57979,2.05711
192,41,398.72818,9.57979,2.05711
192,46,435.27167,9.57979,2.05711
193,1,13.87048,11.2554,1.82438
193,6,71.88678,11.2554,1.82438
193,11,132.61516,11.2554,1.82438
193,16,180.34233,11.2554,1.82438
193,21,238.59004,11.2554,1.82438
193,26,297.93764,11.2554,1.82438
193,31,348.17879,11.2554,1.82438
193,36,418.03616,11.2554,1.82438
193,41,456.08508,11.2554,1.82438
193,46,515.40561,11.2554,1.82438
194,1,12.60117,10.253,1.31628
194,6,55.77553,10.253,1.31628
194,11,115.71958,10.253,1.31628
194,16,165.81902,10.253,1.31628
194,21,213.87528,10.253,1.31628
194,26,275.08179,10.253,1.31628
194,31,313.37042,10.253,1.31628
194,36,369.77093,10.253,1.31628
194,41,428.39955,10.253,1.31628
194,46,478.18908,10.253,1.31628
195,1,7.46677,9.29412,1.41275
195,6,59.2518,9.29412,1.41275
195,11,96.81049,9.29412,1.41275
195,16,151.67628,9.29412,1.41275
195,21,196.84394,9.29412,1.41275
195,26,248.48175,9.29412,1.41275
195,31,288.02303,9.29412,1.41275
195,36,342.0369,9.29412,1.41275
195,41,375.96758,9.29412,1.41275
195,46,421.05002,9.29412,1.41275
196,1,5.96061,10.20743,-0.29604
196,6,65.76242,10.20743,-0.29604
196,11,106.58284,10.20743,-0.29604
196,16,165.43216,10.20743,-0.29604
196,21,216.46682,10.20743,-0.29604
196,26,266.74282,10.20743,-0.29604
196,31,316.5399,10.20743,-0.29604
196,36,374.20185,10.20743,-0.29604
196,41,420.766,10.20743,-0.29604
196,46,466.6887,10.20743,-0.29604
197,1,12.22526,10.48139,-0.58031
197,6,65.79794,10.48139,-0.58031
197,11,117.6554,10.48139,-0.58031
197,16,162.75764,10.48139,-0.58031
197,21,217.11092,10.48139,-0.58031
197,26,271.95214,10.48139,-0.58031
197,31,334.01334,10.48139,-0.58031
197,36,370.77447,10.48139,-0.58031
197,41,425.47519,10.48139,-0.58031
197,46,479.33116,10.48139,-0.58031
198,1,13.58497,10.34899,1.92967
198,6,66.45992,10.34899,1.92967
198,11,109.50524,10.34899,1.92967
198,16,159.12727,10.34899,1.92967
198,21,216.46577,10.34899,1.92967
198,26,271.86025,10.34899,1.92967
198,31,327.53641,10.34899,1.92967
198,36,368.61295,10.34899,1.92967
198,41,431.92405,10.34899,1.92967
198,46,474.06038,10.34899,1.92967
199,1,18.52548,10.24363,1.52252
199,6,63.6455,10.24363,1.52252
199,11,107.21259,10.24363,1.52252
199,16,161.91064,10.24363,1.52252
199,21,211.84691,10.24363,1.52252
199,26,272.83105,10.24363,1.52252
199,31,323.16998,10.24363,1.52252
199,36,366.04981,10.24363,1.52252
199,41,428.30365,10.24363,1.52252
199,46,485.19014,10.24363,1.52252
200,1,17.15604,10.06612,3.70373
200,6,63.41093,10.06612,3.70373
200,11,105.38893,10.06612,3.70373
200,16,163.07312,10.06612,3.70373
200,21,208.72475,10.06612,3.70373
200,26,266.27138,10.06612,3.70373
200,31,313.62088,10.06612,3.70373
200,36,362.66832,10.06612,3.70373
200,41,413.90874,10.06612,3.70373
200,46,466.79243,10.06612,3.70373
201,1,11.11561,9.93105,2.35447
201,6,60.07911,9.93105,2.35447
201,11,116.58821,9.93105,2.35447
201,16,159.63731,9.93105,2.35447
201,21,211.4703,9.93105,2.35447
201,26,255.33804,9.93105,2.35447
201,31,312.24799,9.93105,2.35447
201,36,359.26839,9.93105,2.35447
201,41,417.12099,9.93105,2.35447
201,46,454.62653,9.93105,2.35447
202,1,12.94109,9.81383,0.53204
202,6,51.97195,9.81383,0.53204
202,11,114.57959,9.81383,0.53204
202,16,156.48111,9.81383,0.53204
202,21,199.71996,9.81383,0.53204
202,26,256.67117,9.81383,0.53204
202,31,305.25677,9.81383,0.53204
202,36,360.1519,9.81383,0.53204
202,41,406.30502,9.81383,0.53204
202,46,457.41687,9.81383,0.53204
203,1,8.46902,9.25569,2.03809
203,6,56.51587,9.25569,2.03809
203,11,106.34445,9.25569,2.03809
203,16,145.06192,9.25569,2.03809
203,21,197.59183,9.25569,2.03809
203,26,242.73696,9.25569,2.03809
203,31,299.90692,9.25569,2.03809
203,36,341.98961,9.25569,2.03809
203,41,383.14519,9.25569,2.03809
203,46,423.83688,9.25569,2.03809
204,1,7.5134,9.89436,-0.12991
204,6,65.8017,9.89436,-0.12991
204,11,108.68605,9.89436,-0.12991
204,16,156.25641,9.89436,-0.12991
204,21,208.09407,9.89436,-0.12991
204,26,261.78747,9.89436,-0.12991
204,31,303.70878,9.89436,-0.12991
204,36,355.16902,9.89436,-0.12991
204,41,401.47395,9.89436,-0.12991
204,46,455.91193,9.89436,-0.12991
205,1,1.27041,10.65654,0.09958
205,6,62.5076,10.65654,0.09958
205,11,123.43198,10.65654,0.09958
205,16,168.27821,10.65654,0.09958
205,21,235.0265,10.65654,0.09958
205,26,276.99619,10.65654,0.09958
205,31,335.47104,10.65654,0.09958
205,36,389.66751,10.65654,0.09958
205,41,441.82363,10.65654,0.09958
205,46,495.38911,10.65654,0.09958
206,1,1.83349,9.84688,-2.79428
206,6,53.91909,9.84688,-2.79428
206,11,109.66777,9.84688,-2.79428
206,16,154.44286,9.84688,-2.79428
206,21,207.17155,9.84688,-2.79428
206,26,252.7891,9.84688,-2.79428
206,31,305.93067,9.84688,-2.79428
206,36,350.49906,9.84688,-2.79428
206,41,401.03659,9.84688,-2.79428
206,46,438.65615,9.84688,-2.79428
207,1,11.53354,9.76321,-1.08764
207,6,59.07794,9.76321,-1.08764
207,11,104.65475,9.76321,-1.08764
207,16,148.1106,9.76321,-1.08764
207,21,201.88841,9.76321,-1.08764
207,26,246.87556,9.76321,-1.08764
207,31,307.41172,9.76321,-1.08764
207,36,343.22267,9.76321,-1.08764
207,41,403.00767,9.76321,-1.08764
207,46,448.39646,9.76321,-1.08764
208,1,16.58994,10.15863,2.14319
208,6,62.67424,10.15863,2.14319
208,11,119.5044,10.15863,2.14319
208,16,165.0067,10.15863,2.14319
208,21,208.79568,10.15863,2.14319
208,26,275.13213,10.15863,2.14319
208,31,313.92496,10.15863,2.14319
208,36,367.67635,10.15863,2.14319
208,41,422.07729,10.15863,2.14319
208,46,470.3724,10.15863,2.14319
209,1,9.50105,9.95793,2.71525
209,6,65.51251,9.95793,2.71525
209,11,120.82711,9.95793,2.71525
209,16,156.83886,9.95793,2.71525
209,21,219.21881,9.95793,2.71525
209,26,260.77579,9.95793,2.71525
209,31,311.02097,9.95793,2.71525
209,36,352.54637,9.95793,2.71525
209,41,411.88486,9.95793,2.71525
209,46,461.66217,9.95793,2.71525
210,1,12.76253,10.30497,-0.26885
210,6,63.39072,10.30497,-0.26885
210,11,121.0269,10.30497,-0.26885
210,16,165.7698,10.30497,-0.26885
210,21,223.33971,10.30497,-0.26885
210,26,265.5113,10.30497,-0.26885
210,31,320.43653,10.30497,-0.26885
210,36,363.10315,10.30497,-0.26885
210,41,423.68321,10.30497,-0.26885
210,46,473.68075,10.30497,-0.26885
211,1,18.02847,10.18298,2.09056
211,6,66.48953,10.18298,2.09056
211,11,108.39204,10.18298,2.09056
211,16,163.31388,10.18298,2.09056
211,21,208.37711,10.18298,2.09056
211,26,266.91086,10.18298,2.09056
211,31,323.17633,10.18298,2.09056
211,36,369.91815,10.18298,2.09056
211,41,420.78458,10.18298,2.09056
211,46,471.4069,10.18298,2.09056
212,1,7.86116,10.33011,3.30197
212,6,63.17393,10.33011,3.30197
212,11,118.85842,10.33011,3.30197
212,16,166.85926,10.33011,3.30197
212,21,221.65867,10.33011,3.30197
212,26,277.10758,10.33011,3.30197
212,31,326.19741,10.33011,3.30197
212,36,379.1685,10.33011,3.30197
212,41,431.03165,10.33011,3.30197
212,46,482.60498,10.33011,3.30197
213,1,1.79262,9.78913,-1.30837
213,6,56.72968,9.78913,-1.30837
213,11,105.7082,9.78913,-1.30837
213,16,157.59539,9.78913,-1.30837
213,21,203.53594,9.78913,-1.30837
213,26,253.99052,9.78913,-1.30837
213,31,304.69012,9.78913,-1.30837
213,36,352.63187,9.78913,-1.30837
213,41,401.05381,9.78913,-1.30837
213,46,445.10281,9.78913,-1.30837
214,1,7.47459,9.93033,-1.67526
214,6,62.78756,9.93033,-1.67526
214,11,112.6282,9.93033,-1.67526
214,16,156.82021,9.93033,-1.67526
214,21,204.7852,9.93033,-1.67526
214,26,258.17323,9.93033,-1.67526
214,31,307.0669,9.93033,-1.67526
214,36,347.38034,9.93033,-1.67526
214,41,413.41731,9.93033,-1.67526
214,46,444.0197,9.93033,-1.67526
215,1,13.54615,10.48809,0.68781
215,6,64.32246,10.48809,0.68781
215,11,119.93967,10.48809,0.68781
215,16,173.40604,10.48809,0.68781
215,21,222.00601,10.48809,0.68781
215,26,273.34402,10.48809,0.68781
215,31,330.23043,10.48809,0.68781
215,36,369.3867,10.48809,0.68781
215,41,427.16476,10.48809,0.68781
215,46,485.50639,10.48809,0.68781
216,1,19.20234,10.07061,1.9481
216,6,67.44931,10.07061,1.9481
216,11,112.02866,10.07061,1.9481
216,16,160.42276,10.07061,1.9481
216,21,210.98555,10.07061,1.9481
216,26,263.02318,10.07061,1.9481
216,31,317.22742,10.07061,1.9481
216,36,365.88596,10.07061,1.9481
216,41,417.96661,10.07061,1.9481
216,46,463.97824,10.07061,1.9481
217,1,4.19571,10.50775,3.87345
217,6,70.58013,10.50775,3.87345
217,11,110.24588,10.50775,3.87345
217,16,178.01664,10.50775,3.87345
217,21,221.70176,10.50775,3.87345
217,26,282.03835,10.50775,3.87345
217,31,334.93119,10.50775,3.87345
217,36,381.10446,10.50775,3.87345
217,41,429.54381,10.50775,3.87345
217,46,492.45964,10.50775,3.87345
218,1,7.40737,10.36602,-3.0742
218,6,59.09606,10.36602,-3.0742
218,11,108.58603,10.36602,-3.0742
218,16,165.57926,10.36602,-3.0742
218,21,218.01685,10.36602,-3.0742
218,26,267.00731,10.36602,-3.0742
218,31,320.75089,10.36602,-3.0742
218,36,366.32945,10.36602,-3.0742
218,41,427.46019,10.36602,-3.0742
218,46,470.57437,10.36602,-3.0742
219,1,5.37,9.99742,1.04622
219,6,60.87892,9.99742,1.04622
219,11,112.44248,9.99742,1.04622
219,16,157.31742,9.99742,1.04622
219,21,213.86222,9.99742,1.04622
219,26,260.35388,9.99742,1.04622
219,31,314.86592,9.99742,1.04622
219,36,358.49059,9.99742,1.04622
219,41,414.51208,9.99742,1.04622
219,46,471.70329,9.99742,1.04622
220,1,5.32423,9.98482,-1.26946
220,6,62.49323,9.98482,-1.26946
220,11,109.4089,9.98482,-1.26946
220,16,150.33293,9.98482,-1.26946
220,21,204.4947,9.98482,-1.26946
220,26,261.02977,9.98482,-1.26946
220,31,301.17798,9.98482,-1.26946
220,36,357.91775,9.98482,-1.26946
220,41,412.12784,9.98482,-1.26946
220,46,455.53072,9.98482,-1.26946
221,1,18.16158,10.38538,-0.35645
221,6,49.45696,10.38538,-0.35645
221,11,109.84413,10.38538,-0.35645
221,16,168.85936,10.38538,-0.35645
221,21,210.32401,10.38538,-0.35645
221,26,270.80545,10.38538,-0.35645
221,31,317.9025,10.38538,-0.35645
221,36,374.20901,10.38538,-0.35645
221,41,426.23518,10.38538,-0.35645
221,46,485.62331,10.38538,-0.35645
222,1,17.83748,8.75012,4.25306
222,6,58.84496,8.75012,4.25306
222,11,104.56652,8.75012,4.25306
222,16,142.7854,8.75012,4.25306
222,21,187.16313,8.75012,4.25306
222,26,225.72474,8.75012,4.25306
222,31,273.54527,8.75012,4.25306
222,36,321.18211,8.75012,4.25306
222,41,355.17876,8.75012,4.25306
222,46,398.0432,8.75012,4.25306
223,1,7.60218,10.20912,2.93372
223,6,68.20695,10.20912,2.93372
223,11,111.86573,10.20912,2.93372
223,16,168.65043,10.20912,2.93372
223,21,217.91866,10.20912,2.93372
223,26,255.60065,10.20912,2.93372
223,31,315.23688,10.20912,2.93372
223,36,366.9277,10.20912,2.93372
223,41,418.34374,10.20912,2.93372
223,46,475.99453,10.20912,2.93372
224,1,10.53609,10.40185,-1.21626
224,6,62.00036,10.40185,-1.21626
224,11,108.72261,10.40185,-1.21626
224,16,151.40636,10.40185,-1.21626
224,21,216.95027,10.40185,-1.21626
224,26,267.58107,10.40185,-1.21626
224,31,321.98918,10.40185,-1.21626
224,36,378.46642,10.40185,-1.21626
224,41,426.39441,10.40185,-1.21626
224,46,483.31303,10.40185,-1.21626
225,1,14.81348,10.08055,1.5402
225,6,64.01757,10.08055,1.5402
225,11,113.42864,10.08055,1.5402
225,16,155.47412,10.08055,1.5402
225,21,224.4668,10.08055,1.5402
225,26,271.73127,10.08055,1.5402
225,31,309.86676,10.08055,1.5402
225,36,369.23849,10.08055,1.5402
225,41,413.21387,10.08055,1.5402
225,46,470.17129,10.08055,1.5402
226,1,11.62584,10.1994,2.27709
226,6,67.10613,10.1994,2.27709
226,11,110.109,10.1994,2.27709
226,16,170.62172,10.1994,2.27709
226,21,210.71698,10.1994,2.27709
226,26,267.80008,10.1994,2.27709
226,31,312.74448,10.1994,2.27709
226,36,364.38357,10.1994,2.27709
226,41,418.9122,10.1994,2.27709
226,46,467.0398,10.1994,2.27709
227,1,9.42964,10.36326,0.65974
227,6,57.28149,10.36326,0.65974
227,11,109.83958,10.36326,0.65974
227,16,159.15807,10.36326,0.65974
227,21,230.52212,10.36326,0.65974
227,26,274.79175,10.36326,0.65974
227,31,322.96521,10.36326,0.65974
227,36,382.7678,10.36326,0.65974
227,41,429.94713,10.36326,0.65974
227,46,487.8288,10.36326,0.65974
228,1,5.74949,9.44422,0.36266
228,6,63.36371,9.44422,0.36266
228,11,105.63772,9.44422,0.36266
228,16,139.37846,9.44422,0.36266
228,21,196.41513,9.44422,0.36266
228,26,246.52602,9.44422,0.36266
228,31,293.94448,9.44422,0.36266
228,36,348.61173,9.44422,0.36266
228,41,388.29728,9.44422,0.36266
228,46,434.13291,9.44422,0.36266
229,1,7.94125,10.63357,-0.62295
229,6,59.20889,10.63357,-0.62295
229,11,104.92718,10.63357,-0.62295
229,16,165.33209,10.63357,-0.62295
229,21,219.4635,10.63357,-0.62295
229,26,274.31931,10.63357,-0.62295
229,31,328.61047,10.63357,-0.62295
229,36,384.74879,10.63357,-0.62295
229,41,430.91211,10.63357,-0.62295
229,46,484.42156,10.63357,-0.62295
230,1,11.81502,9.60304,0.17225
230,6,62.74533,9.60304,0.17225
230,11,103.95067,9.60304,0.17225
230,16,159.33834,9.60304,0.17225
230,21,203.28513,9.60304,0.17225
230,26,255.85565,9.60304,0.17225
230,31,298.08005,9.60304,0.17225
230,36,345.0208,9.60304,0.17225
230,41,398.3834,9.60304,0.17225
230,46,442.0987,9.60304,0.17225
231,1,13.86163,10.49548,1.81589
231,6,63.6437,10.49548,1.81589
231,11,117.43405,10.49548,1.81589
231,16,166.89275,10.49548,1.81589
231,21,217.02122,10.49548,1.81589
231,26,278.03854,10.49548,1.81589
231,31,325.94432,10.49548,1.81589
231,36,382.01887,10.49548,1.81589
231,41,430.62919,10.49548,1.81589
231,46,479.28402,10.49548,1.81589
232,1,14.66633,9.88549,1.6201
232,6,70.36657,9.88549,1.6201
232,11,111.58064,9.88549,1.6201
232,16,148.68214,9.88549,1.6201
232,21,223.5697,9.88549,1.6201
232,26,252.87173,9.88549,1.6201
232,31,307.59834,9.88549,1.6201
232,36,357.75463,9.88549,1.6201
232,41,395.26185,9.88549,1.6201
232,46,461.02779,9.88549,1.6201
233,1,17.26444,10.94335,2.26429
233,6,65.35619,10.94335,2.26429
233,11,121.26867,10.94335,2.26429
233,16,173.10698,10.94335,2.26429
233,21,235.16371,10.94335,2.26429
233,26,290.2113,10.94335,2.26429
233,31,341.39018,10.94335,2.26429
233,36,396.58916,10.94335,2.26429
233,41,453.41954,10.94335,2.26429
233,46,502.82511,10.94335,2.26429
234,1,16.19324,9.74318,2.62272
234,6,62.23416,9.74318,2.62272
234,11,103.74658,9.74318,2.62272
234,16,157.35224,9.74318,2.62272
234,21,201.74064,9.74318,2.62272
234,26,253.01564,9.74318,2.62272
234,31,297.59066,9.74318,2.62272
234,36,356.0836,9.74318,2.62272
234,41,398.72125,9.74318,2.62272
234,46,444.14556,9.74318,2.62272
235,1,11.54193,10.11524,2.53094
235,6,55.725,10.11524,2.53094
235,11,106.57947,10.11524,2.53094
235,16,169.74215,10.11524,2.53094
235,21,210.53892,10.11524,2.53094
235,26,277.23567,10.11524,2.53094
235,31,326.40917,10.11524,2.53094
235,36,374.50746,10.11524,2.53094
235,41,419.33369,10.11524,2.53094
235,46,464.88044,10.11524,2.53094
236,1,8.54375,9.25026,0.5583
236,6,50.69817,9.25026,0.5583
236,11,98.07225,9.25026,0.5583
236,16,149.41125,9.25026,0.5583
236,21,196.43224,9.25026,0.5583
236,26,245.12206,9.25026,0.5583
236,31,283.88946,9.25026,0.5583
236,36,339.73278,9.25026,0.5583
236,41,373.42593,9.25026,0.5583
236,46,422.79202,9.25026,0.5583
237,1,15.77049,9.46383,0.49407
237,6,51.11818,9.46383,0.49407
237,11,100.03804,9.46383,0.49407
237,16,152.952,9.46383,0.49407
237,21,202.57716,9.46383,0.49407
237,26,247.49609,9.46383,0.49407
237,31,294.04477,9.46383,0.49407
237,36,334.42275,9.46383,0.49407
237,41,385.37705,9.46383,0.49407
237,46,439.85812,9.46383,0.49407
238,1,17.96575,9.38411,3.32504
238,6,50.26247,9.38411,3.32504
238,11,108.52199,9.38411,3.32504
238,16,156.67323,9.38411,3.32504
238,21,204.80982,9.38411,3.32504
238,26,242.12172,9.38411,3.32504
238,31,291.92568,9.38411,3.32504
238,36,332.48479,9.38411,3.32504
238,41,390.57703,9.38411,3.32504
238,46,433.12241,9.38411,3.32504
239,1,16.71739,9.06328,3.10264
239,6,65.76991,9.06328,3.10264
239,11,98.66293,9.06328,3.10264
239,16,142.99962,9.06328,3.10264
239,21,187.26664,9.06328,3.10264
239,26,230.67843,9.06328,3.10264
239,31,285.53311,9.06328,3.10264
239,36,319.31886,9.06328,3.10264
239,41,372.81764,9.06328,3.10264
239,46,427.01527,9.06328,3.10264
240,1,10.82222,10.82876,2.82059
240,6,70.10728,10.82876,2.82059
240,11,117.75355,10.82876,2.82059
240,16,168.41188,10.82876,2.82059
240,21,235.48199,10.82876,2.82059
240,26,285.02568,10.82876,2.82059
240,31,333.29177,10.82876,2.82059
240,36,393.76789,10.82876,2.82059
240,41,455.12729,10.82876,2.82059
240,46,498.09805,10.82876,2.82059
241,1,6.36722,10.23141,-0.13085
241,6,65.54862,10.23141,-0.13085
241,11,103.21544,10.23141,-0.13085
241,16,165.94551,10.23141,-0.13085
241,21,217.81195,10.23141,-0.13085
241,26,276.96165,10.23141,-0.13085
241,31,308.81987,10.23141,-0.13085
241,36,367.02876,10.23141,-0.13085
241,41,424.57079,10.23141,-0.13085
241,46,459.9302,10.23141,-0.13085
242,1,21.92955,10.4291,-0.49333
242,6,62.02905,10.4291,-0.49333
242,11,123.22792,10.4291,-0.49333
242,16,160.90822,10.4291,-0.49333
242,21,224.4632,10.4291,-0.49333
242,26,277.81396,10.4291,-0.49333
242,31,320.06351,10.4291,-0.49333
242,36,376.02857,10.4291,-0.49333
242,41,428.43143,10.4291,-0.49333
242,46,480.02613,10.4291,-0.49333
243,1,17.71996,9.99478,5.79751
243,6,67.9903,9.99478,5.79751
243,11,118.17578,9.99478,5.79751
243,16,163.25007,9.99478,5.79751
243,21,221.94405,9.99478,5.79751
243,26,265.67801,9.99478,5.79751
243,31,319.43322,9.99478,5.79751
243,36,364.09162,9.99478,5.79751
243,41,405.09686,9.99478,5.79751
243,46,465.44301,9.99478,5.79751
244,1,7.69784,10.22241,1.77107
244,6,71.59203,10.22241,1.77107
244,11,113.26715,10.22241,1.77107
244,16,170.70462,10.22241,1.77107
244,21,217.89932,10.22241,1.77107
244,26,264.2546,10.22241,1.77107
244,31,308.00805,10.22241,1.77107
244,36,371.17768,10.22241,1.77107
244,41,415.15041,10.22241,1.77107
244,46,466.57056,10.22241,1.77107
245,1,2.30937,10.84865,-0.71825
245,6,71.3613,10.84865,-0.71825
245,11,119.09197,10.84865,-0.71825
245,16,181.84602,10.84865,-0.71825
245,21,228.97633,10.84865,-0.71825
245,26,272.52255,10.84865,-0.71825
245,31,332.79625,10.84865,-0.71825
245,36,397.81976,10.84865,-0.71825
245,41,450.92098,10.84865,-0.71825
245,46,497.96279,10.84865,-0.71825
246,1,4.71826,10.69877,-2.12841
246,6,59.00274,10.69877,-2.12841
246,11,119.62417,10.69877,-2.12841
246,16,166.74953,10.69877,-2.12841
246,21,212.76754,10.69877,-2.12841
246,26,274.55432,10.69877,-2.12841
246,31,329.72093,10.69877,-2.12841
246,36,380.72297,10.69877,-2.12841
246,41,444.34457,10.69877,-2.12841
246,46,494.07642,10.69877,-2.12841
247,1,16.40411,9.69386,-0.54084
247,6,56.8199,9.69386,-0.54084
247,11,103.49254,9.69386,-0.54084
247,16,161.99942,9.69386,-0.54084
247,21,200.05979,9.69386,-0.54084
247,26,243.93361,9.69386,-0.54084
247,31,301.66262,9.69386,-0.54084
247,36,347.7739,9.69386,-0.54084
247,41,392.10677,9.69386,-0.54084
247,46,447.75794,9.69386,-0.54084
248,1,17.61464,9.91976,3.90044
248,6,66.93351,9.91976,3.90044
248,11,112.1854,9.91976,3.90044
248,16,164.35027,9.91976,3.90044
248,21,205.87268,9.91976,3.90044
248,26,261.9509,9.91976,3.90044
248,31,315.85413,9.91976,3.90044
248,36,362.77855,9.91976,3.90044
248,41,410.10165,9.91976,3.90044
248,46,465.28552,9.91976,3.90044
249,1,13.51411,10.35145,2.51778
249,6,54.77218,10.35145,2.51778
249,11,123.02937,10.35145,2.51778
249,16,166.7204,10.35145,2.51778
249,21,223.23642,10.35145,2.51778
249,26,278.9996,10.35145,2.51778
249,31,323.17473,10.35145,2.51778
249,36,386.62512,10.35145,2.51778
249,41,423.99185,10.35145,2.51778
249,46,476.13667,10.35145,2.51778
250,1,-0.3852,9.01457,1.25795
250,6,60.19163,9.01457,1.25795
250,11,102.0483,9.01457,1.25795
250,16,152.14888,9.01457,1.25795
250,21,178.73133,9.01457,1.25795
250,26,240.97639,9.01457,1.25795
250,31,285.29473,9.01457,1.25795
250,36,318.80276,9.01457,1.25795
250,41,376.36632,9.01457,1.25795
250,46,415.87108,9.01457,1.25795
