   Tlag_pop;   1.00000;   0.40882;   0.08488;  -0.08354;   0.04341;       NaN;   0.00000;   0.00000;       NaN;       NaN;   0.00000;   0.00000
     ka_pop;   0.40882;   1.00000;   0.15185;   0.00164;  -0.05591;       NaN;   0.00000;   0.00000;       NaN;       NaN;   0.00000;   0.00000
      V_pop;   0.08488;   0.15185;   1.00000;   0.05478;  -0.10449;       NaN;   0.00000;   0.00000;       NaN;       NaN;   0.00000;   0.00000
  alpha_pop;  -0.08354;   0.00164;   0.05478;   1.00000;  -0.98750;       NaN;   0.00000;   0.00000;       NaN;       NaN;   0.00000;   0.00000
   beta_pop;   0.04341;  -0.05591;  -0.10449;  -0.98750;   1.00000;       NaN;   0.00000;   0.00000;       NaN;       NaN;   0.00000;   0.00000
 omega_Tlag;       NaN;       NaN;       NaN;       NaN;       NaN;       NaN;       NaN;       NaN;       NaN;       NaN;       NaN;       NaN
   omega_ka;   0.00000;   0.00000;   0.00000;   0.00000;   0.00000;       NaN;   1.00000;  -0.00087;       NaN;       NaN;   0.00634;  -0.03322
    omega_V;   0.00000;   0.00000;   0.00000;   0.00000;   0.00000;       NaN;  -0.00087;   1.00000;       NaN;       NaN;   0.00421;  -0.02149
omega_alpha;       NaN;       NaN;       NaN;       NaN;       NaN;       NaN;       NaN;       NaN;       NaN;       NaN;       NaN;       NaN
 omega_beta;       NaN;       NaN;       NaN;       NaN;       NaN;       NaN;       NaN;       NaN;       NaN;       NaN;       NaN;       NaN
          a;   0.00000;   0.00000;   0.00000;   0.00000;   0.00000;       NaN;   0.00634;   0.00421;       NaN;       NaN;   1.00000;  -0.79525
          b;   0.00000;   0.00000;   0.00000;   0.00000;   0.00000;       NaN;  -0.03322;  -0.02149;       NaN;       NaN;  -0.79525;   1.00000
