          ;    Tlag_pop;      ka_pop;         V_pop;       Cl_pop;    omega_ka;     omega_V;    omega_Cl;           a
  Tlag_pop;0.2974334754;0.0000000000;  0.0000000000; 0.0000000000;0.0000000000;0.0000000000;0.0000000000;0.0000000000
    ka_pop;0.0000000000;1.4830027840;  0.0000000000; 0.0000000000;0.0000000000;0.0000000000;0.0000000000;0.0000000000
     V_pop;0.0000000000;0.0000000000;230.2565420268; 0.0000000000;0.0000000000;0.0000000000;0.0000000000;0.0000000000
    Cl_pop;0.0000000000;0.0000000000;  0.0000000000;39.8757874871;0.0000000000;0.0000000000;0.0000000000;0.0000000000
omega_Tlag;0.0000000000;0.0000000000;  0.0000000000; 0.0000000000;0.0000000000;0.0000000000;0.0000000000;0.0000000000
  omega_ka;0.0000000000;0.0000000000;  0.0000000000; 0.0000000000;1.0000000000;0.0000000000;0.0000000000;0.0000000000
   omega_V;0.0000000000;0.0000000000;  0.0000000000; 0.0000000000;0.0000000000;1.0000000000;0.0000000000;0.0000000000
  omega_Cl;0.0000000000;0.0000000000;  0.0000000000; 0.0000000000;0.0000000000;0.0000000000;1.0000000000;0.0000000000
         a;0.0000000000;0.0000000000;  0.0000000000; 0.0000000000;0.0000000000;0.0000000000;0.0000000000;1.0000000000
