rep,id,s,d,beta,delta,p,c,eta,epsilon
1,1,2379.92450981915,1.53899516024911,2.2715410724372e-05,0.0417286797769112,73.3663818159809,3.19222324856376,0.964537401100076,0.281167500305862
1,2,3223.45975690263,1.43146751506835,2.2715410724372e-05,0.0417286797769112,73.3663818159809,3.19222324856376,0.0559567694790683,0.0348557115642162
1,3,1533.18011618966,3.79552632741664,2.2715410724372e-05,0.0417286797769112,73.3663818159809,3.19222324856376,0.998580201541444,0.819994460903739
1,4,1874.72231554354,1.05807087610896,2.2715410724372e-05,0.0417286797769112,73.3663818159809,3.19222324856376,0.285478016917531,0.694262122186322
1,5,1892.54271691846,1.9439577617705,2.2715410724372e-05,0.0417286797769112,73.3663818159809,3.19222324856376,0.347474430879682,0.955685853954258
1,6,5760.47159454598,1.65316551369627,2.2715410724372e-05,0.0417286797769112,73.3663818159809,3.19222324856376,0.990278905495505,0.940124371816397
1,7,289.925151788775,0.517443750607258,2.2715410724372e-05,0.0417286797769112,73.3663818159809,3.19222324856376,0.224183406304136,0.87984040445562
1,8,326.409136069692,1.12852517062648,2.2715410724372e-05,0.0417286797769112,73.3663818159809,3.19222324856376,0.0214785878172458,0.510836844728801
1,9,10005.5195946161,2.29818499887683,2.2715410724372e-05,0.0417286797769112,73.3663818159809,3.19222324856376,0.777265738417778,0.0881987889980256
1,10,1497.49126387348,0.801448603541586,2.2715410724372e-05,0.0417286797769112,73.3663818159809,3.19222324856376,0.615804787965947,0.987798034470547
1,11,231.470049726467,1.30174254225615,2.2715410724372e-05,0.0417286797769112,73.3663818159809,3.19222324856376,0.99993488539258,0.941008666249725
1,12,110.994456580329,1.28804027630111,2.2715410724372e-05,0.0417286797769112,73.3663818159809,3.19222324856376,0.999925012247248,0.821514152493329
1,13,251.799764728264,0.955576101594355,2.2715410724372e-05,0.0417286797769112,73.3663818159809,3.19222324856376,0.846982387711973,0.635230110717996
1,14,293.177886161173,1.67259897745001,2.2715410724372e-05,0.0417286797769112,73.3663818159809,3.19222324856376,0.96867379577804,0.869424423566587
1,15,3045.18278561198,0.359591055216659,2.2715410724372e-05,0.0417286797769112,73.3663818159809,3.19222324856376,0.0370838603760403,0.395048977482632
1,16,112.031345127009,0.755793378154314,2.2715410724372e-05,0.0417286797769112,73.3663818159809,3.19222324856376,0.999901296961728,0.911072687460589
1,17,999.675956619996,6.2700382696507,2.2715410724372e-05,0.0417286797769112,73.3663818159809,3.19222324856376,0.493604499212082,0.516273830630462
1,18,13158.6889125094,0.633258128920487,2.2715410724372e-05,0.0417286797769112,73.3663818159809,3.19222324856376,0.998687267488606,0.633509572048589
1,19,2147.14763365847,4.88202808675493,2.2715410724372e-05,0.0417286797769112,73.3663818159809,3.19222324856376,0.000867390715458721,0.0493582123049474
1,20,2787.40790814272,1.81779412117931,2.2715410724372e-05,0.0417286797769112,73.3663818159809,3.19222324856376,0.747565411759166,0.157668345897558
1,21,6330.1959429784,3.16223396450483,2.2715410724372e-05,0.0417286797769112,73.3663818159809,3.19222324856376,0.999592992971208,0.519837791125572
1,22,1155.76655019422,0.628287797047568,2.2715410724372e-05,0.0417286797769112,73.3663818159809,3.19222324856376,0.175792465199911,0.0418607199260927
1,23,6277.61215573372,2.18293044628594,2.2715410724372e-05,0.0417286797769112,73.3663818159809,3.19222324856376,0.808784197623062,0.863439701602648
1,24,566.457579522388,1.62212319434798,2.2715410724372e-05,0.0417286797769112,73.3663818159809,3.19222324856376,0.00617723980677257,0.00393349290538614
1,25,210.27391803818,0.266226583651629,2.2715410724372e-05,0.0417286797769112,73.3663818159809,3.19222324856376,0.0885550799932852,0.97410773318292
1,26,320.370057011533,1.53702323530518,2.2715410724372e-05,0.0417286797769112,73.3663818159809,3.19222324856376,0.976783646825126,0.987898881229105
1,27,520.343757362807,3.49908161527351,2.2715410724372e-05,0.0417286797769112,73.3663818159809,3.19222324856376,0.987663034575196,0.806007794246701
1,28,1100.47027819567,1.83545846434641,2.2715410724372e-05,0.0417286797769112,73.3663818159809,3.19222324856376,0.88213434098331,0.927952468095878
1,29,10312.6625337114,1.98609289664876,2.2715410724372e-05,0.0417286797769112,73.3663818159809,3.19222324856376,0.0113495569748294,0.996931741984451
1,30,1043.15137947368,2.89802241911342,2.2715410724372e-05,0.0417286797769112,73.3663818159809,3.19222324856376,0.0248082234458652,0.245458854130859
1,31,1582.49649815214,0.976871389292024,2.2715410724372e-05,0.0417286797769112,73.3663818159809,3.19222324856376,0.491414588329746,0.839514377254725
1,32,5911.79478691275,1.98190956577515,2.2715410724372e-05,0.0417286797769112,73.3663818159809,3.19222324856376,0.939556140240164,0.898630159891097
1,33,1033.18261010884,0.946956806448944,2.2715410724372e-05,0.0417286797769112,73.3663818159809,3.19222324856376,0.999561444105448,0.155593362046097
1,34,2289.24620146918,0.373189185791684,2.2715410724372e-05,0.0417286797769112,73.3663818159809,3.19222324856376,0.0163124287631789,0.195160453994902
1,35,324.978151315571,2.72868221289099,2.2715410724372e-05,0.0417286797769112,73.3663818159809,3.19222324856376,2.26682881613283e-05,0.644722480147134
1,36,7899.93197663321,2.1512892484789,2.2715410724372e-05,0.0417286797769112,73.3663818159809,3.19222324856376,0.975462622380841,0.757457791656333
1,37,179.95525205487,1.72282434805746,2.2715410724372e-05,0.0417286797769112,73.3663818159809,3.19222324856376,0.999085264241719,0.961535462999767
1,38,264.950637610854,0.923459988175292,2.2715410724372e-05,0.0417286797769112,73.3663818159809,3.19222324856376,0.984346467858937,0.00695402129033245
1,39,335.814388669246,0.734248070976999,2.2715410724372e-05,0.0417286797769112,73.3663818159809,3.19222324856376,0.992385722746432,0.771965164317598
1,40,2802.0777602698,1.24428990080158,2.2715410724372e-05,0.0417286797769112,73.3663818159809,3.19222324856376,0.9972169006094,0.467196152903188
1,41,6852.32785445984,2.24535162872118,2.2715410724372e-05,0.0417286797769112,73.3663818159809,3.19222324856376,0.935458954908317,0.797978891205342
1,42,1568.96836166815,2.38556088906636,2.2715410724372e-05,0.0417286797769112,73.3663818159809,3.19222324856376,0.996772777637224,0.372812962474435
1,43,107.178494918284,1.1081804407635,2.2715410724372e-05,0.0417286797769112,73.3663818159809,3.19222324856376,0.999446595730912,0.664603447677965
1,44,369.765691554978,1.19289899975687,2.2715410724372e-05,0.0417286797769112,73.3663818159809,3.19222324856376,0.342624980187338,0.972182393049651
1,45,83.288226609076,0.955619114729803,2.2715410724372e-05,0.0417286797769112,73.3663818159809,3.19222324856376,0.340089865733279,0.957159957408187
1,46,278.307282843246,1.52242265508149,2.2715410724372e-05,0.0417286797769112,73.3663818159809,3.19222324856376,0.980806314164031,0.834734427721095
1,47,366.53548707113,0.740917321164686,2.2715410724372e-05,0.0417286797769112,73.3663818159809,3.19222324856376,0.0195754069807836,0.497910450537631
1,48,480.449637187624,1.20206217718255,2.2715410724372e-05,0.0417286797769112,73.3663818159809,3.19222324856376,0.971435971616391,0.999990755426857
1,49,2171.32427186718,1.09572114717903,2.2715410724372e-05,0.0417286797769112,73.3663818159809,3.19222324856376,0.963491457468325,0.981608604950051
1,50,2749.7807713913,1.36422435599971,2.2715410724372e-05,0.0417286797769112,73.3663818159809,3.19222324856376,0.999641196326609,0.332578211125109
1,51,82.088661586096,0.800243797928677,2.2715410724372e-05,0.0417286797769112,73.3663818159809,3.19222324856376,0.818197768742073,0.963199661949846
1,52,159.319441267768,1.20070381552465,2.2715410724372e-05,0.0417286797769112,73.3663818159809,3.19222324856376,0.915865310947863,0.883029591968543
1,53,404.166998137319,1.85412730993152,2.2715410724372e-05,0.0417286797769112,73.3663818159809,3.19222324856376,0.606011424905416,0.799674291008908
1,54,7502.50830067899,0.159123284585327,2.2715410724372e-05,0.0417286797769112,73.3663818159809,3.19222324856376,0.219034176214696,0.248015334061325
1,55,289.599128657241,1.74553485231681,2.2715410724372e-05,0.0417286797769112,73.3663818159809,3.19222324856376,0.204003089062471,0.00702099690883264
1,56,3088.1981595343,0.54623495878701,2.2715410724372e-05,0.0417286797769112,73.3663818159809,3.19222324856376,0.00501841631880859,0.428188014872497
