              Emax_pop; 0.0193540474;-0.0088147511;-0.0087704921;-0.0115717904; 0.0068497038;-0.0065294411;-0.0067667542;-0.0068502119; 0.0000000000; 0.0000000000;-0.0000000000
 beta_Emax_tDRUG_abata;-0.0088147511; 0.0213704150; 0.0048732213; 0.0066520016;-0.0065192254; 0.0103298127; 0.0064564641; 0.0065193666; 0.0000000000; 0.0000000000;-0.0000000000
 beta_Emax_tDRUG_adali;-0.0087704921; 0.0048732213; 0.0226913875; 0.0065307288;-0.0062702824; 0.0061512954; 0.0113028387; 0.0062704287; 0.0000000000; 0.0000000000;-0.0000000000
beta_Emax_tDRUG_canaki;-0.0115717904; 0.0066520016; 0.0065307288; 0.3128370512;-0.0090739152; 0.0089235367; 0.0089877345; 0.2989804678; 0.0000000000; 0.0000000000;-0.0000000000
               T50_pop; 0.0068497038;-0.0065192254;-0.0062702824;-0.0090739152; 0.0146736577;-0.0146614537;-0.0145542835;-0.0146735125; 0.0000000000; 0.0000000000;-0.0000000000
  beta_T50_tDRUG_abata;-0.0065294411; 0.0103298127; 0.0061512954; 0.0089235367;-0.0146614537; 0.0190444931; 0.0145427089; 0.0146612974; 0.0000000000; 0.0000000000;-0.0000000000
  beta_T50_tDRUG_adali;-0.0067667542; 0.0064564641; 0.0113028387; 0.0089877345;-0.0145542835; 0.0145427089; 0.0268266780; 0.0145541385; 0.0000000000; 0.0000000000;-0.0000000000
 beta_T50_tDRUG_canaki;-0.0068502119; 0.0065193666; 0.0062704287; 0.2989804678;-0.0146735125; 0.0146612974; 0.0145541385; 0.4731971377; 0.0000000000; 0.0000000000;-0.0000000000
      omega_etaBSVEmax; 0.0000000000; 0.0000000000; 0.0000000000; 0.0000000000; 0.0000000000; 0.0000000000; 0.0000000000; 0.0000000000; 0.0042204592;-0.0577947768; 0.0001107845
     gamma_etaBTAVEmax; 0.0000000000; 0.0000000000; 0.0000000000; 0.0000000000; 0.0000000000; 0.0000000000; 0.0000000000; 0.0000000000;-0.0577947768; 1.2581930056;-0.0093551986
                     a; 0.0000000000; 0.0000000000; 0.0000000000; 0.0000000000; 0.0000000000; 0.0000000000; 0.0000000000; 0.0000000000; 0.0001107845;-0.0093551986; 0.0247273997
