iteration,completeLL,phase,estimate_Tlag_pop,estimate_V_pop,estimate_a,estimate_alpha_pop,estimate_beta_pop,estimate_ka_pop,estimate_omega_Tlag,estimate_omega_V,estimate_omega_alpha,estimate_omega_beta,estimate_omega_ka
1,391.103,1,0.2,250,1,1,1,1,1,1,1,1,1
2,399.519,1,0.186843,302.117,0.974679,1.19716,1.04676,1.09375,0.974679,0.974679,1.04689,1.04917,0.975345
3,389.521,1,0.18335,288.965,0.95,1.39704,0.854421,1.15492,0.95,0.95,1.09559,1.0226,0.950648
4,382.681,1,0.162213,267.256,0.925945,1.48919,0.756989,0.863263,0.984279,0.925945,1.06785,0.996709,0.944543
5,374.185,1,0.159329,304.235,0.9025,1.51937,0.527188,0.834582,0.959357,0.9025,1.04081,0.971471,0.920627
6,365.567,1,0.171472,294.947,0.879648,1.50778,0.488323,0.850545,0.942021,0.879648,1.01446,0.946873,0.897316
7,359.822,1,0.178674,278.661,0.857375,1.44718,0.472362,0.792626,0.918168,0.857375,1.1057,0.922898,0.921078
8,356.782,1,0.19432,302.742,0.835666,1.76757,0.43306,0.86092,0.992564,0.835666,1.07771,0.899529,0.897756
9,354.193,1,0.179977,333.62,0.814506,1.63792,0.475755,1.07306,0.985884,0.814506,1.08683,0.876753,0.979565
10,344.643,1,0.148051,343.528,0.793882,1.79868,0.373842,1.3415,0.960921,0.856749,1.06992,0.854553,0.973057
11,336.188,1,0.11629,330.864,0.773781,1.79248,0.316635,1.3007,0.945835,0.835055,1.0793,0.832915,0.948418
12,333.913,1,0.0929872,387.633,0.754188,1.75566,0.294713,1.19036,0.921886,0.813911,1.05197,0.877551,0.924404
13,335.884,1,0.102615,368.703,0.735092,1.97511,0.282675,1.41644,0.999631,0.870526,1.08822,0.867331,0.913792
14,319.501,1,0.0972687,359.068,0.716479,2.05974,0.293461,1.21661,0.97432,0.848483,1.06067,0.845369,0.890654
15,317.49,1,0.0895929,402.105,0.698337,2.04534,0.290519,1.35936,0.949649,0.826999,1.03381,0.823964,0.870848
16,306.729,1,0.0800003,325.241,0.680655,2.03374,0.369139,1.34477,0.925604,0.806059,1.00764,0.803101,0.848797
17,303.397,1,0.0923072,365.454,0.66342,1.76326,0.350232,1.37529,0.902167,0.785649,0.995332,0.782766,0.827305
18,301.452,1,0.0774213,363.353,0.646622,1.72006,0.319134,1.2707,0.879324,0.765756,0.97013,0.762946,0.877716
19,293.557,1,0.0731854,417.392,0.630249,1.8689,0.303856,1.47483,0.857059,0.827158,1.07955,0.743628,0.855492
20,290.387,1,0.088152,391.799,0.614291,2.14103,0.353245,1.31956,0.858943,0.911853,1.05222,0.724799,0.83383
21,285.583,1,0.0846827,405.773,0.598737,2.21298,0.3494,1.26114,0.871284,0.888764,1.02557,0.706446,0.812717
22,272.536,1,0.0843907,347.319,0.583577,2.22805,0.343159,1.38668,0.849223,0.86626,0.999606,0.688559,0.792139
23,281.406,1,0.0928787,350.843,0.5688,2.04508,0.379962,1.31304,0.888433,0.844326,0.974296,0.671124,0.868635
24,270.651,1,0.0927699,399.384,0.554398,2.10042,0.332838,1.28791,0.865937,0.841102,0.949626,0.654131,0.846641
25,260.132,1,0.108817,336.151,0.54036,2.6448,0.303691,1.33708,0.861438,0.819805,0.925581,0.637568,0.825203
26,252.545,1,0.0963554,349.317,0.526678,2.60869,0.319699,1.28504,0.839626,0.799047,0.902145,0.621424,0.804309
27,253.489,1,0.0967403,338.966,0.513342,2.56042,0.295267,1.40597,0.854625,0.778815,0.946606,0.605689,0.783943
28,242.747,1,0.10198,347.596,0.500344,2.97161,0.280352,1.32739,0.832986,0.759095,0.922638,0.590353,0.764093
29,237.191,1,0.0930941,331.064,0.487675,2.99863,0.304557,1.34121,0.811894,0.739874,0.899276,0.575405,0.744746
30,226.384,1,0.100806,347.619,0.475327,3.66489,0.282173,1.47003,0.791336,0.72114,0.876506,0.560835,0.725889
31,230.837,1,0.111068,330.814,0.463291,3.81675,0.279646,1.33072,0.869842,0.747025,0.867644,0.546635,0.707509
32,224.16,1,0.0823732,335.697,0.45156,3.71797,0.272671,1.37937,0.847817,0.750739,0.845675,0.532794,0.689594
33,212.411,1,0.0773564,297.453,0.440127,3.67828,0.317231,1.30627,0.82635,0.73173,0.824262,0.519303,0.672133
34,201.684,1,0.0823049,313.271,0.428982,3.93294,0.299509,1.39694,0.805426,0.713202,0.803391,0.506154,0.655114
35,197.145,1,0.0827168,322.926,0.41812,4.62446,0.288149,1.46065,0.910085,0.695143,0.783049,0.493338,0.638527
36,193.562,1,0.0802837,310.511,0.407533,4.7259,0.268076,1.47341,0.887041,0.677542,0.763222,0.480846,0.644167
37,194.326,1,0.0730417,302.49,0.397214,5.55513,0.249017,1.2642,0.86458,0.660386,0.743896,0.468671,0.627856
38,192.827,1,0.0864832,285.569,0.387157,6.82008,0.237463,1.16373,0.842689,0.643665,0.725061,0.456804,0.611958
39,189.75,1,0.0855051,272.583,0.377354,7.89347,0.222254,1.17031,0.889216,0.6573,0.706702,0.445237,0.608849
40,178.986,1,0.0942522,267.081,0.367799,8.559,0.218335,1.26935,0.8667,0.640657,0.688808,0.433964,0.650322
41,176.941,1,0.0755562,249.764,0.358486,9.24108,0.230091,1.15182,0.939462,0.624435,0.674682,0.422975,0.651375
42,159.393,1,0.0723548,255.592,0.349409,8.5642,0.225224,0.947891,0.915674,0.608624,0.657599,0.412265,0.668315
43,155.412,1,0.0857432,241.013,0.340562,8.88766,0.213463,0.988142,0.931963,0.593213,0.640948,0.401827,0.651393
44,156.856,1,0.0735599,241.098,0.331938,10.2397,0.212136,0.990971,0.908366,0.592328,0.624719,0.407285,0.634899
45,156.468,1,0.0693565,245.26,0.323534,10.9678,0.200114,0.964544,0.885365,0.57854,0.608901,0.396972,0.618823
46,149.717,1,0.0708026,243.582,0.315341,11.2578,0.18249,0.924822,0.862947,0.591699,0.593483,0.38692,0.720331
47,147.098,1,0.0690017,233.817,0.307357,12.1032,0.185173,0.959627,0.841097,0.576717,0.578455,0.377123,0.702092
48,150.246,1,0.0619963,219.081,0.299574,11.0811,0.190361,0.858079,0.8198,0.562114,0.563809,0.367574,0.684314
49,147.494,1,0.0721609,230.927,0.291989,11.1455,0.190515,1.00522,0.799042,0.583986,0.549533,0.358267,0.724703
50,142.661,1,0.0822696,235.464,0.284596,11.7538,0.188977,1.03024,0.77881,0.569199,0.535618,0.393363,0.762399
51,139.259,1,0.0898014,238.077,0.27739,12.0277,0.171044,0.933727,0.75909,0.554787,0.528956,0.383403,0.743094
52,129.39,1,0.0936109,234.071,0.270366,12.7336,0.177343,0.978253,0.739869,0.556346,0.515562,0.373695,0.724279
53,126.319,1,0.0781898,246.189,0.26352,11.9449,0.169298,1.02164,0.721136,0.54871,0.502508,0.387731,0.70594
54,128.332,1,0.0636621,254.944,0.257404,12.3766,0.165645,1.05943,0.782903,0.534816,0.489784,0.377913,0.688065
55,128.07,1,0.0621777,241.271,0.251429,12.0415,0.16534,1.02322,0.823817,0.531036,0.477383,0.368344,0.742554
56,131.847,1,0.0617409,232.901,0.253322,12.0069,0.171873,0.942311,0.947125,0.538036,0.465295,0.359018,0.743698
57,134.347,1,0.0705864,234.283,0.259936,11.6758,0.173459,0.984939,0.923144,0.539771,0.453514,0.349927,0.806274
58,123.926,1,0.0610157,248.31,0.254681,11.5069,0.177307,1.06235,0.899769,0.533891,0.44203,0.341067,0.785858
59,120.26,1,0.0724158,228.016,0.248232,12.5768,0.176083,1.04215,0.876986,0.520372,0.430838,0.332431,0.830515
60,121.591,1,0.0683556,218.26,0.248749,12.2751,0.187807,0.877525,0.854781,0.508544,0.419929,0.324014,0.820029
61,115.176,1,0.0759729,207.882,0.246695,13.3793,0.176994,0.830196,0.848207,0.501746,0.409296,0.315809,0.799265
62,120.109,1,0.0879275,223.017,0.252201,12.812,0.181301,0.9013,0.82673,0.515623,0.398932,0.307813,0.779027
63,118.477,1,0.0796136,212.993,0.25069,13.6738,0.178758,0.81941,0.821959,0.502567,0.409591,0.300019,0.759302
64,116.306,1,0.0810768,205.607,0.249489,13.3084,0.178329,0.786602,0.827379,0.489842,0.399219,0.301532,0.740076
65,116.499,1,0.0774004,205.536,0.248709,13.5141,0.178916,0.781513,0.928155,0.485288,0.389111,0.293897,0.721337
66,123.166,1,0.0675716,196.632,0.250316,13.0962,0.18251,0.911518,0.904653,0.523611,0.386296,0.286455,0.809697
67,122.389,1,0.0558011,200.818,0.246717,13.1856,0.180248,0.811184,0.881747,0.557005,0.376515,0.279202,0.949458
68,118.901,1,0.0593749,208.045,0.242236,13.3354,0.189568,0.871915,0.860579,0.542902,0.375353,0.272133,0.984824
69,122.714,1,0.060291,194.7,0.250067,12.2957,0.187529,0.733571,0.838788,0.578675,0.365849,0.320378,0.959888
70,126.166,1,0.0602736,204.166,0.245884,11.8864,0.178586,0.822973,0.81755,0.564023,0.373676,0.336044,0.953191
71,114.767,1,0.0583766,211.87,0.243583,11.9553,0.195661,0.795136,0.796849,0.549742,0.364215,0.327535,0.929056
72,108.333,1,0.0656985,194.587,0.240694,11.9097,0.201823,0.766187,0.776672,0.547063,0.354993,0.319241,0.905531
73,117.674,1,0.0511114,202.647,0.24538,12.3924,0.194474,0.819675,0.804438,0.533211,0.346004,0.311158,1.05286
74,112.538,1,0.043183,205.316,0.243358,12.6518,0.194471,0.781857,0.784069,0.556867,0.337243,0.303279,1.02621
75,107.866,1,0.0429785,199.498,0.238124,11.4816,0.200963,0.72656,0.764216,0.549792,0.328704,0.2956,1.04391
76,115.055,1,0.0456112,203.87,0.24078,11.483,0.200923,0.750814,0.762385,0.59118,0.320381,0.302319,1.035
77,104.96,1,0.0511254,206.352,0.235438,11.5218,0.197027,0.823284,0.743081,0.576211,0.312269,0.294664,1.00879
78,111.843,1,0.0440534,200.508,0.240694,11.4457,0.202047,0.793951,0.757857,0.572562,0.304362,0.287203,0.99176
79,105.855,1,0.0393822,205.288,0.23888,11.6226,0.207519,0.834257,0.801014,0.558064,0.296655,0.279931,0.966648
80,109.44,1,0.0341736,189.367,0.238167,11.8109,0.196515,0.799781,0.856565,0.546951,0.289144,0.289992,0.949707
81,106.667,1,0.034732,183.027,0.238774,12.1411,0.200002,0.688038,0.834876,0.533102,0.309394,0.28265,0.92566
82,109.663,1,0.0355051,185.228,0.2358,12.3504,0.190555,0.740628,1.03123,0.519603,0.30156,0.276994,0.995993
83,106.12,1,0.0386061,197.143,0.240484,12.544,0.184123,0.785845,1.00512,0.580373,0.293925,0.26998,0.970774
84,115.727,1,0.0274318,200.48,0.241028,12.6719,0.182287,0.755468,0.979672,0.606185,0.302151,0.263144,0.984426
85,112.199,1,0.0263697,201.002,0.236426,12.4443,0.180873,0.815973,1.01363,0.619052,0.2945,0.256481,0.9595
86,108.143,1,0.0309153,201.217,0.238997,12.9182,0.181235,0.771522,0.987963,0.610954,0.287043,0.249987,0.935204
87,116.886,1,0.0338653,200.058,0.242008,13.0011,0.173966,0.745217,1.0263,0.595484,0.287124,0.25501,0.951331
88,113.239,1,0.0348718,194.316,0.237162,13.8155,0.172001,0.805548,1.00031,0.580406,0.3191,0.264824,0.927243
89,108.179,1,0.0415849,200.182,0.234906,13.8522,0.166783,0.748165,0.974984,0.611392,0.31102,0.263842,0.931511
90,113.716,1,0.0377151,190.127,0.237507,14.1334,0.168904,0.793637,0.976103,0.602491,0.315639,0.27316,0.907925
91,113.667,1,0.0390844,187.898,0.242826,13.8145,0.168973,0.700585,0.951387,0.58927,0.307647,0.266244,0.884936
92,117.654,1,0.033751,186.508,0.24207,14.1646,0.171556,0.71293,0.978095,0.602738,0.331961,0.259502,0.945822
93,117.67,1,0.0234375,193.297,0.245126,13.6919,0.168994,0.689717,0.953329,0.587476,0.35012,0.252931,1.00468
94,120.953,1,0.0234379,204.71,0.240475,13.8461,0.175052,0.766469,0.998564,0.621674,0.341254,0.276576,0.979241
95,113.971,1,0.0219157,198.508,0.238298,14.0494,0.172957,0.752807,0.97328,0.641975,0.332614,0.269573,0.974974
96,119.213,1,0.0249644,202.308,0.243801,13.3531,0.165996,0.725626,0.948636,0.647822,0.324192,0.278403,0.950287
97,126.802,1,0.0256669,212.527,0.245283,13.6734,0.169325,0.767248,0.970719,0.676777,0.350313,0.275445,0.926225
98,114.516,1,0.0271137,195.288,0.239324,13.7196,0.169774,0.680516,0.94614,0.659641,0.341443,0.26847,0.902773
99,122.028,1,0.0263055,177.929,0.243213,13.8078,0.171817,0.63948,0.941145,0.642938,0.362251,0.261673,0.913516
100,116.499,1,0.0295769,183.54,0.239667,13.213,0.164254,0.641154,0.959804,0.626659,0.353079,0.255047,0.920952
101,114.34,1,0.0291266,187.318,0.23769,13.874,0.166437,0.76122,0.935502,0.610791,0.385275,0.248589,0.897633
102,114.536,1,0.0238616,212.615,0.24725,13.7342,0.166609,0.74284,0.911814,0.615318,0.37552,0.242295,0.874904
103,117.727,1,0.0227055,192.772,0.245262,13.5031,0.178518,0.67824,0.954203,0.636907,0.366011,0.23616,0.852751
104,122.075,1,0.0242349,202.409,0.246244,13.59,0.17815,0.754849,0.957886,0.671305,0.356744,0.23018,0.896741
105,114.761,1,0.0206758,199.095,0.24435,13.3028,0.178629,0.70293,0.933631,0.654307,0.347711,0.224352,0.874035
106,123.799,1,0.0197144,184.694,0.243574,13.8718,0.168527,0.61447,0.975362,0.653043,0.389536,0.253007,0.851904
107,112.385,1,0.0204528,193.602,0.237406,14.421,0.171117,0.665989,0.982688,0.636508,0.386387,0.246601,0.830333
108,113.957,1,0.0186088,191.676,0.240696,14.2346,0.169368,0.649134,1.10031,0.620391,0.376604,0.240356,0.83039
109,116.098,1,0.0198557,182.773,0.247488,14.3583,0.173009,0.565255,1.07245,0.604682,0.367068,0.23427,0.809364
110,120.585,1,0.0259348,187.464,0.246145,15.1187,0.173536,0.595807,1.0453,0.643562,0.381256,0.228339,0.78887
111,112.136,1,0.0270296,186.65,0.243608,14.4164,0.174015,0.696017,1.01883,0.634951,0.371602,0.222557,0.828288
112,119.591,1,0.0218433,194.069,0.247417,13.7518,0.178209,0.763471,1.11576,0.618873,0.362193,0.216922,0.807315
113,108.877,1,0.0204917,194.176,0.241153,14.0627,0.186803,0.6849,1.08751,0.603203,0.364762,0.211429,0.801146
114,113.595,1,0.01601,206.394,0.247348,13.201,0.190685,0.716641,1.05997,0.619602,0.355526,0.206076,0.780861
115,112.804,1,0.011816,199.671,0.245255,12.4958,0.194955,0.744353,1.04353,0.608606,0.346524,0.200858,0.784595
116,114.412,1,0.0115243,222.567,0.239618,12.024,0.197737,0.783072,1.21375,0.636999,0.33775,0.212198,0.764729
117,116.076,1,0.0120521,227.446,0.241952,11.3176,0.191448,0.825441,1.21589,0.626933,0.329198,0.217954,0.765159
118,109.993,1,0.0121608,224.9,0.238703,11.122,0.20073,0.91775,1.28462,0.611059,0.320862,0.212435,0.801678
119,111.099,1,0.011629,233.867,0.23722,11.1111,0.19993,0.955805,1.35065,0.595586,0.318934,0.207056,0.786277
120,111.754,1,0.0139367,227.91,0.245434,11.1027,0.202946,0.867542,1.31645,0.580506,0.310858,0.201814,0.766368
121,112.528,1,0.014192,221.715,0.239219,11.079,0.203736,0.908177,1.28312,0.565807,0.318313,0.210126,0.823185
122,114.893,1,0.0161083,205.654,0.238046,10.9094,0.204684,0.831003,1.38995,0.56413,0.310253,0.212467,0.946681
123,117.705,1,0.016528,200.379,0.23899,11.6753,0.205811,0.807906,1.37875,0.570171,0.309878,0.226015,0.922711
124,121.045,1,0.0174288,198.03,0.244183,11.6488,0.197969,0.839139,1.37862,0.555734,0.309687,0.220292,0.925606
125,125.55,1,0.0164003,196.878,0.24723,11.2686,0.199654,0.667928,1.57098,0.618866,0.311779,0.214714,0.902169
126,115.759,1,0.0174844,203.637,0.24097,11.3614,0.197687,0.731979,1.54751,0.603196,0.303885,0.209278,1.01163
127,123.396,1,0.0130259,193.05,0.243861,11.806,0.19756,0.716634,1.56462,0.592792,0.29619,0.203979,1.07569
128,125.353,1,0.0141603,213.787,0.244166,11.5297,0.192979,0.847191,1.525,0.616297,0.28869,0.21239,1.04846
129,119.967,1,0.0107423,219.121,0.241603,11.8992,0.187036,0.863624,1.48639,0.62167,0.281381,0.207012,1.064
130,116.311,1,0.00980089,211.27,0.239245,11.313,0.195661,0.820335,1.44875,0.605929,0.274256,0.201771,1.03706
131,114.722,1,0.0104027,212.441,0.240798,11.466,0.19712,0.894119,1.41207,0.598318,0.27325,0.197634,1.0108
132,125.546,1,0.00779643,215.588,0.244967,11.477,0.204454,0.931937,1.37631,0.653862,0.300969,0.206476,1.02833
133,118.699,1,0.00760808,194.326,0.240335,11.4132,0.205755,0.752367,1.39663,0.637306,0.293349,0.216583,1.00229
134,113.208,1,0.00863565,200.966,0.235766,11.4288,0.201472,0.8064,1.38752,0.643129,0.285921,0.211099,0.976912
135,118.72,1,0.00762684,201.113,0.242734,11.5996,0.206506,0.76611,1.35239,0.67731,0.278681,0.223609,0.952176
136,107.746,1,0.00802455,195.934,0.239614,11.4337,0.206161,0.683195,1.31814,0.660161,0.271625,0.217948,0.928066
137,107.57,1,0.00645963,202.23,0.235406,11.2796,0.204025,0.745376,1.28477,0.650201,0.276424,0.212429,0.904567
138,108.389,1,0.00831014,197.422,0.23785,11.5465,0.20561,0.668602,1.26051,0.633737,0.269424,0.20705,0.925467
139,108.065,1,0.00637208,204.342,0.234286,11.3289,0.203546,0.705033,1.26547,0.61769,0.262602,0.218154,0.902033
140,110.969,1,0.00764837,193.664,0.239526,11.038,0.208821,0.660898,1.3031,0.612348,0.255953,0.218349,0.879193
141,111.533,1,0.00960731,200.165,0.236841,11.2424,0.218166,0.696303,1.5017,0.596843,0.264364,0.229934,0.856932
142,111.309,1,0.00742235,195.195,0.234415,10.7389,0.225301,0.726704,1.59577,0.640503,0.25767,0.224112,0.835234
143,119.356,1,0.00986613,191.534,0.241335,10.9992,0.216135,0.724353,1.56062,0.663252,0.251146,0.235727,0.872849
144,128.503,1,0.00951493,202.757,0.240959,11.3093,0.214991,0.714708,1.72488,0.646458,0.28151,0.272892,0.850748
145,126.717,1,0.00923108,187.991,0.236122,11.018,0.220703,0.738332,1.703,0.676513,0.274382,0.300813,0.970713
146,128.472,1,0.00878607,178.593,0.237493,10.8397,0.212271,0.702451,1.69893,0.67565,0.267435,0.293196,0.986015
147,124.464,1,0.00639403,198.608,0.23807,10.6494,0.217476,0.673498,1.70195,0.658542,0.260663,0.285773,0.961048
148,128.202,1,0.00819887,198.174,0.235436,10.3493,0.216409,0.717312,1.73098,0.664097,0.271293,0.278537,0.960655
149,122.341,1,0.0068987,195.852,0.234707,10.4549,0.219403,0.71789,1.73423,0.647282,0.297201,0.271484,0.936331
150,123.593,1,0.00787648,199.611,0.237133,10.093,0.214211,0.785841,1.84276,0.630892,0.289675,0.265739,0.912622
151,123.478,1,0.0114151,201.717,0.236422,10.0264,0.222032,0.760247,1.7961,0.679709,0.305968,0.25901,0.889514
152,116.363,1,0.00746036,197.517,0.235714,10.5552,0.215447,0.740224,1.75062,0.662499,0.298221,0.252452,0.866991
153,124.929,1,0.00655109,214.996,0.237054,10.7559,0.210939,0.831736,1.816,0.738589,0.29067,0.24606,0.926968
154,131.579,1,0.00654912,215.776,0.24318,10.856,0.215285,0.835042,2.00212,0.719888,0.28331,0.239829,0.91378
155,125.323,1,0.00466432,197.588,0.237071,10.8726,0.212188,0.74361,1.95143,0.70166,0.301448,0.233757,0.890643
156,118.757,2,0.00601458,189.186,0.23588,11.5761,0.21373,0.671959,1.90201,0.683893,0.293815,0.227838,0.868091
157,124.875,2,0.00566955,184.785,0.237845,11.8537,0.210054,0.65646,1.88097,0.624564,0.303061,0.215317,0.878174
158,115.234,2,0.00598451,176.919,0.236798,11.8028,0.206058,0.629854,1.6556,0.603361,0.265911,0.205408,0.856093
159,125.408,2,0.00497234,185.906,0.236564,11.8226,0.207808,0.650942,1.78921,0.6971,0.286805,0.239591,0.820333
160,120.279,2,0.00337996,185.017,0.235471,11.5513,0.21216,0.624212,1.85683,0.656276,0.269992,0.23561,0.777905
161,122.463,2,0.00158974,184.222,0.239674,11.2702,0.214616,0.61116,1.77257,0.664074,0.268717,0.211722,0.8309
162,132.916,2,0.00119307,186.274,0.248549,11.1811,0.210137,0.635919,2.07124,0.719701,0.271773,0.16994,0.893507
163,125.492,2,0.00158666,190.89,0.246322,11.1305,0.209741,0.632777,2.08557,0.734201,0.27723,0.149204,0.846891
164,119.79,2,0.00172248,191.93,0.241291,10.8037,0.208186,0.643544,2.13073,0.66824,0.283979,0.145853,0.859116
165,108.879,2,0.0015733,187.542,0.238195,11.1455,0.20771,0.651035,1.86195,0.658932,0.244898,0.145044,0.880267
166,110.224,2,0.00131838,185.975,0.237711,11.255,0.20932,0.652453,1.7663,0.655108,0.245375,0.145413,0.873266
167,109.979,2,0.00146181,186.295,0.236202,11.5831,0.204174,0.69731,1.64259,0.673936,0.267827,0.138894,0.911324
168,113.771,2,0.00169633,184.843,0.237005,11.9654,0.205582,0.679094,1.60237,0.691735,0.291253,0.140324,0.924527
169,118.021,2,0.00212351,184.045,0.240222,11.9793,0.207325,0.683133,1.52839,0.661193,0.314846,0.134225,0.985587
170,113.62,2,0.00223679,193.913,0.239263,11.8746,0.205212,0.71678,1.57755,0.65783,0.32575,0.124441,0.97283
171,114.806,2,0.00210104,201.355,0.237065,11.7719,0.200748,0.719605,1.59651,0.665617,0.344758,0.120183,1.02162
172,112.528,2,0.00208829,200.449,0.236293,11.992,0.200132,0.763859,1.52012,0.658351,0.3535,0.125538,0.992595
173,101.946,2,0.00209665,198.376,0.233842,11.9982,0.202905,0.759995,1.40298,0.660552,0.330459,0.116762,1.05575
174,106.301,2,0.0019839,197.176,0.233075,11.6113,0.204713,0.734143,1.385,0.660243,0.323535,0.11216,1.13125
175,110.419,2,0.00197688,192.342,0.23514,11.6264,0.202444,0.742625,1.33861,0.665983,0.316332,0.116798,1.14091
176,114.283,2,0.00199521,194.854,0.236108,11.3735,0.201736,0.739755,1.3881,0.649138,0.315887,0.121043,1.16725
177,111.006,2,0.00213225,191.667,0.237826,11.4638,0.202077,0.738859,1.34249,0.642927,0.328234,0.115276,1.16015
178,114.33,2,0.00215819,195.604,0.239662,11.4704,0.200845,0.749552,1.27796,0.656059,0.319215,0.118809,1.17902
179,100.798,2,0.00201582,194.175,0.237921,11.7115,0.199294,0.732457,1.26024,0.645262,0.32612,0.110529,1.1429
180,109.433,2,0.00208443,198.505,0.237367,11.6134,0.198289,0.735425,1.26441,0.660133,0.337911,0.111038,1.1071
181,109.338,2,0.00204456,195.657,0.236784,11.6763,0.199157,0.736514,1.27802,0.668829,0.341046,0.110279,1.11571
182,114.014,2,0.00202684,191.274,0.239343,11.7288,0.199912,0.697057,1.26969,0.673529,0.329906,0.112346,1.09762
183,110.018,2,0.00204754,188.687,0.239289,11.6257,0.199822,0.665229,1.3121,0.677177,0.324656,0.111746,1.08281
184,111.179,2,0.00191542,188.101,0.240502,11.6867,0.200144,0.642993,1.34546,0.66451,0.327812,0.10998,1.04481
185,109.223,2,0.00187939,187.034,0.239996,11.5737,0.199173,0.63493,1.36233,0.667204,0.339202,0.107323,1.02136
186,111.615,2,0.00187984,184.716,0.240752,11.6829,0.19926,0.631498,1.3277,0.660574,0.343458,0.107194,1.03552
187,105.376,2,0.00182513,183.937,0.240525,11.7363,0.198452,0.633211,1.30238,0.665274,0.33946,0.105537,1.03307
188,106.69,2,0.00194759,182.75,0.240041,11.8579,0.198809,0.629276,1.3198,0.656939,0.337092,0.105027,1.03147
189,109.851,2,0.00194459,182.548,0.240725,11.7678,0.200035,0.626976,1.32623,0.641959,0.336264,0.106754,1.0183
190,106.71,2,0.0019792,183.529,0.240596,11.8326,0.200771,0.628879,1.35842,0.638131,0.339346,0.104732,1.00058
191,102.197,2,0.00192151,182.012,0.239451,11.9067,0.200472,0.628164,1.36979,0.633606,0.336761,0.104035,1.00289
192,109.468,2,0.00192862,181.042,0.239315,12.0406,0.199827,0.632711,1.3722,0.633871,0.33589,0.105602,1.00238
193,99.86,2,0.00190028,182.448,0.239465,12.0162,0.200023,0.632784,1.35836,0.630832,0.333469,0.104058,0.98438
194,104.076,2,0.00189117,182.903,0.239197,12.1142,0.199969,0.629883,1.35829,0.633457,0.335797,0.105223,0.953339
195,105.699,2,0.00198154,182.874,0.239134,12.0766,0.200024,0.627953,1.36149,0.629372,0.33575,0.105856,0.95182
196,102.571,2,0.00191069,182.085,0.239409,12.0176,0.200244,0.624162,1.34376,0.624849,0.335581,0.106406,0.941372
197,98.1543,2,0.00190534,182.38,0.238783,12.0042,0.200084,0.628766,1.32569,0.622056,0.341355,0.106851,0.925615
198,99.3441,2,0.00189377,181.829,0.23851,12.0339,0.200149,0.630132,1.30299,0.620982,0.344083,0.107429,0.917648
199,108.486,2,0.00186623,183.006,0.238365,12.0299,0.199689,0.632671,1.33382,0.620236,0.34214,0.108553,0.915503
200,101.751,2,0.00183005,183.576,0.238171,12.0976,0.199425,0.639846,1.33072,0.619946,0.342124,0.108311,0.915376
201,103.908,2,0.00183421,183.748,0.238086,12.0996,0.19891,0.640726,1.33026,0.620862,0.342292,0.108213,0.915262
202,105.596,2,0.00183111,183.605,0.238103,12.0898,0.199121,0.644092,1.34051,0.617707,0.340218,0.108705,0.915499
203,107.091,2,0.00185204,183.866,0.238541,12.1208,0.199055,0.643404,1.34404,0.614225,0.34068,0.108356,0.914429
204,101.741,2,0.00188636,183.261,0.238747,12.1125,0.199216,0.639085,1.34446,0.611274,0.34053,0.107503,0.910745
205,103.276,2,0.00189694,183.076,0.238974,12.1106,0.199255,0.642985,1.34799,0.609662,0.340371,0.107246,0.903892
206,98.7441,2,0.00189178,182.96,0.239027,12.1212,0.199361,0.641838,1.3476,0.608164,0.340363,0.107177,0.901594
207,97.3773,2,0.00189136,183.327,0.239079,12.1292,0.199302,0.642818,1.3439,0.607962,0.340156,0.106942,0.899644
208,102.429,2,0.00188035,183.304,0.239056,12.1303,0.199286,0.6431,1.3439,0.607296,0.340205,0.10687,0.900207
209,95.664,2,0.00187751,183.357,0.239036,12.1409,0.199294,0.643834,1.34221,0.606599,0.339982,0.106675,0.899754
210,102.972,2,0.00189015,183.623,0.239041,12.1332,0.19921,0.643904,1.34151,0.606147,0.340393,0.106586,0.899754
211,100.287,2,0.00188743,183.873,0.238974,12.1294,0.199151,0.645374,1.34312,0.605432,0.339869,0.106676,0.900267
212,94.6625,2,0.00188277,183.874,0.2389,12.1285,0.199176,0.644807,1.34363,0.605267,0.338941,0.10668,0.89897
213,104.897,2,0.00187832,183.976,0.238879,12.1329,0.199166,0.644941,1.34284,0.60546,0.33875,0.107039,0.897985
214,109.021,2,0.00187214,183.972,0.238967,12.1403,0.19916,0.645544,1.34428,0.604635,0.339478,0.106874,0.898531
215,110.613,2,0.00185973,184.412,0.239103,12.1297,0.199221,0.645882,1.34731,0.605755,0.339007,0.106707,0.89797
216,110.571,2,0.00185416,184.878,0.239115,12.1321,0.19917,0.647731,1.35129,0.606176,0.33937,0.106649,0.898099
217,107.519,2,0.00184772,185.042,0.239087,12.1277,0.199136,0.64927,1.35149,0.605906,0.339899,0.106734,0.899104
218,101.915,2,0.00184517,184.786,0.239121,12.127,0.199188,0.648038,1.3504,0.605571,0.339722,0.10668,0.898854
219,105.543,2,0.00185627,184.524,0.23915,12.1331,0.1992,0.647083,1.35016,0.605796,0.340494,0.106468,0.898566
220,108.49,2,0.00186651,184.461,0.239172,12.1386,0.199156,0.646628,1.35082,0.605555,0.341492,0.106407,0.898471
221,104.247,2,0.00186168,184.537,0.239265,12.1441,0.19917,0.645428,1.34915,0.605208,0.341507,0.106502,0.896177
222,103.233,2,0.00185498,184.73,0.239249,12.1505,0.199179,0.645587,1.34734,0.605477,0.342239,0.106528,0.8948
223,102.016,2,0.00184645,184.739,0.239154,12.156,0.199249,0.64601,1.34704,0.605696,0.342456,0.106589,0.895266
224,98.1129,2,0.00184695,184.779,0.239202,12.1605,0.199273,0.645681,1.34674,0.604913,0.34219,0.106412,0.89404
225,96.6494,2,0.00184495,184.554,0.239124,12.1708,0.199316,0.644748,1.34427,0.604705,0.342417,0.106484,0.893705
226,92.7089,2,0.0018406,184.369,0.239098,12.1782,0.199369,0.644255,1.34272,0.603797,0.342291,0.106276,0.893003
227,103.302,2,0.00184525,184.463,0.239102,12.1785,0.199377,0.644421,1.34408,0.603634,0.342367,0.10623,0.892159
228,98.0372,2,0.00184119,184.671,0.239067,12.1793,0.199383,0.645262,1.34198,0.603751,0.342609,0.10603,0.892462
229,100.731,2,0.00184429,184.606,0.238982,12.179,0.199371,0.645518,1.34283,0.603512,0.34249,0.106095,0.89307
230,100.021,2,0.00185136,184.495,0.238974,12.1837,0.19942,0.645374,1.34252,0.602983,0.34214,0.106047,0.893958
231,98.8597,2,0.00185235,184.527,0.238961,12.1913,0.199396,0.644618,1.34179,0.602878,0.342035,0.105992,0.89327
232,104.088,2,0.00185917,184.208,0.238986,12.2037,0.199377,0.643652,1.33988,0.603031,0.342725,0.105921,0.892722
233,106.041,2,0.00186219,183.986,0.238983,12.2147,0.19937,0.64228,1.34316,0.602474,0.342823,0.105982,0.891758
234,103.328,2,0.00186838,184.153,0.238965,12.2158,0.199364,0.643523,1.34335,0.602029,0.342767,0.105968,0.893023
235,99.3465,2,0.00186298,184.348,0.238954,12.2057,0.199367,0.644378,1.34508,0.601962,0.3422,0.105897,0.892804
236,101.839,2,0.00185722,184.422,0.238979,12.2072,0.199344,0.645063,1.34538,0.601732,0.342201,0.105799,0.892522
237,108.108,2,0.00185247,184.361,0.239001,12.2121,0.199402,0.64498,1.34529,0.601953,0.34197,0.106016,0.892537
238,94.5533,2,0.00185372,184.395,0.238988,12.2185,0.199383,0.645168,1.34397,0.601426,0.341836,0.105946,0.891325
239,101.493,2,0.00185502,184.382,0.238988,12.2284,0.199385,0.645051,1.34288,0.601482,0.341806,0.106045,0.890185
240,106.56,2,0.001858,184.453,0.238999,12.241,0.199318,0.645497,1.34298,0.601156,0.342306,0.106142,0.889733
241,105.534,2,0.00186012,184.551,0.239017,12.2418,0.199326,0.646255,1.34541,0.602023,0.342236,0.105951,0.888974
242,98.3112,2,0.00185738,184.46,0.239062,12.2518,0.199305,0.646277,1.34632,0.601795,0.34226,0.105745,0.887343
243,103.793,2,0.00185542,184.322,0.239133,12.2561,0.19934,0.646422,1.34661,0.601638,0.342018,0.105666,0.886598
244,110.001,2,0.00184829,184.401,0.239236,12.2621,0.199352,0.646029,1.34779,0.601432,0.342235,0.105634,0.885524
245,103.935,2,0.00184367,184.499,0.239193,12.2633,0.199378,0.646699,1.34896,0.60162,0.342108,0.105807,0.885035
246,91.5128,2,0.00184497,184.761,0.239148,12.2589,0.199399,0.647762,1.34658,0.601817,0.341939,0.105636,0.884643
247,111.559,2,0.00184487,184.708,0.239203,12.256,0.199425,0.64838,1.34993,0.601187,0.341644,0.105792,0.884444
248,104.545,2,0.00183872,184.762,0.23922,12.263,0.199464,0.648465,1.3508,0.601161,0.341629,0.105854,0.883297
249,99.6317,2,0.00184397,184.802,0.239203,12.2697,0.199441,0.648316,1.35009,0.600501,0.341672,0.10592,0.883302
250,107.684,2,0.00184112,184.882,0.239253,12.2681,0.19949,0.648552,1.34977,0.59978,0.342042,0.106038,0.882638
251,101.14,2,0.00184741,185.058,0.23927,12.2591,0.199528,0.648953,1.35003,0.59991,0.341769,0.106029,0.882045