time,id,TC_SAEM,IC_SAEM
0,1,2000,9000
0.57,1,2000,9000
0.97,1,2000,9000
1.49,1,2160.35,8845.56
1.96,1,3039.75,8080.11
2.63,1,4178.77,7278.52
3.06,1,5215.44,6562.51
3.49,1,6023.67,6115.55
4.05,1,7754.69,4956.17
4.71,1,9740.01,3796.62
4.95,1,10490.6,3372.35
4.99,1,10610.7,3307.58
5.97,1,13157.9,2097.54
6.92,1,14557.7,1809.08
8.1,1,10020.4,6377.65
9.12,1,2466.29,11411.2
9.98,1,1767.26,10428.1
11.02,1,1823.67,9529.9
13.19,1,1975.28,9039.2
14.85,1,1997.05,9002.55
0,2,2000,9000
0.52,2,2000,9000
1.22,2,2001.85,8998.17
1.67,2,2746.05,8308.48
1.94,2,3542.05,7636.03
2.46,2,5146.65,6446.22
2.84,2,6558.34,5461.28
3.41,2,8589.4,4223.08
4.04,2,10890.4,2912.83
4.43,2,12181.1,2265
5.08,2,14073.8,1416.29
5.11,2,14151,1385.44
5.98,2,16041.4,717.698
6.94,2,17409.9,391.191
7.98,2,17912.8,604.276
9,2,14420.4,3957.3
9.9,2,3934.84,11921.6
10.95,2,1661.3,11055.6
13.1,2,1896,9219.89
14.83,2,1983.91,9021.8
0,3,2000,9000
0.5,3,2000,9000
0.9,3,2000,9000
1.48,3,2164.57,8841.57
1.99,3,3117.41,8020.1
2.59,3,4113.14,7327.31
3.05,3,5221.52,6558.92
3.5,3,6083.53,6075.87
3.96,3,7509.94,5112.37
4.75,3,9908.31,3699.3
5,3,10678.8,3271.41
5.16,3,11130.1,3042.87
5.92,3,13069.8,2136.53
6.91,3,14558.2,1811.32
8.07,3,10176.1,6244.96
9.06,3,2595.41,11407.7
9.82,3,1790.04,10612.2
11.11,3,1836.45,9474.19
12.93,3,1967.9,9054.42
14.98,3,1997.66,9001.79
0,4,2000,9000
0.37,4,2000,9000
0.98,4,2000,9000
1.42,4,2133.62,8870.28
2.12,4,4012.8,7266.83
2.52,4,5263.01,6362.81
2.97,4,6949.86,5203.07
3.54,4,8960.69,4006.31
4.03,4,10757.4,2984.99
4.5,4,12314.7,2201.51
4.83,4,13313.3,1739.15
4.97,4,13707.1,1568.22
5.91,4,15859.7,774.648
7,4,17442.2,387.813
7.96,4,17922.1,572.718
8.89,4,15477.1,3026.81
10.02,4,3269.14,12212.3
11.08,4,1658.77,10867.3
13.04,4,1887.91,9242.7
14.95,4,1985.7,9018.86
0,5,2000,9000
0.57,5,2000,9000
0.97,5,2000,9000
1.31,5,2020.27,8980.02
2.23,5,4342.59,7022.85
2.57,5,5448.42,6230.27
2.97,5,6956.74,5198.42
3.42,5,8537.46,4252.97
4.06,5,10875.6,2920.03
4.57,5,12545.3,2090.51
4.81,5,13266.9,1758.56
4.92,5,13580,1621.32
6.1,5,16213.3,665.529
6.81,5,17241.4,416.297
7.91,5,17933,540.246
9.1,5,13670,4605.3
9.8,5,4999.42,11328.8
11.08,5,1658.47,10864.8
12.94,5,1877.71,9272.26
14.81,5,1983.08,9023.2
0,6,2000,9000
0.46,6,2000,9000
1.17,6,2000.01,8999.99
1.51,6,2342.18,8673.67
2.07,6,3930.53,7329.66
2.49,6,5238.25,6380.4
3.02,6,7220.83,5029.95
3.54,6,9001.81,3997.5
3.88,6,10169,3352.56
4.5,6,11941.8,2537.59
4.92,6,12923.3,2160.75
5.05,6,13170.1,2089.73
5.92,6,14321,1908.23
6.87,6,13719.8,3077.44
8.2,6,3644.49,11051.4
9.02,6,1854.09,10859.5
10.13,6,1796.9,9694.09
10.91,6,1875.47,9306.98
13.11,6,1987.27,9016.89
15.01,6,1999.02,9000.56
0,7,2000,9000
0.5,7,2000,9000
1.03,7,2000,9000
1.65,7,2740.94,8310.12
1.93,7,3664.51,7521.56
2.46,7,5739.57,5939.62
2.96,7,7924.33,4454.72
3.4,7,9765.18,3355.76
3.99,7,11987.9,2196.03
4.6,7,13852.7,1400.42
4.93,7,14687.9,1098.84
5,7,14849.1,1045.71
6.13,7,16833.6,521.219
6.91,7,17602.7,457.548
7.84,7,17208.5,1294.46
9.08,7,6323.16,10370.7
9.83,7,1990.19,12021.1
11.15,7,1720.24,9976.8
12.81,7,1922.76,9153.17
15.18,7,1995.46,9003.97
0,8,2000,9000
0.48,8,2000,9000
0.93,8,2000,9000
1.41,8,2173.66,8831.62
1.94,8,3717.72,7477.86
2.51,8,5973.15,5773.54
2.94,8,7858.36,4497.36
3.42,8,9865.04,3300.19
4,8,12039.2,2171.92
4.52,8,13645.1,1481.33
4.93,8,14699.1,1095.12
5.15,8,15185,941.611
5.88,8,16483.8,598.783
6.98,8,17644.6,470.137
8.23,8,15655,2768.25
9.11,8,5946.92,10631.5
10.01,8,1802.94,11695.7
11.04,8,1712.35,10080.6
12.93,8,1931.08,9130.89
15.05,8,1994.59,9005.21
0,9,2000,9000
0.5,9,2000,9000
1.08,9,2000,9000
1.72,9,2941.73,8133.1
1.97,9,3797.45,7412.96
2.68,9,6676.04,5284.11
3.05,9,8298.78,4220.94
3.6,9,10539.2,2932.62
4.03,9,12111.2,2138.88
4.45,9,13423.1,1569.7
4.95,9,14725.6,1086.63
5.16,9,15187.7,941.275
5.83,9,16392.8,621.139
7,9,17648.5,473.905
8.07,9,16501.2,1988.58
9.01,9,7216.94,9730.25
9.93,9,1875.53,11856.1
11.01,9,1700.65,10126.5
13.13,9,1943.51,9102.57
14.84,9,1992.83,9007.38
0,10,2000,9000
0.41,10,2000,9000
0.92,10,2000,9000
1.54,10,2377.17,8641.33
2.02,10,3735.08,7481.88
2.69,10,5923.35,5895.52
2.92,10,6799.22,5301.07
3.63,10,9268.4,3847.06
3.84,10,9990.47,3448.15
4.41,10,11676.5,2647.8
4.86,10,12770,2212.29
5.03,10,13111.2,2104.38
6.11,10,14471.1,1916.16
6.95,10,13491.1,3308.77
8.03,10,4887.3,10339
8.96,10,1889.98,10964.4
9.89,10,1776.3,9889.23
10.94,10,1877.08,9301.98
13.08,10,1986.49,9018.22
15.12,10,1999.14,9000.47
0,11,2000,9000
0.45,11,2000,9000
0.81,11,2000,9000
1.57,11,2479.73,8547.36
2.06,11,3900.93,7352.59
2.52,11,5345.51,6303.86
3.15,11,7684,4747.39
3.46,11,8725.48,4154.76
3.97,11,10461.9,3200.66
4.53,11,12017.6,2506.27
5.04,11,13151.2,2094.98
5.11,11,13270.2,2067.86
6.07,11,14449.6,1913.71
6.9,11,13613.3,3184.28
8,11,4994.68,10268
8.78,11,2019.28,11169.3
10.11,11,1794.94,9707.79
11.27,11,1911.18,9200.19
12.99,11,1985.17,9020.49
14.95,11,1998.93,9000.64
0,12,2000,9000
0.35,12,2000,9000
1.03,12,2000,9000
1.31,12,2035.03,8965.56
2.21,12,4350.34,7017.22
2.46,12,5138.26,6452
3.01,12,7188.92,5050.08
3.51,12,8903.7,4052.82
4.11,12,10899.3,2985.04
4.58,12,12148.3,2452.05
5.06,12,13190.4,2084.6
5.07,12,13207.7,2080.55
6.04,12,14430.6,1908.6
7.13,12,12530.7,4216.38
7.94,12,5481.78,9943.01
9.11,12,1821.49,10735.8
10.11,12,1795.01,9707.31
10.93,12,1878.09,9299.26
13.02,12,1986.06,9019.48
14.9,12,1998.77,9000.84
0,13,2000,9000
0.5,13,2000,9000
0.99,13,2000,9000
1.49,13,2163.08,8842.98
1.95,13,3024.84,8091.81
2.48,13,3841.84,7528.25
2.88,13,4815.18,6820.06
3.5,13,6058.32,6092.45
3.89,13,7250.78,5282.81
4.53,13,9180.15,4124.83
4.92,13,10407.8,3417.89
5.09,13,10909.6,3151.92
6.09,13,13438,1978.81
7,13,14561.4,1878.23
8.1,13,10003.5,6392.57
9.05,13,2660.01,11400.8
10.09,13,1759.79,10296.6
10.95,13,1817.48,9568.54
13.06,13,1971.77,9045.24
15.09,13,1998.29,9000.78
0,14,2000,9000
0.67,14,2000,9000
0.99,14,2000,9000
1.47,14,2241.17,8768.12
1.97,14,3593.98,7594.06
2.33,14,4677.7,6782.11
2.97,14,7000.49,5170.41
3.54,14,9010.99,3976.7
3.9,14,10339.4,3213.68
4.41,14,12072.7,2318.11
5.06,14,13985,1452.67
5.08,14,14037.3,1431.41
5.92,14,15904.3,760.566
6.99,14,17446.2,387.12
7.9,14,17932.5,540.36
9.08,14,13773.6,4516.01
9.93,14,3801.15,11985.1
10.95,14,1663.31,11076.4
12.92,14,1876.61,9275.53
14.99,14,1986.57,9017.46
0,15,2000,9000
0.48,15,2000,9000
0.91,15,2000,9000
1.46,15,2144.87,8860.24
2.13,15,3348.53,7854.38
2.51,15,3942.22,7454.16
3.05,15,5236.67,6549.08
3.3,15,5657.38,6337.55
4.13,15,8059.45,4769.52
4.42,15,8894.14,4291.95
4.92,15,10457.8,3390.73
5.1,15,10983.5,3114.92
5.94,15,13132.2,2109.11
6.8,15,14520.2,1750.77
7.94,15,11244.7,5318.29
8.92,15,3085.08,11291.3
9.92,15,1772.05,10478.9
11.03,15,1826.16,9516.09
13.14,15,1974.76,9039.38
14.89,15,1997.67,9001.45
0,16,2000,9000
0.49,16,2000,9000
1.12,16,2000,9000
1.53,16,2227.45,8782.44
2.11,16,3299.59,7887.53
2.47,16,3827.28,7538.89
2.94,16,4966.21,6718.39
3.58,16,6286.99,5938.21
4.13,16,8018.91,4793.81
4.33,16,8591.53,4465.16
4.89,16,10325.2,3463.49
5.07,16,10861.6,3176.36
5.9,16,13004.5,2165.93
7.07,16,14539.5,1959.15
8.03,16,10605.6,5876.65
8.9,16,3237.51,11234.5
10.1,16,1759.5,10281.6
10.92,16,1815.32,9583.77
13.09,16,1972.83,9043.14
15.08,16,1998.27,9000.8
0,17,2000,9000
0.53,17,2000,9000
1.14,17,2000,9000
1.44,17,2145.47,8858.94
1.95,17,3453.68,7707.71
2.59,17,5470.18,6215.06
3.05,17,7200.86,5042.85
3.47,17,8638.96,4203.64
3.9,17,10118.4,3379.35
4.61,17,12130.8,2459.36
4.93,17,12871.2,2177.79
5,17,13012,2133.12
5.99,17,14355.3,1905.91
6.93,17,13637.1,3161.52
7.96,17,5626.91,9842.96
8.98,17,1890.22,10963.6
10.04,17,1784.54,9786.34
11.06,17,1887.74,9268.64
12.86,17,1984.15,9024.21
15.05,17,1998.9,9000.72
0,18,2000,9000
0.55,18,2000,9000
0.99,18,2000,9000
1.64,18,2668.59,8377.17
2.04,18,3853.52,7389.28
2.38,18,4881.24,6636.51
3.08,18,7455.7,4884.27
3.56,18,9137.77,3902.24
3.96,18,10608.9,3065.03
4.52,18,12466.4,2128.8
5.06,18,14024.6,1435.94
5.94,18,15970.1,739.553
7.16,18,17617.5,373.777
8,18,17901.8,623.903
9.03,18,14107.5,4227.82
9.85,18,4306.6,11729.5
11.08,18,1656.11,10824.4
13,18,1886.62,9246.37
15.03,18,1987.47,9016.05
0,19,2000,9000
0.36,19,2000,9000
1.11,19,2000,9000
1.63,19,2432.52,8594.3
2.21,19,3453.06,7789.18
2.35,19,3639.28,7672.2
2.92,19,4956.62,6724.78
3.52,19,6162.29,6022.96
4.09,19,7946.1,4837.8
4.54,19,9270.3,4071.89
4.92,19,10465.3,3386.39
5.11,19,11018,3097.66
5.74,19,12645.5,2331.78
7.07,19,14531,1979.52
7.92,19,11385,5194.21
8.87,19,3305.41,11206.8
9.98,19,1765.2,10403.2
10.93,19,1817.4,9569.13
13.11,19,1973.94,9040.97
14.95,19,1997.9,9001.19
0,20,2000,9000
0.45,20,2000,9000
0.97,20,2000,9000
1.58,20,2393.23,8626.51
1.95,20,3417.62,7737.12
2.47,20,5008.85,6544.85
2.95,20,6785.19,5310.54
3.44,20,8517.66,4264.79
4.06,20,10784.2,2969.44
4.51,20,12275.8,2219.37
5,20,13727.9,1558.93
5.11,20,14021.8,1437.19
6.05,20,16077.6,706.562
7.01,20,17430.3,388.713
7.82,20,17934.1,478.108
8.81,20,16137.7,2434.64
9.96,20,3855,11960
10.89,20,1680.45,11254
13,20,1881.14,9262.19
14.93,20,1984.87,9020.21
0,21,2000,9000
0.54,21,2000,9000
1.05,21,2000,9000
1.52,21,2352.89,8663.79
1.95,21,3546.7,7632.18
2.6,21,5615.87,6112.09
2.97,21,7014.52,5161.82
3.22,21,7901.85,4620.96
3.95,21,10380.3,3242.25
4.62,21,12229.6,2419.07
4.92,21,12912.3,2164.05
5.14,21,13310.8,2059.17
5.91,21,14306.2,1908.72
7.02,21,13151.5,3636.79
7.99,21,5132.48,10178.6
8.92,21,1908.13,11005.9
10.01,21,1784.42,9787.18
11.2,21,1904.62,9219.42
12.92,21,1984.36,9022.65
14.87,21,1998.72,9000.89
0,22,2000,9000
0.65,22,2000,9000
0.9,22,2000,9000
1.63,22,2713.72,8334.39
1.92,22,3666.72,7519.75
2.57,22,6257.63,5574.73
2.93,22,7837.97,4512.58
3.55,22,10398.1,3009.09
3.9,22,11707,2332.91
4.34,22,13141.5,1684.74
5.07,22,15025.7,990.384
5.17,22,15236.4,927.22
6.05,22,16738.1,541.428
6.96,22,17634.9,468.937
8.09,22,16341.1,2137.3
8.98,22,7393.62,9597.91
10.09,22,1749.03,11524.5
11,22,1700.88,10119.5
12.95,22,1932.92,9125.91
15.24,22,1995.61,9003.66
0,23,2000,9000
0.67,23,2000,9000
1.05,23,2000,9000
1.5,23,2180.72,8826.31
2.07,23,3236.96,7931.65
2.47,23,3826.05,7539.81
2.93,23,4941.21,6734.97
3.48,23,6012.89,6122.4
4.01,23,7645.44,5025.38
4.33,23,8589.28,4466.51
4.92,23,10414.5,3414.37
5.11,23,10971.9,3120.68
5.93,23,13074.5,2134.65
6.89,23,14552.6,1791.3
7.92,23,11513,5080.45
9.14,23,2407.08,11406.8
9.92,23,1773.96,10496.5
10.89,23,1812.76,9601.65
13.2,23,1976.06,9036.9
14.98,23,1997.95,9001.14
0,24,2000,9000
0.56,24,2000,9000
1,24,2000,9000
1.39,24,2053.87,8947.41
2.16,24,3371.12,7839.89
2.71,24,4395.34,7118.52
3,24,5102.4,6631.22
3.58,24,6288.75,5936.68
4.11,24,7961.33,4828.24
4.5,24,9100.23,4171.15
4.9,24,10359.8,3443.9
5,24,10661.6,3280.28
6.03,24,13313.7,2030.19
7.05,24,14545.4,1938.3
8.03,24,10583.7,5894.83
8.97,24,2924.19,11342.5
9.97,24,1767.54,10431.3
10.93,24,1816.36,9576.64
12.92,24,1967.01,9054.83
14.94,24,1997.82,9001.29
0,25,2000,9000
0.8,25,2000,9000
1.04,25,2000,9000
1.62,25,2569.59,8465.91
2.09,25,3950.86,7314.17
2.58,25,5512.92,6184.73
3.15,25,7636.83,4775.18
3.42,25,8564.02,4237.77
4.08,25,10971.6,2869.36
4.72,25,13024.4,1867.82
5.01,25,13847.1,1508.01
5.05,25,13953.7,1464.01
5.94,25,15938.9,748.783
6.96,25,17414.4,390.378
8.09,25,17866.5,688.969
8.93,25,15122.4,3342.3
9.93,25,3819.34,11976.9
11.03,25,1659.81,10937.5
13,25,1884.75,9251.73
15.15,25,1988.99,9013.74
0,26,2000,9000
0.48,26,2000,9000
1,26,2000,9000
1.47,26,2249.71,8760.09
2.05,26,3854.28,7388.5
2.3,26,4599.66,6837.93
2.79,26,6334.84,5612.03
3.45,26,8702.2,4156.97
3.86,26,10213.2,3283.11
4.46,26,12249.4,2232.07
4.97,26,13759.6,1545.63
4.99,26,13813.7,1522.91
6.05,26,16151.9,684.161
6.97,26,17432,388.484
7.94,26,17926.3,568.762
8.85,26,15645.9,2877.86
10.17,26,2528.22,12335
11.04,26,1660.03,10908.5
13.02,26,1887.43,9244.04
15.06,26,1987.75,9015.62
0,27,2000,9000
0.35,27,2000,9000
0.97,27,2000,9000
1.53,27,2383.27,8635.71
1.93,27,3496.72,7672.63
2.46,27,5130.02,6458.11
2.86,27,6616.37,5422.44
3.55,27,9078,3937.47
4.07,27,10975,2868.94
4.52,27,12446.6,2138.46
4.9,27,13575.1,1624.3
4.95,27,13713.4,1565.18
5.99,27,16050,714.936
7.08,27,17541.4,377.85
8,27,17905.4,617.768
9,27,14451.1,3929.94
9.87,27,4200.47,11786.2
10.99,27,1658.92,10990.3
13.04,27,1889.89,9237.06
15.06,27,1987.83,9015.51
0,28,2000,9000
0.56,28,2000,9000
0.92,28,2000,9000
1.68,28,2716.19,8334.82
1.91,28,3385.24,7763.78
2.45,28,5040.45,6522.21
2.99,28,7045.99,5141.07
3.53,28,8946.31,4014.38
3.9,28,10311.8,3228.74
4.38,28,11952.5,2376.22
4.99,28,13778.3,1538.06
5.09,28,14043.9,1428.57
5.98,28,16002,729.876
7.01,28,17458.5,385.822
7.84,28,17935.2,503.038
8.96,28,14916.4,3522.72
10.01,28,3300,12200.9
10.92,28,1670.16,11140.3
13,28,1884.35,9252.88
14.74,28,1981.67,9025.63
0,29,2000,9000
0.43,29,2000,9000
0.98,29,2000,9000
1.47,29,2234.08,8774.31
1.94,29,3617.67,7560.03
2.58,29,6155.26,5646.31
2.96,29,7822.03,4522.45
3.44,29,9831.24,3320.33
4.08,29,12214,2090.75
4.5,29,13510,1534.83
4.96,29,14703.3,1094.01
5.17,29,15167.8,947.087
6.06,29,16705.7,548.275
7.32,29,17719.5,591.576
7.81,29,17319.4,1176.61
9.28,29,4500.36,11543.6
9.93,29,1895.85,11892.1
11.02,29,1699.27,10137.7
12.97,29,1932.27,9129.57
15.09,29,1994.69,9005.07
0,30,2000,9000
0.46,30,2000,9000
0.99,30,2000,9000
1.64,30,2770.82,8283.56
2.13,30,4493.19,6862.61
2.41,30,5614.3,6029.82
3.09,30,8572.83,4050.31
3.48,30,10163.4,3135.27
3.79,30,11347.3,2510.52
4.35,30,13201.7,1659.24
4.96,30,14803.9,1060.6
5.1,30,15112.1,963.653
5.92,30,16566.4,579.644
6.94,30,17630.5,466.334
8.11,30,16213.2,2257.23
9.04,30,6556.4,10206.7
9.9,30,1881.49,11867
11.19,30,1727.72,9920.51
12.98,30,1935.81,9120.41
14.9,30,1993.64,9006.24
0,31,2000,9000
0.49,31,2000,9000
0.9,31,2000,9000
1.4,31,2170.45,8834.68
1.98,31,3894.95,7333.92
2.5,31,5965.44,5779
3.15,31,8796.67,3915.46
3.58,31,10527.5,2937.89
4.12,31,12467.6,1974.35
4.5,31,13613.4,1493.51
4.96,31,14788.1,1065.61
4.98,31,14833.8,1050.7
6.08,31,16784.2,531.276
7.19,31,17716.4,541.318
7.88,31,17087.6,1420.2
8.97,31,7537.95,9493.77
9.94,31,1852.47,11811.3
11.04,31,1706.74,10077.9
12.92,31,1931.38,9131.59
14.94,31,1993.83,9006.05
0,32,2000,9000
0.48,32,2000,9000
1.12,32,2000,9000
1.56,32,2415.88,8605.78
1.91,32,3387.19,7762.18
2.41,32,4908.71,6616.75
3.09,32,7414.68,4909.31
3.55,32,8980.21,4009.33
4.08,32,10755.8,3053.6
4.58,32,12103.4,2470.54
4.95,32,12950.7,2152.09
5.01,32,13067.2,2117.19
5.9,32,14283.3,1911.79
7.03,32,13149.8,3637.58
7.91,32,5898.4,9652.76
8.94,32,1902.09,10992.1
10.23,32,1805.31,9638.53
11.07,32,1890.61,9259.7
13.06,32,1986.13,9018.83
14.79,32,1998.62,9000.94
0,33,2000,9000
0.53,33,2000,9000
1.13,33,2000,9000
1.54,33,2371.58,8646.5
2.2,33,4270.34,7075.14
2.61,33,5612.42,6114.15
2.97,33,6974.28,5187.37
3.38,33,8398.31,4339.84
3.99,33,10473.7,3194.4
4.51,33,11926.4,2543.54
4.92,33,12891.2,2170.49
4.94,33,12932.1,2157.18
5.88,33,14263.6,1913.17
7.12,33,12701.9,4059.98
8.12,33,4250.29,10729.2
9.03,33,1857.54,10871.7
10,33,1782.58,9803.97
10.95,33,1877.95,9299.32
12.98,33,1984.63,9021.44
15.11,33,1999.12,9000.48
0,34,2000,9000
0.55,34,2000,9000
1.05,34,2000,9000
1.69,34,2768.59,8288.53
1.97,34,3598.04,7590.95
2.54,34,5386.88,6274.3
2.91,34,6778.97,5314.69
3.51,34,8869.44,4072.55
4.04,34,10656.8,3102.44
4.58,34,12123.3,2462.47
5.01,34,13082,2113.17
5.1,34,13240.9,2073.54
5.78,34,14154,1932.5
7.17,34,12343.5,4386.78
7.96,34,5389.55,10005.4
9.07,34,1837.9,10802
9.86,34,1775.28,9907.43
10.95,34,1879.3,9295.45
13.36,34,1990.56,9011.8
15.15,34,1999.02,9000.64
0,35,2000,9000
0.58,35,2000,9000
1,35,2000,9000
1.56,35,2524.15,8505.36
1.94,35,3743.62,7456.81
2.62,35,6480.76,5418.52
3.07,35,8451.61,4126.23
3.56,35,10443.4,2984.26
3.88,35,11641.4,2364.92
4.51,35,13634.9,1486.04
4.97,35,14806.1,1060.22
5.09,35,15071.5,976.232
6.11,35,16821.6,523.846
7.19,35,17713.5,542.531
7.91,35,17000.2,1506.17
9.04,35,6649.42,10141.1
10.1,35,1744.77,11505.6
11.05,35,1704.36,10069.1
13.07,35,1940.49,9107.47
14.89,35,1993.85,9007
0,36,2000,9000
0.4,36,2000,9000
1.04,36,2000,9000
1.52,36,2363.46,8653.1
2.03,36,3984.3,7262.32
2.4,36,5434.64,6159.99
3.14,36,8643.63,4007.33
3.66,36,10734.4,2827.54
3.98,36,11907.2,2234.94
4.36,36,13132.4,1687.83
4.72,36,14136.3,1293.85
5.21,36,15271,916.905
6.12,36,16802.2,527.893
7.14,36,17698.5,511.521
7.98,36,16869.4,1636.29
8.91,36,8645.45,8649.92
9.95,36,1874.61,11828.7
10.91,36,1689.56,10250.8
13.04,36,1936.78,9117.21
14.98,36,1993.93,9006.77
0,37,2000,9000
0.58,37,2000,9000
1.04,37,2000,9000
1.43,37,2096.96,8905.89
2.07,37,3245.98,7925.31
2.54,37,3991.66,7417.16
3.1,37,5318.2,6502.46
3.7,37,6667.37,5677.61
3.8,37,6986.96,5459.79
4.46,37,8992.64,4234.35
4.78,37,10000.1,3646.74
5.03,37,10763.6,3226.95
5.88,37,12970.6,2181.19
7.03,37,14552.4,1919.37
7.96,37,11142.8,5408.09
8.9,37,3208.35,11245.8
10.03,37,1762.05,10355.5
11.01,37,1823.38,9530.79
12.9,37,1966.38,9056.1
15.04,37,1998.17,9000.9
0,38,2000,9000
0.61,38,2000,9000
0.95,38,2000,9000
1.6,38,2374.61,8646.61
2.1,38,3308.58,7880.95
2.73,38,4478.91,7058.49
3.05,38,5234.9,6551.17
3.37,38,5788.81,6264.69
4.06,38,7844.03,4900.96
4.54,38,9260.16,4078.1
4.91,38,10425,3408.61
4.93,38,10485.9,3375.33
5.91,38,13058.7,2141.72
6.9,38,14557.9,1807.52
7.93,38,11328.6,5243.98
8.94,38,3002.52,11318.9
9.92,38,1772.13,10479.6
10.74,38,1803.53,9685.42
13.03,38,1971.31,9046.16
15.07,38,1998.28,9000.79
0,39,2000,9000
0.5,39,2000,9000
0.96,39,2000,9000
1.62,39,2589.31,8448.15
2.13,39,4095.09,7204.73
2.33,39,4689.28,6774.04
2.82,39,6448.2,5535
3.54,39,9026.58,3967.27
3.99,39,10679.6,3026.57
4.41,39,12086.9,2310.94
4.94,39,13674.5,1581.89
5,39,13837.6,1513.15
6.02,39,16096.5,700.896
6.98,39,17440.5,387.889
7.87,39,17933.7,526.243
9.06,39,13912.1,4396.21
9.93,39,3757.59,12005.1
11,39,1659.09,10976.6
12.88,39,1872.91,9286.59
14.88,39,1984.75,9020.41
0,40,2000,9000
0.52,40,2000,9000
0.99,40,2000,9000
1.58,40,2457.59,8567.57
1.99,40,3626.47,7568.19
2.43,40,4967.96,6574.23
2.93,40,6815.63,5290.38
3.49,40,8765.13,4131.64
4.24,40,11212.3,2843.24
4.63,40,12222.6,2421.75
4.95,40,12947.7,2152.36
4.96,40,12967.7,2146.07
5.96,40,14343.7,1905.88
6.96,40,13462.6,3335.46
8.02,40,4990.68,10271.5
9.11,40,1827.78,10763.2
10.01,40,1783.37,9796.63
11.08,40,1891.31,9257.45
13.06,40,1986.09,9018.91
15.02,40,1999.01,9000.57
0,41,2000,9000
0.52,41,2000,9000
0.88,41,2000,9000
1.46,41,2126.99,8877.15
2.04,41,3188.78,7966.82
2.38,41,3661.74,7656.89
2.97,41,5036.26,6672.61
3.31,41,5651.43,6340.55
3.81,41,7002.02,5449.47
4.43,41,8884.97,4297.09
4.97,41,10569.5,3330
5.08,41,10890.9,3161.49
5.96,41,13148.8,2101.69
6.99,41,14561.6,1872.32
7.89,41,11727.6,4888.54
8.83,41,3592.77,11077.3
10.12,41,1759.34,10258
10.95,41,1817.78,9566.45
12.92,41,1966.94,9054.97
15.14,41,1998.44,9000.63
0,42,2000,9000
0.4,42,2000,9000
0.85,42,2000,9000
1.6,42,2383.67,8638.37
2.07,42,3270.75,7907.23
2.45,42,3827.14,7539.29
2.8,42,4671.67,6920.25
3.55,42,6254.87,5960.85
3.97,42,7578.89,5068.84
4.38,42,8790.17,4352.39
4.93,42,10503.2,3366.26
5.08,42,10941.6,3136.12
5.94,42,13143.9,2104.1
7.07,42,14530.9,1981.74
8.12,42,9619.64,6717.11
8.86,42,3345.43,11190.2
10.07,42,1759.74,10295.7
11.14,42,1839.68,9456.64
13.31,42,1979.4,9030.59
14.87,42,1997.61,9001.52
0,43,2000,9000
0.31,43,2000,9000
0.96,43,2000,9000
1.67,43,2484.96,8547.31
1.82,43,2784.36,8287.8
2.32,43,3576.39,7713.61
3.07,43,5255.5,6538.1
3.42,43,5877.06,6209.83
4.02,43,7688.46,4998.14
4.47,43,9013.18,4222.73
4.79,43,10021,3635.16
4.97,43,10576.5,3326.4
6.05,43,13361.7,2010.39
7.08,43,14532.6,1975.58
8.04,43,10493.1,5973.58
8.97,43,2922.57,11343.3
9.99,43,1765.49,10406.9
11.11,43,1834.4,9479.29
13.02,43,1970.63,9047.52
15.03,43,1998.13,9000.95
0,44,2000,9000
0.5,44,2000,9000
1.2,44,2000.02,8999.98
1.54,44,2350.05,8666.38
1.89,44,3297.13,7836.46
2.51,44,5216.63,6395.77
2.82,44,6368.97,5588.51
3.34,44,8232.51,4433.2
3.89,44,10116.4,3380.11
4.51,44,11902.1,2553.55
4.96,44,12952.9,2150.66
5.16,44,13310.9,2058.94
5.92,44,14295.6,1909.79
7.04,44,13150,3638.02
7.95,44,5633.55,9838.7
8.98,44,1885.07,10951.3
9.91,44,1776.75,9881.45
10.89,44,1870.03,9324.19
13.18,44,1987.98,9015.7
14.84,44,1998.7,9000.85
0,45,2000,9000
0.38,45,2000,9000
0.96,45,2000,9000
1.57,45,2427.08,8595.5
1.98,45,3586.31,7600.37
2.35,45,4700.24,6766.19
2.91,45,6728.44,5347.76
3.53,45,8892.93,4058.95
3.95,45,10328.8,3268.47
4.5,45,11887.9,2559.48
5.01,45,13058.9,2118.82
5.1,45,13220.6,2077.04
6.01,45,14387.5,1904.98
7.05,45,13081.3,3703.35
8.1,45,4413.16,10632.8
9.01,45,1868.09,10903.8
9.97,45,1780.25,9829.95
11.17,45,1900.04,9231.98
13.06,45,1986.04,9019
14.9,45,1998.82,9000.74
0,46,2000,9000
0.62,46,2000,9000
0.97,46,2000,9000
1.68,46,2713.13,8337.54
1.84,46,3170.12,7942.77
2.41,46,4903.2,6620.68
2.92,46,6778.93,5314.57
3.66,46,9356.21,3797.04
3.93,46,10274.4,3296.82
4.44,46,11742.3,2620.05
4.87,46,12781.8,2207.85
4.99,46,13027.4,2127.91
5.92,46,14304.1,1908.73
6.9,46,13687.4,3112.09
8.12,46,4258.42,10724.2
8.98,46,1881.44,10942
10.08,46,1789.81,9744.16
10.91,46,1873.16,9314.2
12.88,46,1982.6,9025
14.94,46,1998.89,9000.67
0,47,2000,9000
0.5,47,2000,9000
1.19,47,2000.12,8999.88
1.64,47,2640.54,8402.04
2.17,47,4213.36,7116.79
2.49,47,5225.38,6389.23
2.9,47,6760.79,5325.83
3.55,47,9069.86,3942.17
3.94,47,10505.8,3121.88
4.39,47,12027.5,2340.15
5.05,47,13974,1457.29
5.06,47,14000.2,1446.58
5.89,47,15858.5,775.185
7.16,47,17609.6,374.072
8.01,47,17902.5,623.649
8.88,47,15429.7,3069.92
9.92,47,3833.98,11969.7
11,47,1659.06,10977.5
12.93,47,1878.27,9270.6
15,47,1986.83,9017.06
0,48,2000,9000
0.48,48,2000,9000
0.91,48,2000,9000
1.49,48,2238.81,8770.35
1.97,48,3528.48,7646.85
2.55,48,5341.46,6306.84
3.01,48,7069.14,5126.54
3.42,48,8483.14,4292.28
4.02,48,10521.4,3170.67
4.64,48,12215.1,2425.17
4.88,48,12773.9,2211.02
5.21,48,13376.4,2049.72
5.86,48,14223,1919.61
7.1,48,12887.2,3886.59
7.92,48,5980.3,9591.59
9.06,48,1852.51,10850.7
10.14,48,1795.1,9710.5
10.98,48,1882.54,9291.52
12.93,48,1986.79,9020.91
14.89,48,1999,9000.42
0,49,2000,9000
0.53,49,2000,9000
1.09,49,2000,9000
1.45,49,2187.69,8818.74
2.18,49,4203.18,7124.12
2.46,49,5065.63,6504.45
3.11,49,7469.47,4877.13
3.59,49,9101.71,3941.68
3.82,49,9896.23,3499.35
4.54,49,11989,2518.51
4.79,49,12595,2276.91
5.08,49,13183.8,2087.31
6,49,14375.7,1906.82
7,49,13303.6,3489.08
7.92,49,5850.43,9686.08
8.97,49,1887.8,10957.4
10.03,49,1784.96,9782.86
10.95,49,1877.67,9300.26
13.03,49,1985.51,9019.91
15.01,49,1998.99,9000.59
0,50,2000,9000
0.34,50,2000,9000
1.11,50,2000,9000
1.39,50,2063.32,8938.27
2.03,50,3192.02,7964.46
2.41,50,3734.66,7605.77
2.97,50,5063.77,6654.9
3.51,50,6126.54,6046.63
3.92,50,7399.77,5184.08
4.48,50,9074.53,4186.55
4.99,50,10665.9,3278.38
5.07,50,10897.6,3158.02
6.15,50,13600.4,1914.42
7.03,50,14549.4,1927.58
8.23,50,8587.43,7569.7
9.02,50,2704.32,11393.8
9.84,50,1784.88,10579.9
11.01,50,1824.07,9526.99
12.96,50,1968.89,9051.01
14.79,50,1997.26,9001.93
0,51,2000,9000
0.46,51,2000,9000
1.09,51,2000,9000
1.6,51,2562.91,8471.93
1.75,51,2971.88,8111.57
2.4,51,4944.68,6590.96
2.99,51,7125.71,5090.14
3.51,51,8951.91,4011.02
3.82,51,10098,3348.49
4.49,51,12370.7,2174.33
5.13,51,14203,1364.47
5.19,51,14352.5,1306.42
5.91,51,15913.3,757.103
6.85,51,17314.1,404.536
7.94,51,17920.2,578.47
9.09,51,13468.2,4777.18
9.92,51,3773.76,11985.1
10.98,51,1662.22,10987.6
12.99,51,1885.53,9248.42
15.01,51,1987.41,9016.11
0,52,2000,9000
0.53,52,2000,9000
1.27,52,2030.16,8970.26
1.45,52,2313.49,8699.68
1.95,52,3865.03,7358.15
2.49,52,6016.31,5742.99
3,52,8249.13,4250.39
3.61,52,10728,2830.62
4.09,52,12441.9,1985.56
4.61,52,13974.1,1354.29
5.05,52,15037.2,986.251
5.06,52,15058.8,979.626
6.02,52,16731.7,542.422
7.05,52,17685.6,497.482
8.09,52,16239.9,2232.7
9.17,52,4991.05,11250.2
9.97,52,1793.27,11720.3
10.91,52,1691.76,10195
12.91,52,1931.64,9128.18
14.99,52,1994.64,9004.69
0,53,2000,9000
0.49,53,2000,9000
1.09,53,2000,9000
1.5,53,2193.99,8813.81
2.12,53,3326.52,7869.13
2.71,53,4412.34,7106.42
2.95,53,5005.16,6693.59
3.45,53,5956.68,6159.3
4.04,53,7764.89,4949.72
4.54,53,9243.62,4087.3
4.88,53,10316.9,3467.89
4.96,53,10560.7,3334.43
5.99,53,13235.6,2063.72
6.85,53,14540.6,1773.09
7.99,53,10875.7,5641.42
8.9,53,3198.41,11249.3
10.02,53,1762.6,10364.6
10.99,53,1821.6,9539.4
12.92,53,1967.58,9055.11
14.95,53,1997.54,9001.93
0,54,2000,9000
0.64,54,2000,9000
0.93,54,2000,9000
1.62,54,2573.72,8462.18
2.01,54,3710.59,7501.36
2.4,54,4892.89,6628.11
3.1,54,7468.72,4876.24
3.5,54,8860.3,4064.04
3.96,54,10554.3,3093.63
4.6,54,12667.4,2033.15
4.92,54,13606.5,1610.02
5.16,54,14242.1,1348.7
6.13,54,16281.6,645.562
7.03,54,17486.3,382.362
7.95,54,17924.8,572.317
9.13,54,13262.2,4954.56
9.9,54,4034.89,11871.8
10.87,54,1677.21,11222.9
13.01,54,1885.94,9248.31
14.72,54,1981.35,9026.18
0,55,2000,9000
0.52,55,2000,9000
1.13,55,2000,9000
1.4,55,2194.05,8812.26
1.84,55,3436.82,7710.24
2.38,55,5513.14,6103.02
2.84,55,7510.78,4722.1
3.51,55,10303.7,3058.74
4.07,55,12344.9,2029.92
4.71,55,14210.8,1266.43
5.04,55,14995,999.339
5.07,55,15060.1,979.234
5.86,55,16485.1,598.492
6.94,55,17634.5,466.544
8.02,55,16592,1903.72
9.07,55,6155.49,10488.5
10.06,55,1758.47,11559.7
10.81,55,1684.2,10327.3
12.92,55,1931.88,9128.96
14.9,55,1993.54,9006.62
0,56,2000,9000
0.74,56,2000,9000
1.14,56,2000,9000
1.5,56,2188.89,8818.61
1.98,56,3093.86,8038.11
2.47,56,3837.37,7531.52
2.88,56,4834.37,6806.93
3.56,56,6243.77,5967.66
3.99,56,7599.19,5055.12
4.56,56,9299.21,4054.77
4.97,56,10583.7,3322.16
5.07,56,10875.9,3168.97
5.93,56,13088.8,2128.18
7.04,56,14550.1,1928.96
8.02,56,10650.7,5837.8
9.05,56,2635.32,11404.1
9.97,56,1767.23,10428.5
11.18,56,1842.61,9443.66
13,56,1970,9048.76
14.96,56,1997.9,9001.2
0,57,2000,9000
0.63,57,2000,9000
1.04,57,2000,9000
1.54,57,2368.14,8649.68
2.06,57,3845,7395.85
2.59,57,5531.65,6171.61
2.99,57,7040.91,5144.78
3.49,57,8797.69,4101.16
4.02,57,10742.5,2991.77
4.46,57,12206.9,2252.39
5.09,57,14043.3,1428.45
5.14,57,14171.9,1376.97
5.77,57,15597.2,860.09
6.85,57,17288.9,408.658
8.1,57,17863.3,693.59
9.1,57,13654.4,4618.71
9.88,57,4256.51,11756.6
10.84,57,1686.19,11292.3
12.89,57,1872.44,9288
15.08,57,1987.87,9015.43
0,58,2000,9000
0.48,58,2000,9000
0.87,58,2000,9000
1.46,58,2110.23,8893.18
1.98,58,3060.82,8063.73
2.51,58,3883.74,7497.24
3.05,58,5181.96,6581.56
3.48,58,5982.51,6142.02
4.07,58,7796.64,4929.8
4.4,58,8757.18,4370.7
5.03,58,10708.7,3255.83
5.07,58,10825,3195.19
6.01,58,13235.3,2063.96
7.12,58,14517.6,2008.88
7.97,58,11212.1,5346.92
9.05,58,2689.98,11396.2
10,58,1765.98,10413.1
10.89,58,1811.77,9608.63
12.98,58,1968.69,9051.42
14.81,58,1997.23,9001.96
0,59,2000,9000
0.45,59,2000,9000
0.88,59,2000,9000
1.62,59,2410.73,8613.99
2.12,59,3336.3,7862.33
2.59,59,4127.43,7317.03
2.93,59,4971.96,6715.59
3.59,59,6351.64,5894.69
3.87,59,7234.9,5293.98
4.5,59,9134.91,4151.47
4.95,59,10545.5,3342.95
5,59,10694.3,3263.48
5.91,59,13058.4,2141.76
6.73,59,14472.4,1726.64
8.23,59,8591.04,7566.78
8.95,59,2962.08,11331.5
10.04,59,1761.11,10335.9
11.07,59,1830.75,9495
13.1,59,1973.55,9041.74
14.99,59,1998.03,9001.05
0,60,2000,9000
0.62,60,2000,9000
0.86,60,2000,9000
1.54,60,2383.95,8635.07
2.03,60,3775.26,7450.26
2.65,60,5784.26,5992.9
3.06,60,7330.16,4961.56
3.49,60,8793.43,4116.17
4,60,10524,3169.39
4.6,60,12167.5,2444.66
5.02,60,13097.1,2108.58
5.04,60,13133.8,2098.71
5.82,60,14200.6,1923.47
6.93,60,13555.6,3244.53
7.82,60,6692.47,9076.25
8.95,60,1894.04,10973.7
9.89,60,1776.28,9886.88
11.12,60,1895.99,9243.68
12.93,60,1983.77,9022.95
15.12,60,1999.14,9000.47
0,61,2000,9000
0.65,61,2000,9000
0.9,61,2000,9000
1.57,61,2271.19,8741.71
2.24,61,3456.63,7786.19
2.52,61,3903.57,7483.35
3.06,61,5200.17,6571.1
3.56,61,6186.83,6007.43
4.09,61,7849.38,4898.13
4.4,61,8748.1,4376.83
4.92,61,10367.8,3440.74
5.01,61,10639.6,3293.19
5.87,61,12891.2,2217.92
7.08,61,14543.3,1950.72
8.04,61,10665.2,5825.43
8.97,61,3001.74,11319.6
10.04,61,1762.91,10370.9
11.01,61,1821.26,9543.26
13.03,61,1970.29,9048.18
15.05,61,1998.13,9000.95
0,62,2000,9000
0.41,62,2000,9000
1.16,62,2000,9000
1.64,62,2765.12,8288.62
2.08,62,4293.03,7017.96
2.63,62,6552.47,5369.17
2.95,62,7959.7,4434.25
3.32,62,9515.52,3498.2
4.12,62,12483.6,1967.52
4.43,62,13428.6,1567.29
4.97,62,14822.1,1054.75
5.13,62,15170.9,946.144
5.91,62,16548.6,583.818
7.02,62,17667.2,484.251
8.19,62,15797.3,2638.04
9.1,62,5886.52,10670.1
10.03,62,1781.18,11626.2
10.75,62,1676.77,10414.4
12.98,62,1935.74,9120.83
14.87,62,1993.32,9006.71
0,63,2000,9000
0.53,63,2000,9000
1.2,63,2000.4,8999.6
1.35,63,2064.53,8936.86
1.91,63,3417.49,7737.32
2.49,63,5214.64,6397.29
3.17,63,7729.86,4719.94
3.3,63,8169.85,4466.25
4.23,63,11503.5,2596.32
4.59,63,12651.1,2040.95
4.86,63,13450.7,1677.86
5.05,63,13970.4,1457.87
6.05,63,16149.9,684.605
7.08,63,17537.3,378.202
7.84,63,17936,508.658
9.03,63,14212,4137.44
10.02,63,3171.82,12247.8
11.09,63,1656.18,10826.1
13.04,63,1889.51,9238.13
15.09,63,1988.22,9014.9
0,64,2000,9000
0.44,64,2000,9000
1.13,64,2000,9000
1.52,64,2230.01,8780.05
2.02,64,3174.79,7977.07
2.45,64,3810.28,7551.31
2.89,64,4874.82,6779.45
3.6,64,6379.15,5875.35
4,64,7652.45,5021.03
4.45,64,8979.21,4242.36
4.82,64,10143.3,3565.45
4.99,64,10662.6,3280.17
5.95,64,13151.8,2100.33
6.86,64,14547.3,1780.16
7.97,64,11016.6,5518.95
8.89,64,3229.91,11237.4
10.06,64,1760.27,10314.3
11.01,64,1823.9,9527.89
12.97,64,1969.19,9050.41
14.98,64,1997.99,9001.09
0,65,2000,9000
0.48,65,2000,9000
1.02,65,2000,9000
1.48,65,2250.14,8759.69
2.11,65,4007.49,7270.68
2.43,65,4982.08,6564.06
2.91,65,6754.7,5330.65
3.47,65,8709.77,4163.31
4.11,65,10850.6,3008.36
4.54,65,12006.7,2510.4
5.01,65,13070.9,2115.66
5.09,65,13214.6,2078.49
6.09,65,14456.6,1912.17
7.21,65,12151.9,4562.33
7.94,65,5640.78,9834.29
9.13,65,1820.88,10734.2
9.95,65,1779.25,9842.13
10.91,65,1873.49,9313.29
13.24,65,1989.03,9013.94
15,65,1998.98,9000.59
0,66,2000,9000
0.54,66,2000,9000
0.93,66,2000,9000
1.49,66,2283.16,8728.69
1.89,66,3352.41,7790.71
2.66,66,5832.28,5959
3.06,66,7340.42,4955.02
3.49,66,8803.29,4110.42
4.16,66,11017.8,2930.51
4.45,66,11794.7,2598.57
4.79,66,12627.9,2263.63
5.08,66,13210.4,2079.28
6.04,66,14425,1906.65
6.97,66,13385.7,3411.91
7.91,66,5837.05,9697.07
8.79,66,2019.18,11170.4
9.94,66,1779.14,9844
11.01,66,1885.26,9276.3
13.13,66,1987.44,9016.61
14.92,66,1998.87,9000.69
0,67,2000,9000
0.41,67,2000,9000
0.95,67,2000,9000
1.5,67,2402.24,8617.18
2,67,4008.45,7242.84
2.42,67,5669.33,5990.09
2.95,67,7982.2,4417.94
3.32,67,9536.79,3484.64
4.05,67,12270.2,2064.01
4.44,67,13472.3,1549.29
5.02,67,14946,1014.66
5.05,67,15011.8,994.049
5.91,67,16556.7,581.69
7.02,67,17670.9,484.396
8.11,67,16210.4,2261.02
9.02,67,6785.41,10044.3
9.92,67,1861.21,11829.1
10.95,67,1696.08,10166
12.92,67,1932.04,9129.86
14.96,67,1994.09,9005.7
0,68,2000,9000
0.55,68,2000,9000
1.03,68,2000,9000
1.63,68,2567.47,8467.82
2.12,68,4008.92,7269.85
2.38,68,4787.99,6703.34
3.07,68,7315.9,4970.46
3.51,68,8816.02,4102.76
3.97,68,10385.9,3239.18
4.7,68,12380.5,2358.16
5.02,68,13074,2114.02
5.16,68,13315,2057.5
6.06,68,14428.8,1906.5
6.85,68,13864.4,2930.14
8.08,68,4577.15,10534
8.91,68,1926.4,11043.4
10.06,68,1787.42,9762.89
11.02,68,1884.89,9277.8
12.99,68,1984.73,9021.1
15.13,68,1999.32,9000.15
0,69,2000,9000
0.48,69,2000,9000
0.94,69,2000,9000
1.66,69,2459.5,8570.06
1.95,69,3030.36,8087.45
2.47,69,3827.39,7538.85
3.07,69,5249.3,6541.68
3.46,69,5964.44,6154.05
3.9,69,7292.61,5255.1
4.44,69,8913.01,4281
5.06,69,10831.7,3191.9
5.11,69,10973.3,3120.02
5.95,69,13123.4,2112.97
7.01,69,14558.9,1891.23
7.96,69,11194.8,5362.29
8.95,69,3015.9,11314.7
9.92,69,1773.89,10496
10.94,69,1816.93,9572.53
12.97,69,1968.76,9051.27
14.99,69,1997.99,9001.1
0,70,2000,9000
0.41,70,2000,9000
0.93,70,2000,9000
1.39,70,2074.77,8926.91
2.26,70,4384.59,6992.44
2.52,70,5213.95,6397.7
2.99,70,6972.91,5187.95
3.59,70,9094.84,3927.17
4.05,70,10781,2971.84
4.53,70,12367.5,2175.79
4.94,70,13588.4,1618.25
5.01,70,13780.7,1536.47
6.05,70,16095.2,700.838
7.05,70,17479.7,383.289
8.15,70,17839.9,728.087
8.92,70,15365.8,3126.27
9.99,70,3557,12095
11.05,70,1659.75,10942.9
12.96,70,1878.17,9270.92
15.01,70,1986.49,9017.6
0,71,2000,9000
0.71,71,2000,9000
0.86,71,2000,9000
1.45,71,2131.13,8873.22
1.82,71,2805.53,8270
2.59,71,4127.02,7316.81
2.99,71,5107.42,6628.18
3.52,71,6153.35,6028.89
3.96,71,7529.2,5099.73
4.54,71,9261.67,4076.59
5.01,71,10725.8,3246.63
5.04,71,10812.9,3201.21
5.88,71,12987.9,2173.26
6.91,71,14559,1815.92
8.02,71,10567.5,5908.81
9.07,71,2548.73,11410.8
9.97,71,1766.35,10417
10.91,71,1812.58,9583.22
13.05,71,1971.84,9046.12
15,71,1997.76,9001.67
0,72,2000,9000
0.49,72,2000,9000
1.02,72,2000,9000
1.48,72,2294.54,8718.05
1.9,72,3430.62,7726.45
2.54,72,5442.59,6234.73
2.9,72,6799.16,5301.6
3.37,72,8459.61,4298.83
3.96,72,10619.7,3058.23
4.51,72,12444.8,2138.48
4.93,72,13684.4,1576.9
5.05,72,14006.5,1442.93
6.1,72,16261.1,651.678
7.05,72,17522.5,379.15
7.85,72,17936.3,520.749
9.21,72,12132.5,5909.73
9.96,72,3469.65,12132.8
11.15,72,1658.53,10708
13.06,72,1892.7,9229.14
15.07,72,1988.11,9015.07
0,73,2000,9000
0.45,73,2000,9000
1.02,73,2000,9000
1.29,73,2022.65,8977.69
2.03,73,3816.22,7418.3
2.57,73,5535.03,6168.94
2.94,73,6932.7,5214.3
3.45,73,8729.48,4140.78
4.06,73,10958.4,2876.12
4.46,73,12274.7,2219.44
4.98,73,13808.7,1524.61
5.09,73,14098.9,1405.79
6.02,73,16113.2,695.598
6.99,73,17459.9,385.529
8.17,73,17788,799.693
9.15,73,12867.2,5289.76
10.13,73,2627.11,12341.5
11.03,73,1660.07,10906.8
13,73,1886.52,9246.65
14.99,73,1986.82,9017.08
0,74,2000,9000
0.5,74,2000,9000
0.96,74,2000,9000
1.52,74,2227.75,8782.16
1.9,74,2955.06,8147.34
2.49,74,3890.57,7492.34
2.87,74,4822.79,6814.82
3.52,74,6146.68,6033.4
3.85,74,7163.45,5341.03
4.53,74,9221.22,4100.68
5.04,74,10804.3,3205.94
5.08,74,10918.5,3147.44
5.85,74,12906.9,2210.32
7.18,74,14445.6,2137.82
7.92,74,11429.3,5154.97
9.06,74,2589.01,11408.6
9.96,74,1767.73,10434.1
10.9,74,1814.51,9589.41
12.75,74,1960.36,9068.61
14.96,74,1997.92,9001.17
0,75,2000,9000
0.56,75,2000,9000
1.1,75,2000,9000
1.55,75,2495.33,8531.66
1.85,75,3418.73,7725.37
2.47,75,5827.13,5876.88
3,75,8145.14,4314.91
3.3,75,9404.89,3559.76
3.99,75,12024.7,2178.54
4.72,75,14198.1,1270.91
4.99,75,14850.7,1045.06
5.2,75,15299.1,908.692
5.93,75,16567.3,579.352
7.2,75,17715.7,546.236
7.97,75,16820.5,1683.4
9.06,75,6449.35,10280.5
10.04,75,1775.72,11625.8
11.23,75,1731.51,9893.52
12.92,75,1929.01,9133.38
15,75,1994.47,9005.14
0,76,2000,9000
0.4,76,2000,9000
1.15,76,2000,9000
1.29,76,2006.71,8993.4
2.15,76,3361.91,7845.59
2.37,76,3651.29,7664.07
3.1,76,5314.25,6504.73
3.49,76,6049,6098.65
4.11,76,7968.94,4823.94
4.57,76,9325.44,4039.48
4.91,76,10396.8,3423.99
5.12,76,11011.3,3100.98
6.11,76,13495.5,1955.57
7.08,76,14532.5,1976.2
7.91,76,11558.8,5039.78
9.02,76,2737.37,11388.1
10.05,76,1761.07,10335.5
11.13,76,1836.87,9468.76
12.96,76,1968.53,9051.74
15.08,76,1998.28,9000.79
0,77,2000,9000
0.6,77,2000,9000
1.15,77,2000,9000
1.68,77,2887.74,8180.35
2.04,77,4143.53,7135.55
2.56,77,6250.96,5579.38
3.16,77,8860.92,3879.13
3.54,77,10392.1,3012.3
3.85,77,11558.7,2406.07
4.57,77,13820.3,1413.94
4.92,77,14706.6,1093.43
5.03,77,14956.1,1012.38
5.95,77,16607.2,570.61
6.94,77,17628.6,466.584
7.95,77,16856.7,1647.42
8.98,77,7304.71,9665.21
9.94,77,1845.45,11795
11.04,77,1708.07,10068.7
13.03,77,1938.89,9113.14
15.07,77,1994.9,9004.65
0,78,2000,9000
0.63,78,2000,9000
1.07,78,2000,9000
1.54,78,2395.02,8624.86
2.09,78,3973.36,7296.75
2.45,78,5079.27,6494.35
2.88,78,6674.37,5383.73
3.55,78,9016.8,3988.79
3.92,78,10282.2,3292.89
4.45,78,11800.1,2596.02
4.89,78,12850.8,2184.05
4.97,78,13012.8,2132.12
5.82,78,14207.3,1921.89
6.88,78,13717.3,3082.55
8.07,78,4528.47,10564
8.89,78,1928.58,11048
9.99,78,1782.6,9803.74
11.08,78,1892.37,9254.2
13.02,78,1985.56,9019.81
14.98,78,1998.97,9000.6
0,79,2000,9000
0.64,79,2000,9000
0.94,79,2000,9000
1.52,79,2220.88,8788.58
1.91,79,2965.89,8138.64
2.51,79,3924.72,7467.06
3.03,79,5179.37,6583.21
3.35,79,5734.91,6295.16
3.79,79,6954.56,5481.78
4.63,79,9522.65,3923.77
4.9,79,10373.6,3436.75
6.06,79,13391.1,1998.08
6.94,79,14563,1832.39
8.15,79,9445.5,6862.58
8.84,79,3510.08,11116.6
10.14,79,1759.53,10229.5
10.93,79,1816.61,9574.74
12.98,79,1969.34,9050.1
15.19,79,1998.57,9000.51
0,80,2000,9000
0.66,80,2000,9000
0.93,80,2000,9000
1.59,80,2491.45,8536.69
2.01,80,3700.89,7509.04
2.48,80,5152.27,6442
2.86,80,6565.61,5456.04
3.43,80,8573.78,4240.35
4.01,80,10543.6,3158.86
4.47,80,11829.1,2583.91
5.01,80,13072.3,2114.96
5.06,80,13163.6,2090.57
6.08,80,14449.3,1911.25
7.17,80,12389,4346.45
8.19,80,3786.76,10981.7
9.1,80,1829.75,10771.3
10.03,80,1785.47,9778.21
11.02,80,1885.75,9274.78
13.09,80,1986.68,9017.9
15.04,80,1999.04,9000.54
0,81,2000,9000
0.56,81,2000,9000
0.97,81,2000,9000
1.43,81,2183.85,8822.44
2.07,81,3925.27,7333.72
2.41,81,4958.3,6581.28
3.08,81,7431,4899.57
3.64,81,9406.74,3745.83
3.77,81,9888.62,3467.99
4.41,81,12095.6,2307.24
4.93,81,13654.1,1591.02
4.95,81,13709.1,1567.62
5.93,81,15936.3,750.551
7.14,81,17593.6,374.67
8.1,81,17853.7,708.637
9.13,81,13183.9,5021.15
9.9,81,3979.13,11899.4
11.15,81,1657.5,10726
12.92,81,1877.29,9273.51
14.88,81,1984.75,9020.4
0,82,2000,9000
0.48,82,2000,9000
0.97,82,2000,9000
1.54,82,2497.4,8529.78
1.92,82,3706.13,7487.45
2.38,82,5494.76,6116.35
2.96,82,8018.17,4395.04
3.42,82,9931.08,3263.16
4.14,82,12559.8,1932.76
4.53,82,13719.9,1451.72
5.11,82,15136.2,956.212
5.13,82,15178,943.76
5.98,82,16655.9,559.099
7.08,82,17690.7,503.052
8.08,82,16347.2,2132.81
8.92,82,8042.97,9113.11
9.99,82,1804.9,11696.2
11.05,82,1709.48,10055.9
12.88,82,1929.62,9136.65
15.14,82,1995.05,9004.91
0,83,2000,9000
0.45,83,2000,9000
1,83,2000,9000
1.47,83,2161.21,8844.75
1.94,83,3040.89,8079.22
2.72,83,4456.48,7074.35
3.13,83,5386.54,6467.08
3.46,83,5999.74,6131.3
4.11,83,8002.47,4803.56
4.33,83,8632.74,4441.81
4.84,83,10215.1,3524.9
5.1,83,10986.7,3113.16
5.89,83,13015.4,2160.96
7.07,83,14529.5,1979.78
8.09,83,9921.21,6461.62
8.91,83,3119.78,11278.6
10,83,1763.55,10379.5
10.84,83,1804.71,9625.93
13.08,83,1972.76,9044.23
14.94,83,1997.53,9001.95
0,84,2000,9000
0.34,84,2000,9000
0.99,84,2000,9000
1.57,84,2529.04,8500.91
1.92,84,3641.64,7540.36
2.53,84,6055.08,5717.16
3.12,84,8627.48,4019.39
3.41,84,9817.14,3328.54
4.1,84,12368.7,2020.02
4.52,84,13639,1484.62
4.89,84,14599.1,1129.68
5.04,84,14943.9,1016.11
6.11,84,16809.9,526.391
6.97,84,17636,469.642
8.13,84,16191.7,2276.17
8.97,84,7638.11,9415.21
10.04,84,1770.09,11641.5
10.93,84,1689.84,10207.7
12.91,84,1928.97,9134.85
14.94,84,1993.88,9005.93
0,85,2000,9000
0.24,85,2000,9000
1.16,85,2000,9000
1.47,85,2225.21,8783.17
1.97,85,3567.71,7615.19
2.58,85,5495.49,6197.18
3,85,7078.52,5120.62
3.48,85,8731.05,4151.45
4.05,85,10656,3103.11
4.53,85,11971.9,2524.83
4.9,85,12845,2186.07
4.97,85,12987.7,2139.82
6.21,85,14519.2,1946.1
7.06,85,13025.8,3756.87
7.94,85,5666.76,9816.17
8.95,85,1898.11,10984
10.01,85,1783.23,9797.68
10.99,85,1882.15,9286.23
12.91,85,1983.21,9023.92
15.05,85,1999.04,9000.54
0,86,2000,9000
0.43,86,2000,9000
1.05,86,2000,9000
1.56,86,2394.92,8625.08
2.18,86,4182.85,7139.34
2.27,86,4446.54,6947.62
2.88,86,6598.01,5434.36
3.52,86,8877.23,4054.83
3.99,86,10606.5,3065.71
4.55,86,12464.5,2129.33
4.97,86,13701.8,1569.6
4.98,86,13729.2,1558
5.97,86,15969,739.74
7.22,86,17641.8,373.296
7.89,86,17933.9,526.091
8.88,86,15564,2949.71
9.83,86,4750.98,11478.1
10.77,86,1712.26,11433.9
12.88,86,1870.69,9293.29
15.08,86,1987.79,9015.57
0,87,2000,9000
0.49,87,2000,9000
0.95,87,2000,9000
1.45,87,2200.25,8806.82
2.24,87,4399.94,6981.24
2.47,87,5126.43,6460.64
3.23,87,7913.73,4613.74
3.34,87,8278.81,4407.24
4.08,87,10767.6,3048.3
4.72,87,12456,2328.48
4.88,87,12816.6,2195.2
5,87,13058.6,2118.08
6.13,87,14486.3,1919.42
6.94,87,13528.4,3272.84
7.92,87,5795.43,9727.1
8.98,87,1879.41,10935.6
10.1,87,1792.33,9726.18
11.09,87,1892.88,9253.1
13.04,87,1985.82,9019.22
14.87,87,1998.94,9000.43
0,88,2000,9000
0.48,88,2000,9000
0.99,88,2000,9000
1.6,88,2529.71,8501.94
2.07,88,3902.28,7351.55
2.31,88,4616.47,6826.15
2.91,88,6776.64,5316.02
3.74,88,9753.46,3544.66
3.9,88,10342.2,3211.67
4.53,88,12454.6,2134.36
4.73,88,13064.1,1850.54
5.05,88,13962.2,1461.3
6.02,88,16090.9,702.345
7.07,88,17525.1,379.253
7.95,88,17922.3,574.997
8.85,88,15655.4,2868.29
10.04,88,3073.11,12279.3
10.98,88,1659.24,11019.8
12.99,88,1884.22,9253.25
15.09,88,1988.18,9014.96
0,89,2000,9000
0.54,89,2000,9000
1.01,89,2000,9000
1.61,89,2555.99,8478.18
2.05,89,3842.7,7397.71
2.49,89,5208.38,6401.81
3.09,89,7443.64,4891.58
3.49,89,8834.77,4079
3.89,89,10311.4,3227.82
4.52,89,12428.6,2145.96
4.7,89,12979.8,1888.37
4.99,89,13806.7,1525.16
5.88,89,15834.4,782.178
6.98,89,17439.5,387.511
8.07,89,17875.4,674.232
9.06,89,13949.2,4365.08
9.98,89,3436.67,12146.6
10.98,89,1659.19,11019.8
13.07,89,1892.21,9230.51
14.91,89,1985.23,9019.62
0,90,2000,9000
0.56,90,2000,9000
0.87,90,2000,9000
1.45,90,2113.31,8890.23
2.02,90,3153.66,7992.93
2.47,90,3826.29,7539.49
3.02,90,5145.05,6604.07
3.53,90,6145.79,6033.77
3.87,90,7195.2,5319.57
4.49,90,9065.49,4191.89
4.79,90,10011.9,3640.09
4.82,90,10106.3,3586.37
5.98,90,13194.6,2081.63
7.02,90,14556.4,1902.14
7.94,90,11350.9,5224.26
9.06,90,2619.01,11405.7
10.13,90,1759.37,10247.2
11.03,90,1824.77,9523.27
12.96,90,1968.42,9051.97
14.94,90,1997.81,9001.29
0,91,2000,9000
0.41,91,2000,9000
0.82,91,2000,9000
1.65,91,2672.57,8373.63
2.05,91,3858.1,7385.73
2.67,91,5886.88,5920.82
2.96,91,6988.69,5177.62
3.59,91,9165.63,3904.85
4.04,91,10673.4,3094.42
4.41,91,11703.4,2636.61
5.1,91,13251.3,2070.61
5.11,91,13267.7,2067.23
5.89,91,14287.9,1910.76
7.1,91,12734.3,4029.33
8.1,91,4291.62,10704.8
9.23,91,1791.13,10587.5
9.92,91,1778.36,9855.66
10.91,91,1874.93,9308.67
13.09,91,1986.86,9017.59
15.06,91,1999.08,9000.51
0,92,2000,9000
0.49,92,2000,9000
0.83,92,2000,9000
1.6,92,2521.6,8509.3
1.93,92,3461.63,7701.26
2.5,92,5230.14,6386.22
3.04,92,7248.93,5012.32
3.41,92,8513.64,4274.46
3.97,92,10423.5,3219.8
4.45,92,11783.5,2602.87
4.77,92,12572.3,2284.15
4.93,92,12920.2,2161.11
6,92,14387.1,1904.82
7.08,92,12885.7,3887.88
8.17,92,3892.83,10926.9
9.11,92,1825.76,10754.9
10.02,92,1784.75,9784.19
11.03,92,1886.96,9270.93
13.04,92,1985.84,9019.34
14.71,92,1998.46,9001.11
0,93,2000,9000
0.51,93,2000,9000
0.77,93,2000,9000
1.58,93,2489.77,8538.22
1.81,93,3119.73,7985.34
2.52,93,5324.66,6318.75
2.93,93,6864.89,5258.31
3.5,93,8880.59,4052.5
4.05,93,10893.6,2910.9
4.43,93,12152.4,2278.62
4.81,93,13309.7,1740.14
4.91,93,13593.1,1616.29
5.74,93,15562.6,871.604
7.17,93,17617.4,373.899
8.03,93,17892.5,641.498
9.11,93,13399.3,4836.72
10.11,93,2732.43,12341.5
11.05,93,1659.74,10887.4
13.12,93,1897.34,9216.2
14.92,93,1985.48,9019.22
0,94,2000,9000
0.6,94,2000,9000
1.01,94,2000,9000
1.38,94,2055.57,8945.54
1.91,94,3300.37,7833.83
2.44,94,4914.11,6612.76
2.75,94,6030.39,5820.91
3.46,94,8572.68,4240.93
4.14,94,10850.5,3008.24
4.35,94,11437.9,2746.91
4.8,94,12566.3,2286.42
5.04,94,13071.7,2115.16
5.96,94,14317.5,1907.75
7.12,94,12846.2,3924.67
7.89,94,6340.63,9335.21
8.97,94,1901.14,10990.6
9.96,94,1778.29,9856.33
10.84,94,1862.46,9350.36
13.1,94,1986.33,9018.5
14.88,94,1998.74,9000.81
0,95,2000,9000
0.42,95,2000,9000
1,95,2000,9000
1.42,95,2168.76,8836.77
2.01,95,3744.08,7474.86
2.33,95,4704.45,6763.09
3.04,95,7290.12,4986.8
3.48,95,8824.94,4085.23
4.11,95,11117.4,2793.45
4.36,95,11943.1,2380.29
4.94,95,13688.1,1575.99
5.03,95,13930.8,1474.49
6.09,95,16228.6,661.487
6.95,95,17415.5,390.473
8.16,95,17806.7,777.378
8.89,95,15346.8,3144.26
9.92,95,3820.39,11976.7
11.14,95,1656.66,10741
12.88,95,1873.04,9286.17
14.91,95,1985.32,9019.48
0,96,2000,9000
0.47,96,2000,9000
1.2,96,2000.21,8999.8
1.48,96,2254.74,8755.38
1.94,96,3491.62,7676.81
2.55,96,5406.66,6260.16
3.02,96,7173.16,5060.28
3.46,96,8709.96,4152.32
3.93,96,10440.8,3156.04
4.51,96,12383.5,2167.44
4.86,96,13434,1684.81
4.96,96,13713.2,1564.49
6.08,96,16192.7,671.652
7.1,96,17550.6,377.073
8.08,96,17870.9,680.677
8.89,96,15406.6,3090.32
9.94,96,3736.87,12015.1
11.1,96,1655.84,10819.7
12.93,96,1877.55,9272.72
14.9,96,1984.99,9020.02
0,97,2000,9000
0.45,97,2000,9000
0.87,97,2000,9000
1.3,97,2016.78,8983.45
1.92,97,3413.59,7740.46
2.45,97,5037.75,6524.11
3,97,7080.67,5118.76
3.36,97,8326.36,4380.31
3.88,97,10110.4,3383.27
4.41,97,11665.5,2651.95
4.93,97,12908.7,2164.9
5.15,97,13307.9,2059.56
5.91,97,14293.5,1910.13
7.11,97,12752.7,4011.56
7.91,97,5910.12,9644.74
9.01,97,1866.26,10898.2
10.01,97,1783.46,9795.79
11.08,97,1891.42,9257.13
12.91,97,1983.26,9023.83
14.88,97,1998.79,9000.77
0,98,2000,9000
0.69,98,2000,9000
0.82,98,2000,9000
1.47,98,2193.01,8813.26
1.92,98,3469.76,7682.73
2.23,98,4629.8,6757.93
2.96,98,7728.46,4580.49
3.54,98,10144.1,3145.74
4.04,98,12005.3,2188.05
4.38,98,13097.9,1701.95
4.96,98,14653.2,1110.53
5.1,98,14972.2,1006.52
6.1,98,16731.9,542.392
7.09,98,17671.2,485.233
8.1,98,16553.7,1939.85
9.13,98,6279.58,10401.5
10.1,98,1777.86,11616.1
10.97,98,1690.31,10221.1
12.88,98,1924.52,9149.13
15.01,98,1993.89,9006.1
0,99,2000,9000
0.39,99,2000,9000
0.88,99,2000,9000
1.53,99,2500.33,8527.1
2.09,99,4386.74,6944.93
2.43,99,5750.65,5931.67
2.92,99,7892.11,4475.29
3.48,99,10212.5,3108.38
3.99,99,12099.4,2143.66
4.36,99,13267.7,1632.24
4.86,99,14599.4,1129.03
5.1,99,15138.3,955.803
6.11,99,16850,518.059
6.88,99,17603.9,458.195
8.08,99,16295.1,2181.16
9.11,99,5616.99,10850.1
10.15,99,1718.13,11370
11.02,99,1707.26,10075.4
13,99,1937.86,9115.44
15.1,99,1995.22,9004.23
0,100,2000,9000
0.44,100,2000,9000
0.94,100,2000,9000
1.47,100,2140.63,8864.27
1.96,100,3049.8,8072.25
2.46,100,3808.27,7552.82
3.01,100,5125.39,6616.38
3.44,100,5917.6,6184.15
3.88,100,7229.33,5297.13
4.63,100,9505.43,3933.92
4.97,100,10569.6,3329.91
5.06,100,10833.8,3190.73
6.19,100,13657.3,1892.88
7.05,100,14547.7,1935.51
7.74,100,12708.8,3989.32
9.14,100,2404.78,11406.6
9.96,100,1768.81,10446.1
11.02,100,1823.78,9528.59
13.03,100,1970.88,9047.01
14.99,100,1997.99,9001.1
