id,p0_SAEM,alpha_SAEM,tau_SAEM,p0_mean,alpha_mean,tau_mean,p0_sd,alpha_sd,tau_sd,p0_randomEffects,alpha_randomEffects,tau_randomEffects
1,-1.36071556170253016,-3.75621887167448154,68.33405681949959387,-1.36091773670932126,-3.75899844007089223,68.30059761199673574,0.00000000000000000,0.03842232659281086,0.22435851398442391,0.00000000000000000,-0.22130448132766778,0.05452841805251894
2,-1.36042415538341643,-3.33621832659046236,71.37996725386121000,-1.36360298245193556,-3.34232203850539200,71.33691335293818270,0.00000000000000000,0.02577810567006786,0.17866154384917748,0.00000000000000000,0.19537192023782998,3.09084415899397058
3,-1.36142927598021712,-4.05231093221301020,69.38176325465147443,-1.36100819647123594,-4.06479603238655862,69.31862235728760879,0.00000000000000000,0.03965391954202675,0.27176904862531687,0.00000000000000000,-0.52710207364333428,1.07255316334343997
4,-1.36041340452453774,-3.30219240185635865,60.47817327193245518,-1.36137660422611195,-3.30209553533544575,60.47751548770914098,0.00000000000000000,0.02900054491726127,0.20945236639963133,0.00000000000000000,0.23559842340777484,-7.76855370623499741
5,-1.36112809277854518,-3.73666893430653335,73.06198452335425486,-1.36174608911022310,-3.73889410755781482,73.02912247372474042,0.00000000000000000,0.02806852453535284,0.21823744093298006,0.00000000000000000,-0.20120014881459591,4.78305327978049544
6,-1.36139221878558714,-2.87965132820519587,58.52606627865412747,-1.35883885452696296,-2.88071548577082970,58.48927080602858553,0.00000000000000000,0.05348039194368202,0.41232195273422068,0.00000000000000000,0.65697847297239154,-9.75679838791557863
7,-1.36106176410090951,-3.44918798707301288,60.44979300596857286,-1.36356583033159295,-3.45121100686315874,60.42574201442641879,0.00000000000000000,0.02178252845480382,0.15833590015103519,0.00000000000000000,0.08648295188006591,-7.82032717951771694
8,-1.36078455370955509,-3.43545964468362719,55.98738421332586768,-1.35938702030136183,-3.43765239603259731,55.98484029713481647,0.00000000000000000,0.02557809724169036,0.20856233280803943,0.00000000000000000,0.10004156271062568,-12.26122889680936545
9,-1.36094360650074697,-3.34195972927780494,61.46727659830967383,-1.36109484007036330,-3.33970513098710153,61.47349847550805180,0.00000000000000000,0.02497301657237606,0.17334084055611443,0.00000000000000000,0.19798882775612020,-6.77257071843607505
10,-1.36068814348355205,-4.16626836062804173,72.32348656796989417,-1.35755441685215583,-4.17627914230654085,72.29602841068863484,0.00000000000000000,0.03990909898620916,0.23910987445296988,0.00000000000000000,-0.63858518356330518,4.04995921674455150
11,-1.36124155931902657,-2.72163867812778015,63.65374671575862919,-1.35951309359532946,-2.72018033599540532,63.65637558403248164,0.00000000000000000,0.05609300131453004,0.14554584588572414,0.00000000000000000,0.81751362274781669,-4.58969360991175179
12,-1.36109410484837179,-3.51716217588709101,72.84057580700114443,-1.36134535020988179,-3.52457950674845311,72.79876707324100948,0.00000000000000000,0.03462840764701641,0.21309340615522987,0.00000000000000000,0.01311445199476904,4.55269787929679470
13,-1.36066053009633992,-3.09679111783335870,68.49378877469858651,-1.36006446643403023,-3.09912506041390223,68.47481303546231857,0.00000000000000000,0.02135608368513086,0.11121487641387229,0.00000000000000000,0.43856889832932094,0.22874384151817045
14,-1.36200374512539368,-2.76838810037535055,66.57951195293266267,-1.35977722621403507,-2.76046840527641990,66.60288916428820016,0.00000000000000000,0.02585914787625752,0.14010471561787227,0.00000000000000000,0.77722555346679889,-1.64318002965595644
15,-1.36195310545280734,-3.22822569850727570,79.22348011243913390,-1.36102603115611753,-3.23069695937162482,79.23199818643826120,0.00000000000000000,0.05121795949658742,0.17116225315901301,0.00000000000000000,0.30699699937159536,10.98592899249405441
16,-1.36083456476563214,-3.59334993146693060,55.83736316986870918,-1.36200319665704872,-3.59020425961600820,55.85072491749507861,0.00000000000000000,0.02881317120765136,0.29339146749997203,0.00000000000000000,-0.05251030087278498,-12.39534427644909442
17,-1.36097733062202320,-3.26045269296027662,69.43424116265163093,-1.36233581120587544,-3.26172554450568875,69.44166317341603190,0.00000000000000000,0.02090657669312196,0.12941847622669359,0.00000000000000000,0.27596841423753321,1.19559397947177981
18,-1.36175682205062576,-3.54442532001173483,54.98421676492667842,-1.36138557199019572,-3.54965809646717823,54.95035631062133774,0.00000000000000000,0.02603414524206008,0.24230980411892555,0.00000000000000000,-0.01196413772396022,-13.29571288332284951
19,-1.36083071726691074,-3.47908092795380419,73.53281584726063613,-1.36215666800177715,-3.48201880312474410,73.52738163464962895,0.00000000000000000,0.02366831742699122,0.18105419422698876,0.00000000000000000,0.05567515561847921,5.28131244070541594
20,-1.36054450587220610,-3.54856070382531597,61.59518047367782856,-1.36104957856958286,-3.54843252608199489,61.59875197463633612,0.00000000000000000,0.02509618414159789,0.25461661346858033,0.00000000000000000,-0.01073856733877104,-6.64731721930786534
21,-1.36099611950732280,-3.44984279485808054,63.92147129102686165,-1.36128230648651360,-3.45561785101877295,63.85214692660770197,0.00000000000000000,0.03286490557730372,0.25633422224838909,0.00000000000000000,0.08207610772444908,-4.39392226733655811
22,-1.36041645186477056,-4.50377751910692492,72.56990573858524840,-1.36098635312845584,-4.49857997393958264,72.55773227970394146,0.00000000000000000,0.07876883891998809,0.44496514394441544,0.00000000000000000,-0.96088601519635630,4.31166308575984392
23,-1.36078394655559065,-3.83731737828238417,65.17248404782280602,-1.35467687928262803,-3.82200266712530334,65.34256199690811684,0.00000000000000000,0.02854695211106316,0.30219949501215104,0.00000000000000000,-0.28430870838208055,-2.90350719703616411
24,-1.36113474718378602,-4.72849621229525940,71.30392919232654947,-1.36337637512809007,-4.73473896629290358,71.11145367204088075,0.00000000000000000,0.05958371817695404,0.44222631554994685,0.00000000000000000,-1.19704500754967591,2.86538447809659580
25,-1.36146719734803523,-3.76737057480296889,71.53341252532069916,-1.36106757410026313,-3.77217147189427848,71.52835698024635747,0.00000000000000000,0.06286129311478261,0.26030436644877303,0.00000000000000000,-0.23447751315105814,3.28228778630221996
26,-1.36072288358953486,-2.90976562950576856,73.48632415417627328,-1.36091248599298131,-2.90984453244093766,73.49716293360560826,0.00000000000000000,0.11133246000860465,0.18014621864874239,0.00000000000000000,0.62784942630228324,5.25109373966149029
27,-1.36192334332152143,-3.84271946825778121,64.94875395540177010,-1.36138030973062585,-3.84007079526681139,64.96499237393697967,0.00000000000000000,0.02971267173222009,0.32162634614401447,0.00000000000000000,-0.30237683652358804,-3.28107682000721868
28,-1.36103924857395309,-3.27275984996918901,69.79820555498645263,-1.36233344275061863,-3.27648501039067286,69.75011677818950773,0.00000000000000000,0.02022153714664792,0.17702560784172672,0.00000000000000000,0.26120894835254782,1.50404758424536000
29,-1.36086438054810532,-2.92482783961213677,76.74430843874678487,-1.35583641770346852,-2.91252455584914660,76.80848165797232241,0.00000000000000000,0.02265255514832395,0.08648690046053620,0.00000000000000000,0.62516940289407696,8.56241246402815115
30,-1.36153266158859720,-3.96401825195160873,63.76715317876567468,-1.36133642682944833,-3.95822996740027078,63.84907902823393755,0.00000000000000000,0.02852557011991275,0.38765439891810516,0.00000000000000000,-0.42053600865705104,-4.39699016571024970
31,-1.36141026193043047,-3.04017048634629239,62.58654099847228025,-1.36483929232243817,-3.03569776459932683,62.60386960571941017,0.00000000000000000,0.02906843868908199,0.12665221731336218,0.00000000000000000,0.50199619414389074,-5.64219958822475043
32,-1.36091766518407997,-3.16676230892561916,70.47492367053861528,-1.36205894721697929,-3.16853099965721707,70.47571133477741512,0.00000000000000000,0.02768620983477446,0.18765697990862809,0.00000000000000000,0.36916295908600261,2.22964214083321366
33,-1.36029199248214905,-3.78767574036757049,69.85425593377297560,-1.36110331869700740,-3.79490461068342411,69.81148764257341099,0.00000000000000000,0.07363609265600578,0.25545233904479508,0.00000000000000000,-0.25721065194020293,1.56541844862920287
34,-1.36192946442884977,-3.39905359162590193,64.27334091648155834,-1.36282199787318969,-3.39456990263903613,64.28279578345609480,0.00000000000000000,0.01857596576749919,0.11650831634489330,0.00000000000000000,0.14312405610418577,-3.96327341048801740
35,-1.36138313490694451,-3.40876888197523442,71.01760837011387650,-1.36105244821030591,-3.41115239128588987,71.01809103816114543,0.00000000000000000,0.03309798810099149,0.12343181988117415,0.00000000000000000,0.12654156745733577,2.77202184421702835
36,-1.36069269178369168,-3.57968565359062607,65.26724028511009124,-1.36103924622986350,-3.57955261536119806,65.30439206402883201,0.00000000000000000,0.02603435506695876,0.21196061484177856,0.00000000000000000,-0.04185865661797201,-2.94167712991535657
37,-1.36070965066511507,-3.88149130191815939,60.13520402406422960,-1.36210251266319293,-3.89587744057316776,59.98898358944415321,0.00000000000000000,0.03255713794106797,0.37654604556248239,0.00000000000000000,-0.35818348182994841,-8.25708560450004292
38,-1.36129779197636136,-2.92791871751475563,65.56060556073867929,-1.35826759842755185,-2.91663981147640872,65.67900268610588910,0.00000000000000000,0.04061418715477864,0.38929181634039284,0.00000000000000000,0.62105414726680730,-2.56706650783826218
39,-1.36133046449165485,-3.61404496388574703,69.62950629183146134,-1.36095963446829549,-3.61017336511659481,69.63043016402816932,0.00000000000000000,0.02416766880770843,0.24350922145735945,0.00000000000000000,-0.07247940637337280,1.38436097008397718
40,-1.36124439786337614,-2.93213457792934573,63.49198600533446069,-1.36023244358986251,-2.93353641570244594,63.49521865987210845,0.00000000000000000,0.02136901181325893,0.09040386635110494,0.00000000000000000,0.60415754304077596,-4.75085053407201663
41,-1.36098195013855494,-3.86736130247391996,66.08256010855440366,-1.36097534939485731,-3.87343864683671635,66.05759143998376715,0.00000000000000000,0.03669914539032516,0.23634346898994052,0.00000000000000000,-0.33574468809349256,-2.18847775396031441
42,-1.36079886263933991,-2.62507293880410097,68.29586465253424876,-1.36041699154904250,-2.62088642544318740,68.32250978428757548,0.00000000000000000,0.02054573263474453,0.08298916617691023,0.00000000000000000,0.91680753330003428,0.07644059034334380
43,-1.36152370545808998,-3.08144076656608457,69.80349049955171381,-1.36451132278708820,-3.08120077129307912,69.80473635444504055,0.00000000000000000,0.03608623407591259,0.19894551866194576,0.00000000000000000,0.45649318745014433,1.55866716050079224
44,-1.36064276441103216,-3.43657691634412776,57.58342702285319348,-1.36053830198475678,-3.42358550468372425,57.72170216541481125,0.00000000000000000,0.03701878940914700,0.34984119439771882,0.00000000000000000,0.11410845405949706,-10.52436702852937600
45,-1.36063555448869478,-3.04961515175960951,69.47349201318058931,-1.36207890039725532,-3.04534937404072803,69.50229950724947514,0.00000000000000000,0.03577355621416611,0.18503122320498075,0.00000000000000000,0.49234458470249559,1.25623031330527613
46,-1.36114785615373912,-3.37356779773848059,65.23557880267644293,-1.36101993125919218,-3.37465640073073292,65.20887650049594697,0.00000000000000000,0.01972723898647680,0.17054013903152834,0.00000000000000000,0.16303755801249156,-3.03719269344828025
47,-1.36115039358010503,-3.10847919231721992,69.33888971763572329,-1.35723496377734487,-3.10122777137308914,69.38356055548749168,0.00000000000000000,0.01913926077295239,0.09821926714235654,0.00000000000000000,0.43646618737013210,1.13749136154325270
48,-1.36013870334269327,-3.87698534029146114,71.37665414722522428,-1.36122823305615115,-3.87892199364525458,71.34942339868955230,0.00000000000000000,0.02242619638603485,0.21028683978358770,0.00000000000000000,-0.34122803490203074,3.10335420474529000
49,-1.36170709324268491,-3.17526022548293829,73.11035099884942667,-1.36136374485567324,-3.11924396644244517,73.22640171005720333,0.00000000000000000,0.09293325259029825,0.18763508250873537,0.00000000000000000,0.41844999230077967,4.98033251611296190
50,-1.36158125258262386,-2.96124196464607570,69.93001087617091116,-1.35745865057063608,-2.96343882876513520,69.91275806199691090,0.00000000000000000,0.01851666914275568,0.13533379222636396,0.00000000000000000,0.57425512997808814,1.66668886805265926
51,-1.36182957805608074,-3.44484992217643127,66.00650967047279494,-1.35974730006471023,-3.43778974262697012,66.06246276304783294,0.00000000000000000,0.02319170235861102,0.18210654992514913,0.00000000000000000,0.09990421611625454,-2.18360643089630235
52,-1.36150520637799310,-3.12610232696489510,64.78656927797443643,-1.36167880687176712,-3.12777765770451444,64.78947311585277191,0.00000000000000000,0.02003456577104886,0.13387951799219802,0.00000000000000000,0.40991630103870652,-3.45659607809149794
53,-1.36102287525795740,-3.09930283192367595,65.13980008219976980,-1.36074733427560290,-3.18840151474905387,64.40596071998928096,0.00000000000000000,0.07863633720964727,0.67603501370582375,0.00000000000000000,0.34929244399416992,-3.84010847395484989
54,-1.36061603985474266,-3.59237114965912641,71.00833788434159999,-1.36110077735047574,-3.59252026479029407,70.99363411754804076,0.00000000000000000,0.02724279956052023,0.21830042300756280,0.00000000000000000,-0.05482630604707171,2.74756492360384508
55,-1.36107964162630668,-2.89877829467780446,62.20631846920442598,-1.36023832651729837,-2.89604335265368551,62.21675175706924676,0.00000000000000000,0.02469627804675263,0.12831486380010285,0.00000000000000000,0.64165060608954183,-6.02931743687499022
56,-1.36060129730434221,-3.03314924299122213,70.12990774681236417,-1.35910402549172415,-3.03222194199154105,70.12290413396313227,0.00000000000000000,0.03291629739093945,0.36029400996784877,0.00000000000000000,0.50547201675167985,1.87683494001892037
57,-1.36168602445290321,-3.48341456066241983,68.34563558552488871,-1.36092672683613469,-3.48056094727911969,68.36434728164077512,0.00000000000000000,0.02580413286421911,0.20354062502332299,0.00000000000000000,0.05713301146410055,0.11827808769650576
58,-1.36086859375199687,-4.05988282346064455,57.52552903792456362,-1.36024455642035447,-4.05861666606244764,57.54943793999260038,0.00000000000000000,0.02648477976373803,0.33908827271442882,0.00000000000000000,-0.52092270731922607,-10.69663125395156911
59,-1.36074006418693694,-3.40685255000372056,75.37537720959591070,-1.36262660033709149,-3.40470365220220783,75.38636798111446069,0.00000000000000000,0.02651220293739632,0.21941147794197455,0.00000000000000000,0.13299030654101240,7.14029878717021926
60,-1.36118174385755908,-2.88077522690578158,70.88760235432380341,-1.36029215528391023,-2.88271440005001756,70.89754337540550466,0.00000000000000000,0.03258780736835612,0.17014624019674976,0.00000000000000000,0.65497955869320656,2.65147418146138358
61,-1.36018950088934298,-2.96864411350305346,62.48335073716776833,-1.35936021830043141,-2.96894116135286756,62.47623423131343401,0.00000000000000000,0.03389259657772712,0.10832058034254002,0.00000000000000000,0.56875279739035378,-5.76983496263074702
62,-1.36065371699940751,-2.72692258560535272,80.68095490864305930,-1.36583320449756185,-2.73632598965097484,80.63362082992904334,0.00000000000000000,0.03048751659126678,0.11240775680565547,0.00000000000000000,0.80136796909224950,12.38755163598493247
63,-1.36118479558964722,-4.16418409834978309,60.63376058186341311,-1.36381128608245428,-4.16505550092338250,60.62218030030755500,0.00000000000000000,0.02584275001327182,0.43108863972538664,0.00000000000000000,-0.62736154218016305,-7.62388889363666422
64,-1.36139510250591145,-3.48226953478000079,70.00827535513336386,-1.36100202705355233,-3.48744156665101634,69.97281432291970305,0.00000000000000000,0.02447580744280374,0.17881500493809949,0.00000000000000000,0.05025239209220474,1.72674512897544985
65,-1.36104950550203041,-3.48863437814905675,77.02200972135899804,-1.36095859488533444,-3.48558415651140940,77.01202659868408773,0.00000000000000000,0.02293061356691652,0.14960341646784300,0.00000000000000000,0.05210980223181517,8.76595740473992180
66,-1.36069576673325221,-2.94502774600251360,69.95009692486652852,-1.35906739331202786,-2.93527363677211950,70.01087342436757410,0.00000000000000000,0.02767608848253985,0.19677879670953510,0.00000000000000000,0.60242032197110462,1.76480423042331269
67,-1.36157071853386968,-3.52790124628696278,83.67153743682443690,-1.36079055966027007,-3.62223445080588435,84.67580663582596401,0.00000000000000000,0.17951339539852901,1.57092758118556430,0.00000000000000000,-0.08454049206266157,16.42973744188175189
68,-1.36070353454369908,-3.99285315207062430,71.68568713346941479,-1.36097612623875275,-3.98552501963457129,71.75786986908080678,0.00000000000000000,0.03972765439802980,0.40445133175592096,0.00000000000000000,-0.44783106089134989,3.51180067513660887
69,-1.36163368212562497,-3.76258454697639255,73.32088171555467682,-1.36130262645456535,-3.76350888860826460,73.33633901815102263,0.00000000000000000,0.04131436366054188,0.32090969702929412,0.00000000000000000,-0.22581492986504287,5.09026982420677054
70,-1.36129841599703760,-4.07755260820098098,71.68140167372692417,-1.35868244851597630,-4.07221272539379342,71.72488850745939715,0.00000000000000000,0.02901086741871489,0.27867479911161558,0.00000000000000000,-0.53451876665057163,3.47881931351515350
71,-1.36137081065523247,-4.39177234760567892,71.55206141154425836,-1.36129037165318301,-4.40474096338668186,71.51738592619695112,0.00000000000000000,0.05352148652519564,0.32510049454994067,0.00000000000000000,-0.86704700464345696,3.27131673225279718
72,-1.36194203038018813,-4.28529911050680923,63.27959871568415195,-1.36005749962824929,-4.28196407080012342,63.31736948030606271,0.00000000000000000,0.03971418383054092,0.37883282724614531,0.00000000000000000,-0.74427011205690219,-4.92869971363814052
73,-1.36131542930174265,-3.44446464628904492,67.65278575364327196,-1.36108756397637953,-3.44596368789397767,67.66154080812287930,0.00000000000000000,0.02953417826536930,0.25377708661235443,0.00000000000000000,0.09173027084924422,-0.58452838582128175
74,-1.36129334299413607,-3.31275220174833729,73.93840415941875222,-1.36307205337386694,-3.30901147307725196,73.94435232310037520,0.00000000000000000,0.03591096786828493,0.11830700853905747,0.00000000000000000,0.22868248566597207,5.69828312915606983
75,-1.36168514302703247,-4.20007323489713080,66.77026958419276070,-1.36230004830999274,-4.19968297900949317,66.77566867638171288,0.00000000000000000,0.04042545311351255,0.28971946246414521,0.00000000000000000,-0.66198902026626749,-1.47040051756238488
76,-1.36129985165236445,-3.46722914728890075,71.70967110949786161,-1.36097936187320845,-3.43106235184815045,71.60881223023667985,0.00000000000000000,0.11375595323265991,0.40879478200319647,0.00000000000000000,0.10663160689507591,3.36274303629265026
77,-1.36176511295447011,-3.27620324310564381,60.84376540874945505,-1.36282183952935765,-3.27513077886726167,60.83204687380579401,0.00000000000000000,0.02321145834070549,0.16678015788407555,0.00000000000000000,0.26256317987596101,-7.41402232013845897
78,-1.36066832564191365,-2.95815126310809839,74.21804266960528196,-1.36145130005065718,-2.95743470649433249,74.23271567978501650,0.00000000000000000,0.03368756063939673,0.20074940385837997,0.00000000000000000,0.58025925224889063,5.98664648584084524
79,-1.36178123521039773,-3.96340103405260669,64.25314308737173974,-1.36092946014928917,-3.95815503702746030,64.30677112677152252,0.00000000000000000,0.02194138219697156,0.23685928727401739,0.00000000000000000,-0.42046107828423640,-3.93929806717264164
80,-1.36173493241638810,-3.23067317724390701,84.98852118509310571,-1.36128699315139090,-3.01942638879542535,83.09296485386452957,0.00000000000000000,0.39065926789855243,3.08157631574370638,0.00000000000000000,0.51826756994779555,14.84689565992039384
81,-1.36090952327272818,-3.91575047716668978,60.32933570155689296,-1.36083639754913288,-3.92780047791216713,60.18969453166987904,0.00000000000000000,0.04908118782657568,0.57456990895459426,0.00000000000000000,-0.39010651916894029,-8.05637466227426735
82,-1.36070506292144411,-3.81136095998420377,68.22566088301925902,-1.36030134754356857,-3.81955132055246915,68.20513045908438698,0.00000000000000000,0.04122788635941445,0.28801965878611946,0.00000000000000000,-0.28185736180924476,-0.04093873485979788
83,-1.36056590393029264,-3.73303065852978477,67.67646603842827346,-1.36113608662042229,-3.75390791605709850,67.69125827807810936,0.00000000000000000,0.10917442876676887,0.22202664767841018,0.00000000000000000,-0.21621395731387877,-0.55481091586603326
84,-1.36128429379747828,-3.88817178429415122,61.25610094603919009,-1.36199601980160212,-3.89879877644974382,61.13906609590563335,0.00000000000000000,0.05176195156159486,0.59672650819354378,0.00000000000000000,-0.36110481770652109,-7.10700309803851837
85,-1.36076486071454350,-4.56833101062445657,64.65037559757926999,-1.36040391071501809,-4.53374627689797194,64.89733230411252407,0.00000000000000000,0.11850265719855127,0.83813997090499193,0.00000000000000000,-0.99605231815474837,-3.34873688983160056
86,-1.36058660354118266,-3.24893198007783557,72.82258264106064871,-1.36218334324246548,-3.25590323738214638,72.78362245464033720,0.00000000000000000,0.02055836927934077,0.16654870736165989,0.00000000000000000,0.28179072136107286,4.53755326069623255
87,-1.36065139550365588,-2.91823143469818191,61.88399851779413297,-1.36439470596970325,-2.92254936422915401,61.87479613982137749,0.00000000000000000,0.03395191492429928,0.12602953688954821,0.00000000000000000,0.61514459451406389,-6.37127305412283906
88,-1.36065680383573873,-3.58924425732335717,67.53399465256283918,-1.36112019526699513,-3.59030891721112910,67.51670747126281924,0.00000000000000000,0.03445788127813160,0.36748898979806849,0.00000000000000000,-0.05261495846790559,-0.72936172268131449
89,-1.36192795217347284,-3.59112545430132224,55.54985242084347874,-1.36576904415728273,-3.59044747755938687,55.52974552661081731,0.00000000000000000,0.02150370179276353,0.21245987300352079,0.00000000000000000,-0.05275351881616604,-12.71632366733337705
90,-1.36094193471843172,-3.17395562413496002,76.52897063293607971,-1.36140715424844005,-3.17642998989395631,76.50244171194536591,0.00000000000000000,0.04766662099177679,0.13256433458024269,0.00000000000000000,0.36126396884926681,8.25637251800122840
91,-1.36137494105503709,-3.56812460792598074,76.11490042358116170,-1.36141224250261783,-3.62466504228512498,76.51812446468849771,0.00000000000000000,0.13672629536761380,0.97806413327134312,0.00000000000000000,-0.08697108354190404,8.27205527074423586
92,-1.36104601608951437,-4.00741423140522279,58.86612301519588186,-1.36154313547228489,-4.00092208599619870,58.93130232391891354,0.00000000000000000,0.02743308946797845,0.27476108945659922,0.00000000000000000,-0.46322812725297807,-9.31476687002528259
93,-1.36135459816899407,-3.66161708875039738,58.61240337146794133,-1.35666909757757281,-3.65534003733030000,58.68027064261857362,0.00000000000000000,0.02615006786926107,0.32025037246777799,0.00000000000000000,-0.11764607858707930,-9.56579855132556922
94,-1.36031955752834754,-3.47394199509568091,77.17596437455189573,-1.36091562273450317,-3.50048870401756984,77.00074565012683081,0.00000000000000000,0.05442823900519466,0.34807017306799443,0.00000000000000000,0.03720525472565198,8.75467645618274126
95,-1.36022643956391254,-3.64061634433562498,61.74090596863011626,-1.36009013619398478,-3.64368599376785163,61.71254718008668050,0.00000000000000000,0.02395893304272276,0.23767225579490034,0.00000000000000000,-0.10599203502462777,-6.53352201385753162
96,-1.36149502386550725,-3.32897151124034885,64.88729522737730804,-1.36096153387886187,-3.33228637804066263,64.86876972993373158,0.00000000000000000,0.03691959013867030,0.40040213842450334,0.00000000000000000,0.20540758070255907,-3.37729946401037839
97,-1.36103669094278290,-3.52186033800957876,69.42339919651476521,-1.35972808483180119,-3.51451871265468307,69.48213338279300899,0.00000000000000000,0.03376487172839131,0.25103501138210205,0.00000000000000000,0.02317524608853965,1.23606418884874936
98,-1.36030949211542951,-3.12348786379125887,61.19288522239246220,-1.35778537465945481,-3.12305330894868316,61.19046818794353726,0.00000000000000000,0.02493209968827138,0.17059017421019598,0.00000000000000000,0.41464064979454190,-7.05560100600063311
99,-1.36060378555014472,-3.63712205118391907,74.54509729220619363,-1.36111465816517097,-3.63058716258525216,74.52344063840587296,0.00000000000000000,0.06062757469193997,0.27403011758969065,0.00000000000000000,-0.09289320384202947,6.27737144446186868
100,-1.36133042186969067,-3.17407662577865768,66.25974534241079539,-1.36180826724229576,-3.17220780585393003,66.27838013194933353,0.00000000000000000,0.02666654339381034,0.15273481689239085,0.00000000000000000,0.36548615288928843,-1.96768906199478932
101,-1.36129931423635431,-2.91237635300679010,65.83424359910056012,-1.35950135780760584,-2.90764767714157291,65.84602543086427318,0.00000000000000000,0.03760679278776179,0.13342848725555026,0.00000000000000000,0.63004628160165166,-2.40004376307994249
102,-1.36124119116219067,-3.56389278104796459,73.72859617491212703,-1.36109555374146018,-3.55546369493892156,73.62767264295915481,0.00000000000000000,0.14987316564314829,1.03042819168443045,0.00000000000000000,-0.01776973619569981,5.38160344901488408
103,-1.36128886141328675,-3.43180655952548053,79.18148046396032669,-1.36078029084385488,-3.44372342683264732,79.26326943279049431,0.00000000000000000,0.14032538404166534,0.60708668724618453,0.00000000000000000,0.09397053191057460,11.01720023884628397
104,-1.36137721397965694,-3.08972064144259795,64.52985705615208190,-1.36254355572102992,-3.09007163498308568,64.53452284350434809,0.00000000000000000,0.01801876038544749,0.11025412422727671,0.00000000000000000,0.44762232376013478,-3.71154635043978809
105,-1.36056091945000124,-3.48775200271598784,79.07447110315409589,-1.35657758625326164,-3.48461569764568724,79.12491646232469122,0.00000000000000000,0.09540258823064937,0.26015738425515117,0.00000000000000000,0.05307826109753438,10.87884726838050220
106,-1.36138760791213076,-2.34303757292010806,72.34828189459655334,-1.35977564677777196,-2.34834716070906291,72.34323214463775287,0.00000000000000000,0.04033618745332346,0.07527348858977760,0.00000000000000000,1.18934679803415966,4.09716295069348391
107,-1.36129387644511124,-4.24878777448252976,53.14430485750079924,-1.36137409617271610,-4.20646297707140082,53.84442908854482113,0.00000000000000000,0.05221721651644332,0.86212730165974782,0.00000000000000000,-0.66876901832817481,-14.40164010539942119
108,-1.36057624966842461,-2.84908232865058020,66.97030629476320485,-1.36089162392887686,-2.83839119408780727,66.95562232865464125,0.00000000000000000,0.08694256162737608,0.16167974286059900,0.00000000000000000,0.69930276465541463,-1.29044686528952446
109,-1.36126079697249769,-3.12339693355534020,65.35581224687604163,-1.36066979456583614,-3.13223793415003371,65.31239250237966587,0.00000000000000000,0.03478269429307337,0.15300304075948357,0.00000000000000000,0.40545602459318880,-2.93367669156452759
110,-1.36119587781052354,-4.25122730876857524,58.38597039254214849,-1.36108939596648582,-4.27730646640209500,58.06439351247748704,0.00000000000000000,0.05734673393094185,0.76036070990764826,0.00000000000000000,-0.73961250765886788,-10.18167568146669666
111,-1.36056757523368677,-3.29188564861879707,54.63850416743898109,-1.35901505881931994,-3.30980432935809077,54.56086170892068310,0.00000000000000000,0.05988205012276930,0.26458215992409151,0.00000000000000000,0.22788962938512944,-13.68520748502348816
112,-1.36228536885315354,-4.03613712375214284,64.34990791903454976,-1.36137323063834637,-4.03339989711913383,64.35823326994052707,0.00000000000000000,0.04349915858844080,0.34513509893569466,0.00000000000000000,-0.49570593837590626,-3.88783592400362643
113,-1.36051206753105469,-3.22281292704784894,67.01559621750340057,-1.36100419036927711,-3.23984566037479071,66.90222372503824033,0.00000000000000000,0.02337344459411755,0.15955676793133547,0.00000000000000000,0.29784829836843324,-1.34384546890602552
114,-1.36041138286692642,-4.37502357083082938,60.75187353165739523,-1.36571263004631205,-4.38263505481509696,60.64826791246569826,0.00000000000000000,0.05085617119321686,0.53968802302373187,0.00000000000000000,-0.84494109607187373,-7.59780128147844369
115,-1.36080939479279439,-3.67746686379977206,67.22493510068700573,-1.35949920545707825,-3.66509097994847988,67.36179166498178006,0.00000000000000000,0.02540725310643695,0.27670212499788605,0.00000000000000000,-0.12739702120525540,-0.88427752896234890
116,-1.36081021024024751,-3.31624638243274372,60.82191175119303495,-1.36399249666425337,-3.32043549209866073,60.80559282195607551,0.00000000000000000,0.01961944030630447,0.15676111067454823,0.00000000000000000,0.21725846664456314,-7.44047637198805933
117,-1.36047339616195928,-3.41086875822306324,77.91577175386460397,-1.36108939596648582,-3.39492282283711289,78.04122823381968033,0.00000000000000000,0.05835878133862093,0.26296553711290216,0.00000000000000000,0.14277113590610602,9.79515903987549130
118,-1.36149750489867238,-4.46234118508333388,79.23796379598549322,-1.36080158528019668,-4.37621332685005626,78.39956678716333727,0.00000000000000000,0.16338566140857697,1.38176304862848598,0.00000000000000000,-0.83851936810683836,10.15349759321920864
119,-1.36141378078202369,-2.44164124237898283,63.30235249217884075,-1.35606895310950293,-2.44875468015439735,63.26742261313061988,0.00000000000000000,0.03554558452764950,0.12217546872156229,0.00000000000000000,1.08893927858882034,-4.97864658081356115
120,-1.36134983915209662,-3.09755002599987206,82.73606604517104302,-1.36113690241792717,-2.96011644419309849,81.99221912538602908,0.00000000000000000,0.18215536832292889,0.73735006351019283,0.00000000000000000,0.57757751455012274,13.74614993144181163
121,-1.36069886261540041,-3.53973068025331727,64.81346810936818770,-1.36010851316140458,-3.53359616126699949,64.83798658318316654,0.00000000000000000,0.03105365941182529,0.17986986436072699,0.00000000000000000,0.00409779747622329,-3.40808261076106689
122,-1.36012433310744130,-3.72633522992157618,80.90766843441578260,-1.36008150633105518,-3.71892189307569820,80.89166022173175463,0.00000000000000000,0.06454097633648279,0.22288740808558635,0.00000000000000000,-0.18122793433247666,12.64559102778751765
123,-1.36108783674601574,-3.50156263398688017,83.72608294156476916,-1.36374596435107631,-3.51649134493467752,83.68789552237048213,0.00000000000000000,0.10875748212018937,0.27576787310203238,0.00000000000000000,0.02120261380854000,15.44182632842612257
124,-1.36120117643558802,-3.55876953655797745,77.45918198065373872,-1.36017680192893087,-3.55781704656374131,77.42332239660831306,0.00000000000000000,0.04474807428733769,0.24201783960140927,0.00000000000000000,-0.02012308782051906,9.17725320266419509
125,-1.36137487594929008,-3.39530274791447484,72.42132089283522589,-1.36113751091950852,-3.39787531841542423,72.41374200424466778,0.00000000000000000,0.03656113987135302,0.21932899207026169,0.00000000000000000,0.13981864032779798,4.16767281030056580
126,-1.36123695510312781,-4.25543568276574824,67.31270077481927672,-1.36099234600238073,-4.26311819487905197,67.25736636376194610,0.00000000000000000,0.03457516266303660,0.28147100134341957,0.00000000000000000,-0.72542423613583018,-0.98870283018219807
127,-1.36073173927797586,-4.00286807039855752,75.75625667689909903,-1.36137116336516906,-4.00662293723677543,75.73288004606351365,0.00000000000000000,0.07139179432613950,0.34209629141934650,0.00000000000000000,-0.46892897849355492,7.48681085211937702
128,-1.36141563747580330,-4.84112864591604986,73.81680353782647330,-1.36007373366344209,-4.84119682902236104,73.77776066918414699,0.00000000000000000,0.08315663375690027,0.67630619989742224,0.00000000000000000,-1.30350287027913159,5.53169147524011073
129,-1.36131716516963053,-3.18294162123206448,81.83766415945947870,-1.36084314720292254,-3.17766057561882009,81.85318007697415510,0.00000000000000000,0.06117510279469206,0.16372576267833058,0.00000000000000000,0.36003338312440442,13.60711088303003180
130,-1.36151648770166789,-4.23593448873760803,78.62012894732275470,-1.36594834447293834,-4.23711991771048968,78.60521737695209765,0.00000000000000000,0.04772895623886734,0.34070579638383036,0.00000000000000000,-0.69942595896727566,10.35914818300802587
131,-1.36099624293083976,-3.14375095879913902,60.27644317533535201,-1.36187406768454444,-3.14493325658881817,60.26726436501807882,0.00000000000000000,0.03533904951205071,0.26238864721451860,0.00000000000000000,0.39276070215440206,-7.97880482892610310
132,-1.36079593827349687,-4.05207043040602866,64.62240041219925502,-1.35980261115002454,-4.05280292893481864,64.61081844713299915,0.00000000000000000,0.03293151325554922,0.36503948740703185,0.00000000000000000,-0.51510897019159863,-3.63525074681117077
133,-1.36123074930660648,-3.28061590054938756,69.13565882405993079,-1.36101829953168041,-3.28627164640791269,69.10767789392500049,0.00000000000000000,0.01902560042091264,0.15223862544235608,0.00000000000000000,0.25142231233530854,0.86160869998083434
134,-1.36149814947324321,-3.11548627367721531,73.92051019175428905,-1.36152658424601714,-3.15524304980487003,74.07919202541161496,0.00000000000000000,0.09598224826603864,0.36982641152191720,0.00000000000000000,0.38245090893835265,5.83312283146742683
135,-1.36038118171379008,-4.38336899927978063,70.46566798287057054,-1.36116305655290448,-4.38017201222529629,70.47058819289017606,0.00000000000000000,0.08249684682449136,0.35683969043859187,0.00000000000000000,-0.84247805348207794,2.22451899894596661
136,-1.36171521120715955,-2.25691976473170497,68.45912322765671831,-1.36416383324979495,-2.24555980592197146,68.47291141165766248,0.00000000000000000,0.08076963995828530,0.09932258492228101,0.00000000000000000,1.29213415282124977,0.22684221771340304
137,-1.36124062876680751,-3.51640325034463386,72.69276829159581155,-1.36020666016881053,-3.51179859368959724,72.68681416467573797,0.00000000000000000,0.06386445475520446,0.21213268186603382,0.00000000000000000,0.02589536505362929,4.44074497073158714
138,-1.36111998753109309,-2.26634793912071153,65.38034625755787488,-1.36316978275617751,-2.10498901083743517,65.63732869690520033,0.00000000000000000,0.11485463514627339,0.17045110934279925,0.00000000000000000,1.43270494790578495,-2.60874049703897626
139,-1.36098353122019855,-3.93428004626051209,51.41096272057998107,-1.35812550267049503,-3.92201940422263062,51.58260068487680172,0.00000000000000000,0.03285613292371090,0.50529841113218354,0.00000000000000000,-0.38432544547940650,-16.66346850906739618
140,-1.36119089258571280,-4.32421202586427356,74.15657322846203670,-1.36093158162829009,-4.40976959382216194,74.48556669612125347,0.00000000000000000,0.15386289916893536,0.61873906591328354,0.00000000000000000,-0.87207563507894426,6.23949750217711863
141,-1.36222464598458370,-3.85794165769204467,66.89388833638869869,-1.36199364287110591,-3.85583098557231674,66.95138582016630835,0.00000000000000000,0.02227831050006153,0.30616258922457013,0.00000000000000000,-0.31813702682909062,-1.29468337377782072
142,-1.36147031125678319,-3.41870141544980033,55.83578525599260445,-1.35536200951059937,-3.42613518862766853,55.79709992515772399,0.00000000000000000,0.02769244793622858,0.23095659675709121,0.00000000000000000,0.11155877011555232,-12.44896926878655208
143,-1.36099713781044840,-3.34575785456570518,72.94253929731284813,-1.36117639471091034,-3.34192054433245600,72.93297882483017247,0.00000000000000000,0.05968808530503752,0.16289111850741972,0.00000000000000000,0.19577341441076596,4.68690963088598256
144,-1.36125681474744042,-3.92362096245815373,61.58595121277146234,-1.36122706228417201,-3.92746099633120371,61.51263759117386343,0.00000000000000000,0.02999094923654371,0.50570139805516767,0.00000000000000000,-0.38976703758797987,-6.73343160277023678
145,-1.36168600334868528,-3.07976386889992071,78.66722869064396662,-1.36108939596648582,-3.02674233805247406,78.38038305794519545,0.00000000000000000,0.40157101678245410,3.63106172913127878,0.00000000000000000,0.51095162069074918,10.13431386400090517
146,-1.36117424382084073,-3.40944547347804594,65.07853840211230079,-1.36030725381506268,-3.40578025955936958,65.12292448356100749,0.00000000000000000,0.02826018882173342,0.36045531888450943,0.00000000000000000,0.13191369918385179,-3.12314471038318375
147,-1.36040227697060301,-3.01007442867011177,56.87363806655721277,-1.35715541294846598,-3.00834350141251328,56.87473585573000889,0.00000000000000000,0.03054210599738889,0.18635444866775810,0.00000000000000000,0.52935045733070629,-11.37133333821411441
148,-1.36006541287222826,-3.63633052395787626,65.42829763940842724,-1.36063318929315979,-3.62518395807037130,65.59984292697096464,0.00000000000000000,0.02671224770645065,0.35089851014203566,0.00000000000000000,-0.08748999932714854,-2.64622626697315599
149,-1.36099011779418699,-3.51138885028136105,70.00531008970864377,-1.36206198474900253,-3.50195918717025778,70.03740164603308926,0.00000000000000000,0.02647359032842687,0.13234550372146264,0.00000000000000000,0.03573477157296118,1.79133245208891045
150,-1.36039376174372051,-3.55109077624261449,70.19594243843889103,-1.36067202501149653,-3.55183409387587501,70.16706949395150161,0.00000000000000000,0.06850194491730265,0.14289784944905723,0.00000000000000000,-0.01414013513265267,1.92100030000730992
151,-1.36131957443346385,-4.58217184082526696,75.32733814163088937,-1.36189216211929209,-4.58417945853201125,75.26995124985174357,0.00000000000000000,0.08898752059167601,0.34613157895412344,0.00000000000000000,-1.04648549978878891,7.02388205590748260
152,-1.36094480250466732,-3.84900085710068263,67.12230303201718584,-1.36024588451536910,-3.83956109087661046,67.25155478494208694,0.00000000000000000,0.01995152090079890,0.29204700554535362,0.00000000000000000,-0.30186713213339034,-0.99451440900201482
153,-1.36044807932657030,-3.54564786484057359,72.52563475383708180,-1.36058902422215544,-3.54752250740354969,72.49117673564738595,0.00000000000000000,0.04143751102574122,0.21500583061967385,0.00000000000000000,-0.00982854866033308,4.24510754170322713
154,-1.36049813543445075,-2.82922493399821873,80.42581362554166446,-1.36119773106419362,-2.83704842492453446,80.54797458502240204,0.00000000000000000,0.30276986430441000,1.09090584598068063,0.00000000000000000,0.70064553381868877,12.30190539107828407
155,-1.36070495571688177,-4.04804881836183039,70.39121948310764765,-1.36137896645170398,-4.04562964585719786,70.41763609621816045,0.00000000000000000,0.04880785302211695,0.32491687691662852,0.00000000000000000,-0.50793568711397086,2.17156690227390659
156,-1.36121369650165591,-3.50283607803684438,81.24075610517449775,-1.35857424291553719,-3.49404892768675390,81.28793791674210922,0.00000000000000000,0.03598128292049022,0.23328393437892211,0.00000000000000000,0.04364503105646633,13.04186872279786691
157,-1.36085329300115832,-2.90633000514841688,63.83943647918349740,-1.36317083671178452,-2.89839169046645084,63.88976700579775070,0.00000000000000000,0.02387667133048776,0.16256472163073427,0.00000000000000000,0.63930226827676939,-4.35630218814648895
158,-1.36056882663928702,-3.66239924998765209,57.82163676863214619,-1.35717247256595064,-3.65985769254213755,57.81949368570467129,0.00000000000000000,0.01860577284541015,0.28328679621229286,0.00000000000000000,-0.12216373379891866,-10.42657550823953549
159,-1.36125961666247131,-3.65684262212669609,75.24516503421354230,-1.36120867642748156,-3.65809169865014239,75.22728193765293270,0.00000000000000000,0.02932950666262173,0.31254313612023743,0.00000000000000000,-0.12039773990692061,6.98121274370873213
160,-1.36189445598812742,-3.70875581655778541,70.80841548904832905,-1.36088502826657631,-3.71541832365835223,70.79089891102147192,0.00000000000000000,0.04388705600807014,0.26177941050243353,0.00000000000000000,-0.17772436491513188,2.54482971707730998
161,-1.36091303451809376,-3.25019768819259847,74.08936519008923938,-1.36098309699082654,-3.27143154205814524,74.12621654978606500,0.00000000000000000,0.13289863483977360,0.30463306516561278,0.00000000000000000,0.26626241668507739,5.88014735584178538
162,-1.36185641722081296,-3.79593160166400123,84.52222209059392810,-1.36258376341143128,-3.78087375347555010,84.51119335704110824,0.00000000000000000,0.10385287895140734,0.31371652220673779,0.00000000000000000,-0.24317979473232659,16.26512416309684994
163,-1.36030453315708466,-4.07301939948497616,73.40230718801272758,-1.35454782711005817,-4.07261607295538308,73.44327492980093552,0.00000000000000000,0.03085976948997881,0.36517564252291651,0.00000000000000000,-0.53492211421215441,5.19720573585673851
164,-1.36050064621154809,-4.55638621076743888,71.82713674231573009,-1.36038091839418995,-4.55774358736696250,71.77788735639687445,0.00000000000000000,0.03705700175383402,0.38428427711894214,0.00000000000000000,-1.02004962862373683,3.53181816245266367
165,-1.36076851036038438,-3.18421162763780963,66.53690373769644850,-1.36382325193105114,-3.19260086937048637,66.49068246866701770,0.00000000000000000,0.02622922972060241,0.15823289071863636,0.00000000000000000,0.34509308937273592,-1.75538672527711004
166,-1.36040209305041704,-3.88537792559544126,71.86348336281606919,-1.36097560646720184,-3.88742185179438859,71.86167635742557991,0.00000000000000000,0.04165771944002754,0.23128485966283024,0.00000000000000000,-0.34972789305117041,3.61560716348134958
167,-1.36038657823327447,-5.03615752260765426,72.50695125118221540,-1.35891546434917587,-5.03105073214760701,72.50215603805131082,0.00000000000000000,0.07676659552668755,0.65300488662339251,0.00000000000000000,-1.49335677340438489,4.25608684410712090
168,-1.36110143329983169,-2.71190959824797595,86.97809329181669113,-1.36153325803148939,-2.50800861979180256,85.00075646933792939,0.00000000000000000,0.31936367060627407,2.21182816313008779,0.00000000000000000,1.02968533895141778,16.75468727539381320
169,-1.36113790685899638,-2.86435279091317962,63.01814359659728382,-1.36385582181661347,-2.86726257888518044,62.99079688627035267,0.00000000000000000,0.03308175361094096,0.14910367454853096,0.00000000000000000,0.67043137985804213,-5.25527230767382658
170,-1.36102495994116568,-3.46825519192502751,69.08256923515827452,-1.36292329512528587,-3.47040937663065430,69.05485469988813918,0.00000000000000000,0.02535777859923558,0.21321217251234784,0.00000000000000000,0.06728458211256955,0.80878550594394294
171,-1.36096828249111113,-4.52564816714023532,64.02105780438003535,-1.36346848973829182,-4.53180785668773467,63.93911647105024798,0.00000000000000000,0.03930867916485593,0.44639420729679524,0.00000000000000000,-0.99411389794451066,-4.30695272289394016
172,-1.36153722425137236,-3.72776608565380707,67.39380386874601925,-1.35957801273476586,-3.72574449142197439,67.39698952845949975,0.00000000000000000,0.04196946206502805,0.16116830212473390,0.00000000000000000,-0.18805053267875235,-0.84907966548484426
173,-1.36015646261042411,-2.94124082540628295,64.52414442749197576,-1.36173986291476834,-2.95174347472090526,64.48105931574866645,0.00000000000000000,0.01920971465591419,0.10248761638253605,0.00000000000000000,0.58595048402231786,-3.76500987819552790
174,-1.36137994496496950,-4.48113033584469456,64.80337041794405195,-1.36494171299710798,-4.47788701997186944,64.82893746923132028,0.00000000000000000,0.03483073829327764,0.33234738465067021,0.00000000000000000,-0.94019306122864332,-3.41713172471283766
175,-1.36104859169919501,-4.05061355322362449,64.86064584494644691,-1.35792454293588638,-4.04241996192260089,64.96620299988926206,0.00000000000000000,0.02370212253852930,0.26976530478778932,0.00000000000000000,-0.50472600317938310,-3.27986619405493807
176,-1.36172097151315485,-3.51322846906910247,62.29799199636113372,-1.35492287508227061,-3.50032184686487202,62.38282481250966782,0.00000000000000000,0.03116610043933745,0.20204216419012266,0.00000000000000000,0.03737211187835133,-5.86324438143449189
177,-1.36169509209495487,-2.98733782354363431,78.88815721741410414,-1.36108888579081455,-3.00044117680405398,78.47581641868293900,0.00000000000000000,0.33388134223857308,2.89640181542595210,0.00000000000000000,0.53725278193916881,10.22974722473878906
178,-1.36100059024275422,-3.43936860624684959,78.97374450768090526,-1.36128404849175499,-3.47269427258333785,78.72738185175246883,0.00000000000000000,0.07530632786083601,0.56075729670064911,0.00000000000000000,0.06499968615988273,10.48131265780826560
179,-1.36126422058698693,-3.29975043705708648,64.84105603431930831,-1.36112921969115108,-3.29787332221133944,64.83718988362400637,0.00000000000000000,0.02190269989526495,0.19272735281903938,0.00000000000000000,0.23982063653188104,-3.40887931032020397
180,-1.36097266939484052,-3.56899503868872214,59.45766159525280870,-1.36112652935626199,-3.56905857539951699,59.45983968463689706,0.00000000000000000,0.03447699075528270,0.14907428617874732,0.00000000000000000,-0.03136461665629658,-8.78622950930729729
181,-1.36102519554306589,-2.73344634839454592,70.77469304407601669,-1.36095411280499823,-2.73232386812196104,70.77815913951238258,0.00000000000000000,0.02636151118372873,0.15729326707583582,0.00000000000000000,0.80537009062125675,2.53208994556817357
182,-1.36069949789622435,-4.55043015196601708,59.14182695814302804,-1.35849626419281089,-4.52660529814214563,59.35049663491295036,0.00000000000000000,0.05365230812017593,0.54626555264878629,0.00000000000000000,-0.98891133939891607,-8.89557255903119959
183,-1.36139066183529955,-3.88125420903814566,67.66308354459758334,-1.36068668736570841,-3.89053337185755410,67.60971002319811873,0.00000000000000000,0.05037065415785835,0.30660273435375812,0.00000000000000000,-0.35283941311432909,-0.63635917074610582
184,-1.36129086758775109,-3.53631027937666431,67.12732365918691357,-1.36101586051773249,-3.54051780138567107,67.08124644675969250,0.00000000000000000,0.01934999873002457,0.17909181228874699,0.00000000000000000,-0.00282384264244929,-1.16482274718456091
185,-1.36150705488157553,-2.95460884100725929,72.43064738411443670,-1.35896896249138721,-2.94062645222641184,72.49370967742480332,0.00000000000000000,0.02369738226639027,0.11492216213766694,0.00000000000000000,0.59706750651681384,4.24764048348069068
186,-1.36036547530698493,-3.43616479662375918,67.78551346668237443,-1.36089723093784198,-3.43695791712223064,67.77644749112972988,0.00000000000000000,0.03551287024016066,0.18166390798915208,0.00000000000000000,0.10073604162099395,-0.46962170281445936
187,-1.36018711709794515,-2.38533816387562903,61.99257636646798630,-1.36266916793655679,-2.42001285255527288,61.85300748086685019,0.00000000000000000,0.04567708783428384,0.18397638918159781,0.00000000000000000,1.11768110618794991,-6.39306171307727578
188,-1.36150488894304322,-3.40209304174438643,73.08640773573817739,-1.36129619143943015,-3.40822159961773119,73.04917947677735413,0.00000000000000000,0.03411560886916209,0.26444920391607685,0.00000000000000000,0.12947235912548932,4.80311028283311092
189,-1.36144056892412513,-4.26254782381031561,66.09601347668547078,-1.36108232208941793,-4.25622863328253587,66.14588404467014016,0.00000000000000000,0.06697842819821059,0.39474703459176447,0.00000000000000000,-0.71853467453931319,-2.10018514927404887
190,-1.36134004155228205,-2.68362447952622940,70.50037540916413548,-1.35754531317930205,-2.67655659574924476,70.52894016311279302,0.00000000000000000,0.02418239420549631,0.10600048983602134,0.00000000000000000,0.86113736299397714,2.28287096916865062
191,-1.36116814558749688,-3.70919131788744805,67.96141583650495477,-1.36036368761187698,-3.70745870436644687,67.97271490207333500,0.00000000000000000,0.02604125234324502,0.19903142639780946,0.00000000000000000,-0.16976474562322455,-0.27335429187085114
192,-1.36125791506106264,-3.18756856076467221,57.22983546079161243,-1.36077156293142743,-3.20090224404215062,57.16479140565894568,0.00000000000000000,0.03582214052946762,0.20360559133955874,0.00000000000000000,0.33679171470106989,-11.08127778828521848
193,-1.36132163281299312,-4.19809084911760166,81.94259358272971383,-1.35720997288824807,-4.19203257232489879,81.93492097068879332,0.00000000000000000,0.06106564861026885,0.38165138230970402,0.00000000000000000,-0.65433861358167245,13.68885177674479969
194,-1.36131377648216789,-3.26552871753561780,65.87648464403963544,-1.36111467021827659,-3.27019120034699995,65.85779196064822827,0.00000000000000000,0.02634022791032024,0.17133920876480094,0.00000000000000000,0.26750275839622190,-2.38827723329595809
195,-1.36082461183327852,-3.54320943072182226,64.37109153790567007,-1.36061443015931616,-3.54239894675530875,64.36099360010446446,0.00000000000000000,0.02343028797365232,0.23026262678587181,0.00000000000000000,-0.00470498801208645,-3.88507559383977696
196,-1.36080158810311524,-3.26710559322875094,63.28359317503001336,-1.35911655728490777,-3.28580931761168848,63.09222078645213827,0.00000000000000000,0.03357886979046925,0.33006338377151428,0.00000000000000000,0.25188464113153208,-5.15384840749196727
197,-1.36084961092800305,-3.12755221598992916,70.36378814274371507,-1.36108939596648582,-3.13012291023091516,70.37013313082799471,0.00000000000000000,0.04827129492096987,0.09937737186973090,0.00000000000000000,0.40757104851230658,2.12406393688378259
198,-1.36082718472745134,-2.27444527832634025,72.03546898608892946,-1.36403613301533100,-2.28546805685036825,71.99599916083563755,0.00000000000000000,0.06271743466237398,0.26808295629294210,0.00000000000000000,1.25222590189285121,3.74992996689140234
199,-1.36010328532550773,-3.24767312033452882,62.96085556075001222,-1.35989087941935094,-3.24465134904097852,62.98334030734528000,0.00000000000000000,0.01690993946205432,0.14139719601647235,0.00000000000000000,0.29304260970223783,-5.26272888659890281
200,-1.36108959378448602,-3.97727011729289703,62.52708718022606149,-1.36080706732818313,-3.98131634334496054,62.46883060662950982,0.00000000000000000,0.02203390745304209,0.29136172874314986,0.00000000000000000,-0.44362238460173742,-5.77723858731473783
201,-1.36137162604371698,-4.15032821150578535,76.01400501381304764,-1.36192072891197546,-4.14991191205810761,76.06066688466064818,0.00000000000000000,0.03729183269816934,0.30998116366003103,0.00000000000000000,-0.61221795331489270,7.81459769071641475
202,-1.36229271598750001,-4.51129888283646618,64.75585090903861385,-1.36526794823390363,-4.50899749572460262,64.81647462386972336,0.00000000000000000,0.03389633745609448,0.42427866024917849,0.00000000000000000,-0.97130353698138339,-3.42959457007439150
203,-1.36164961884349633,-3.99441040770790279,61.47822071456581483,-1.35762647972997219,-3.98816430722218218,61.55941235991494409,0.00000000000000000,0.02353574554289433,0.24794340495667985,0.00000000000000000,-0.45047034847896167,-6.68665683402922628
204,-1.36125995270898659,-3.91094660677620354,61.39234807169913211,-1.36093500904860454,-3.92070666614078256,61.31525111872289813,0.00000000000000000,0.02958229188166404,0.27495824970755356,0.00000000000000000,-0.38301270739756221,-6.93081807522129445
205,-1.36136178961808452,-2.55315955602544875,69.40798643277744873,-1.35878958110867631,-2.54595952274141180,69.42244073533873916,0.00000000000000000,0.03560202054790274,0.10447686431840160,0.00000000000000000,0.99173443600181266,1.17637154139448485
206,-1.36142625924261962,-3.19303891434896148,76.53022049807809424,-1.35824111126322089,-3.19950713934308872,76.48087432308837208,0.00000000000000000,0.04079494903139385,0.27248103690292391,0.00000000000000000,0.33818681940013695,8.23480512914422924
207,-1.36085259989137741,-3.81055705411717049,72.21717414115109079,-1.36110962240261335,-3.82186747305016361,72.13647542479931474,0.00000000000000000,0.03983805431967503,0.26055731459185932,0.00000000000000000,-0.28417351430693649,3.89040623085511550
208,-1.36134378073325424,-3.24287873047149633,77.31093879143843139,-1.36043674205081055,-3.33616123056418035,77.87128170557757301,0.00000000000000000,0.17125444727917036,1.10828886317149800,0.00000000000000000,0.20153272817904228,9.62521251163341596
209,-1.36138048378871268,-3.21957752880259118,73.56537547505745067,-1.36130867927219357,-3.21636017395556850,73.60515275307524519,0.00000000000000000,0.03465849527738764,0.34678187295538110,0.00000000000000000,0.32133378478765118,5.35908355913104195
210,-1.36077615238616967,-4.26376235001151915,59.81962493405836057,-1.36109604710142240,-4.25510977657839895,59.95161673658282808,0.00000000000000000,0.03343260760410832,0.44933764762811340,0.00000000000000000,-0.71741581783517783,-8.29445245736135739
211,-1.36092869022241603,-4.11507939221285923,66.38382546174318577,-1.36092317656337713,-4.11050998771278664,66.43579024801286437,0.00000000000000000,0.03128907953598420,0.47693032432205273,0.00000000000000000,-0.57281602896956330,-1.81027894593122651
212,-1.36066367589472370,-3.09754661960992728,61.48523525255124866,-1.36650499909490786,-3.11605118894280020,61.36469566222269378,0.00000000000000000,0.04509390617528027,0.30062263871408890,0.00000000000000000,0.42164276980042148,-6.88137353172149613
213,-1.36008896885221775,-3.64135117871846248,75.12620069871276485,-1.36127529879941811,-3.64096849237246456,75.13150892713390760,0.00000000000000000,0.02744751404002147,0.24794604231451625,0.00000000000000000,-0.10327453362924167,6.88543973318974434
214,-1.36047003541992884,-2.95108336055631604,77.16211019984493191,-1.35636888608642714,-2.95174543827694524,77.17424544554768318,0.00000000000000000,0.03430105113827230,0.18629153503786935,0.00000000000000000,0.58594852046627721,8.92817625160359718
215,-1.36089391504694213,-2.82850480471270771,61.39254944217833554,-1.35723453308448239,-2.83360715766642945,61.38342412512940882,0.00000000000000000,0.02954725090568053,0.11718917051497722,0.00000000000000000,0.70408680107679189,-6.86264506881475977
216,-1.36128090224049902,-3.26642783794059977,70.57806736751994947,-1.36165213183465328,-3.26251857781226695,70.58250294775577061,0.00000000000000000,0.05948565437976228,0.14514376209573368,0.00000000000000000,0.27517538093095684,2.33643375381171658
217,-1.36078366044326282,-2.85820949561613569,66.12055754028989440,-1.36109721293790664,-2.87436483938099130,65.97667094389649378,0.00000000000000000,0.09302972468863771,0.84161177417543542,0.00000000000000000,0.66332911936222783,-2.26939825004768680
218,-1.36084776555770759,-3.49746549338856516,69.51023145988351359,-1.36035196221093657,-3.49095987626735393,69.54422868975670724,0.00000000000000000,0.02127275933060245,0.18244930183826250,0.00000000000000000,0.04673408247587019,1.29815949581252488
219,-1.36174091723961421,-3.89669324695574026,74.58745174862239935,-1.36108838951704048,-3.91951892889815490,74.73306514288687197,0.00000000000000000,0.14788013450352000,0.82425216357004760,0.00000000000000000,-0.38182497015493233,6.48699594894265186
220,-1.36097507678905605,-3.25098149970521488,72.12942913782495680,-1.35914486356276965,-3.25141769612681042,72.13527002831412460,0.00000000000000000,0.03058823745075124,0.17816910942075156,0.00000000000000000,0.28627626261641254,3.88920083436996133
221,-1.36072231713147573,-4.13237498189922814,64.51078395578858249,-1.36102558701369136,-4.12944233449561260,64.53060486436946519,0.00000000000000000,0.03509757355827374,0.46145182967911186,0.00000000000000000,-0.59174837575239170,-3.71546432957477846
222,-1.36105466004567854,-2.98925792674301194,77.81534908408332285,-1.36115068972658659,-2.98579399145720048,77.82322686081671748,0.00000000000000000,0.16563590579889875,0.57025239863127719,0.00000000000000000,0.55189996728602231,9.57715766687245740
223,-1.36004963949312430,-4.21090647442214205,65.83310373124501780,-1.36107739470055433,-4.21659115051427325,65.79481958910290018,0.00000000000000000,0.02234044738038451,0.30467937522307970,0.00000000000000000,-0.67889719177105090,-2.45124960484120180
224,-1.36104518800959640,-4.61689013390475544,74.40039204467355205,-1.36103362194430333,-4.65674238334773616,75.10395815920483642,0.00000000000000000,0.10845156560511261,1.59404923112344421,0.00000000000000000,-1.11904842460451359,6.85788896526059766
225,-1.36118809982157729,-4.74577677333499626,64.89145897943501495,-1.36073990464664085,-4.75306371243967885,64.76951156892219785,0.00000000000000000,0.04364520225360702,0.53717146271628891,0.00000000000000000,-1.21536975369646472,-3.47655762502200538
226,-1.36128968463274158,-3.18044757551498192,63.08417146247710150,-1.35934239859918371,-3.18491266528514627,63.04396113759570852,0.00000000000000000,0.02566116358596337,0.17722706478336706,0.00000000000000000,0.35278129345807741,-5.20210805634843787
227,-1.36154548736088055,-4.23630541271552996,66.62284495602426659,-1.36064833000665342,-4.23517142840161043,66.65956641625669477,0.00000000000000000,0.04067363161912364,0.26802238789678712,0.00000000000000000,-0.69747746965838586,-1.58650277768748560
228,-1.36173812035584851,-4.17628119274600262,66.82931536860031940,-1.35998091899467766,-4.17470517465026880,66.82881550981522878,0.00000000000000000,0.03819281907265374,0.29229429144315788,0.00000000000000000,-0.63701121590704779,-1.41725368412901687
229,-1.35993786684301798,-4.06649960104246322,61.64393645784451081,-1.36144228202994721,-4.07127525688073000,61.55558006571620666,0.00000000000000000,0.01858130599483133,0.30911475882396089,0.00000000000000000,-0.53358129813750776,-6.69048912822795749
230,-1.36154392308405114,-3.30846006170832663,80.57726453651611109,-1.36090522924982116,-3.32698091854367828,80.56799856019448214,0.00000000000000000,0.10406268813276377,0.20276334119727638,0.00000000000000000,0.21071304019954745,12.32192936625029489
231,-1.36114390233923332,-3.50188376959040104,67.72081932633489032,-1.36039081527382466,-3.49834220331249890,67.73694455545991389,0.00000000000000000,0.03982370544026763,0.19768486061190488,0.00000000000000000,0.03935175543072009,-0.50912463848436995
232,-1.36082126798678149,-3.05721280261194384,69.62456596326043723,-1.35761589537802818,-3.04854699312705657,69.69360967860929179,0.00000000000000000,0.02654790219790954,0.15955582664004589,0.00000000000000000,0.48914696561616233,1.44754048466509877
233,-1.36175579664647017,-3.23125503493443667,62.91175900101399066,-1.36107962037476837,-3.22702427425371585,62.93628673506075444,0.00000000000000000,0.02289982411557564,0.14016669467165341,0.00000000000000000,0.31066968448950649,-5.30978245888341416
234,-1.36116236884951314,-3.61950016330026791,60.89489899244266269,-1.36453180174748900,-3.61353313710333923,60.93007176468407948,0.00000000000000000,0.02664421669882365,0.23098542269983194,0.00000000000000000,-0.07583917836011679,-7.31599742926006424
235,-1.36117477263353748,-4.04011957100721553,59.33962581752491161,-1.35952866051915588,-4.03867646612645981,59.38957935147890765,0.00000000000000000,0.02026901959175790,0.39620301911363293,0.00000000000000000,-0.50098250738323236,-8.85648984246530624
236,-1.36116531851944567,-3.52112045590468670,70.16775722900321455,-1.37192184509383219,-3.52645519210684721,70.11122942216439924,0.00000000000000000,0.02512786541274726,0.26901507753646953,0.00000000000000000,0.01123876663637225,1.86516022822022220
237,-1.36039875008746103,-3.18867944233406231,59.22366536189149855,-1.36139500872317964,-3.19381282497037366,59.19856772786011589,0.00000000000000000,0.01991686046018432,0.17460756096135152,0.00000000000000000,0.34388113377284918,-9.04750146608408912
238,-1.36108375461084341,-3.45177198308401723,74.07067454399603434,-1.36218981936351846,-3.44453584249517419,74.02688646769244940,0.00000000000000000,0.06279518996019137,0.17939357007781243,0.00000000000000000,0.09315811624804630,5.78081727374832610
239,-1.36088066264298013,-3.69023223560759162,71.19758468957616060,-1.36454664810136794,-3.68626548789768060,71.26927661228521060,0.00000000000000000,0.02445610683668170,0.27086079454985684,0.00000000000000000,-0.14857152915445812,3.02320741834105977
240,-1.36098367379310314,-4.23293262043817098,64.49413404209812484,-1.35917023338181253,-4.23098849771544128,64.52556138807550212,0.00000000000000000,0.06024857125793514,0.48100593270524078,0.00000000000000000,-0.69329453897221338,-3.72050780586879393
241,-1.36051008727768585,-3.81981067940381758,57.05390932869274678,-1.35885441806907847,-3.82295262448026163,57.02912162331170265,0.00000000000000000,0.02685522626276819,0.38530388855806880,0.00000000000000000,-0.28525866573704034,-11.21694757063248638
242,-1.36065448546443268,-3.74010787724840688,68.93845799883251857,-1.35594180349386328,-3.73209886497766341,69.02603607622059201,0.00000000000000000,0.02316782740693030,0.25304645481607868,0.00000000000000000,-0.19440490623444051,0.77996688227644639
243,-1.36129564270462367,-4.01499501893940902,75.90188006207779381,-1.36109993594131895,-4.00465897332948995,75.90706977475011286,0.00000000000000000,0.06661662235682361,0.21570151646091254,0.00000000000000000,-0.46696501458626838,7.66100058080587321
244,-1.36024246467641463,-4.11021003087849479,67.49596347753735870,-1.36145575356870774,-4.11841446845391701,67.39364672266519563,0.00000000000000000,0.03000155210696599,0.32037591837080426,0.00000000000000000,-0.58072050971068800,-0.85242247127903203
245,-1.36098591961363558,-4.19674994935185985,57.43932037564399451,-1.35543648308193165,-4.19311508475444938,57.48279000984872766,0.00000000000000000,0.01999277176238235,0.33009787118267314,0.00000000000000000,-0.65542112601122293,-10.76327918409547735
246,-1.36124624521889293,-3.16228291907506254,67.75761102396887736,-1.35863976942762310,-3.16006567994245424,67.78238367333231906,0.00000000000000000,0.02320955072126038,0.12401226114385978,0.00000000000000000,0.37762827880076688,-0.46368552061179219
247,-1.36141900580400788,-4.40705631629316485,65.84830355316628925,-1.36343371791450840,-4.41073674505244195,65.80821935322774152,0.00000000000000000,0.02709299900241412,0.37122294499106423,0.00000000000000000,-0.87304278630922405,-2.43784984071646615
248,-1.36211728241597774,-3.68071090131784251,67.14510876477055490,-1.36227818721079941,-3.67744032143996025,67.18030771109538080,0.00000000000000000,0.02616721495993077,0.18085779785205022,0.00000000000000000,-0.13974636269673393,-1.06576148284889904
249,-1.36088526112769159,-3.32171881276950520,59.34716081834576329,-1.36181153103053454,-3.32334794638585196,59.33324201255425834,0.00000000000000000,0.02350150644197032,0.25881431773340435,0.00000000000000000,0.21434601235736794,-8.91282718138993424
250,-1.36080511425948902,-3.29095380593354525,60.12526293030836655,-1.36195239937667312,-3.28552108573983093,60.17507470127801383,0.00000000000000000,0.02162544835645724,0.15994458345139759,0.00000000000000000,0.25217287300339275,-8.07099449266617341