rep,id,eta_p0,eta_alpha,eta_tau
1,1,0.000000,-0.239131,-0.112827
2,1,0.000000,-0.190951,0.037101
3,1,0.000000,-0.190966,0.346998
4,1,0.000000,-0.261535,-0.234537
5,1,0.000000,-0.217309,-0.080217
6,1,0.000000,-0.247978,-0.080217
7,1,0.000000,-0.205917,0.058630
8,1,0.000000,-0.244953,-0.055630
9,1,0.000000,-0.207193,-0.190675
10,1,0.000000,-0.209302,0.126443
1,2,0.000000,0.185628,2.681915
2,2,0.000000,0.182161,2.764029
3,2,0.000000,0.182161,2.764029
4,2,0.000000,0.182161,2.764029
5,2,0.000000,0.182161,2.764029
6,2,0.000000,0.184546,2.764029
7,2,0.000000,0.208879,3.003966
8,2,0.000000,0.208879,3.003966
9,2,0.000000,0.197982,2.694710
10,2,0.000000,0.197982,2.817762
1,3,0.000000,-0.575375,1.508750
2,3,0.000000,-0.575375,1.459450
3,3,0.000000,-0.530097,1.459450
4,3,0.000000,-0.509755,1.459450
5,3,0.000000,-0.619565,1.459450
6,3,0.000000,-0.597377,1.421276
7,3,0.000000,-0.508240,1.570265
8,3,0.000000,-0.531270,1.570265
9,3,0.000000,-0.556567,1.363154
10,3,0.000000,-0.529802,1.414484
1,4,0.000000,0.221056,-8.218678
2,4,0.000000,0.221056,-8.218678
3,4,0.000000,0.218308,-8.209763
4,4,0.000000,0.245571,-8.139640
5,4,0.000000,0.261944,-7.796333
6,4,0.000000,0.261944,-7.796333
7,4,0.000000,0.305077,-7.796333
8,4,0.000000,0.280495,-7.947133
9,4,0.000000,0.268562,-7.908438
10,4,0.000000,0.268562,-7.908438
1,5,0.000000,-0.158817,5.117063
2,5,0.000000,-0.201332,5.058381
3,5,0.000000,-0.214458,4.954188
4,5,0.000000,-0.156669,4.954188
5,5,0.000000,-0.164042,5.146827
6,5,0.000000,-0.152225,5.019961
7,5,0.000000,-0.154815,5.019961
8,5,0.000000,-0.172273,5.130090
9,5,0.000000,-0.162517,4.843835
10,5,0.000000,-0.176674,4.972899
1,6,0.000000,0.647080,-10.361034
2,6,0.000000,0.673224,-10.404372
3,6,0.000000,0.673224,-10.404372
4,6,0.000000,0.627444,-10.683301
5,6,0.000000,0.610973,-10.646428
6,6,0.000000,0.610973,-10.612323
7,6,0.000000,0.627544,-10.749860
8,6,0.000000,0.627544,-10.749860
9,6,0.000000,0.627544,-10.749860
10,6,0.000000,0.644752,-10.720765
1,7,0.000000,0.047748,-8.231161
2,7,0.000000,0.047748,-8.231161
3,7,0.000000,0.047748,-8.284776
4,7,0.000000,0.047748,-8.284776
5,7,0.000000,0.087977,-8.284776
6,7,0.000000,0.079243,-8.124305
7,7,0.000000,0.086115,-8.132535
8,7,0.000000,0.073994,-8.252516
9,7,0.000000,0.085695,-8.081555
10,7,0.000000,0.085695,-8.081555
1,8,0.000000,0.080423,-12.705023
2,8,0.000000,0.109149,-12.638397
3,8,0.000000,0.126011,-12.672379
4,8,0.000000,0.068465,-12.419331
5,8,0.000000,0.100899,-12.346072
6,8,0.000000,0.100899,-12.346072
7,8,0.000000,0.102828,-12.404234
8,8,0.000000,0.062169,-12.553783
9,8,0.000000,0.062169,-12.553783
10,8,0.000000,0.108962,-12.521744
1,9,0.000000,0.167160,-7.351965
2,9,0.000000,0.167160,-7.351965
3,9,0.000000,0.188089,-7.077927
4,9,0.000000,0.193952,-7.069456
5,9,0.000000,0.195390,-7.184209
6,9,0.000000,0.184273,-7.087382
7,9,0.000000,0.184273,-7.316046
8,9,0.000000,0.173406,-7.148517
9,9,0.000000,0.173406,-7.148517
10,9,0.000000,0.187950,-7.103918
1,10,0.000000,-0.627144,4.528211
2,10,0.000000,-0.658053,4.665836
3,10,0.000000,-0.642344,4.588501
4,10,0.000000,-0.625727,4.367477
5,10,0.000000,-0.625727,4.936521
6,10,0.000000,-0.649793,4.416428
7,10,0.000000,-0.614221,4.669542
8,10,0.000000,-0.643989,4.809473
9,10,0.000000,-0.633918,4.511340
10,10,0.000000,-0.626494,4.524811
1,11,0.000000,0.890281,-5.288395
2,11,0.000000,0.773468,-5.281884
3,11,0.000000,0.773468,-5.126210
4,11,0.000000,0.784009,-5.249581
5,11,0.000000,0.784009,-5.249581
6,11,0.000000,0.764379,-5.249581
7,11,0.000000,0.800550,-5.259572
8,11,0.000000,0.746164,-5.139516
9,11,0.000000,0.743842,-5.320688
10,11,0.000000,0.743842,-5.083691
1,12,0.000000,0.057649,4.515685
2,12,0.000000,0.040880,4.515685
3,12,0.000000,0.063584,4.517426
4,12,0.000000,0.069293,4.616587
5,12,0.000000,0.044584,4.349374
6,12,0.000000,-0.025657,4.206280
7,12,0.000000,-0.012383,4.206280
8,12,0.000000,0.030824,4.206280
9,12,0.000000,0.014695,4.485184
10,12,0.000000,0.044088,4.485184
1,13,0.000000,0.425918,-0.154960
2,13,0.000000,0.424322,-0.246519
3,13,0.000000,0.437324,-0.261388
4,13,0.000000,0.437324,-0.217635
5,13,0.000000,0.444625,-0.217635
6,13,0.000000,0.444625,-0.217635
7,13,0.000000,0.444625,-0.217635
8,13,0.000000,0.454951,-0.120735
9,13,0.000000,0.454951,-0.120735
10,13,0.000000,0.459189,-0.120735
1,14,0.000000,0.827046,-2.146642
2,14,0.000000,0.786751,-2.234151
3,14,0.000000,0.771466,-2.428212
4,14,0.000000,0.771466,-2.428212
5,14,0.000000,0.758541,-2.428212
6,14,0.000000,0.778927,-2.138753
7,14,0.000000,0.791127,-2.145116
8,14,0.000000,0.791127,-2.145116
9,14,0.000000,0.802428,-2.301648
10,14,0.000000,0.797321,-2.501480
1,15,0.000000,0.319329,10.826258
2,15,0.000000,0.289535,10.579532
3,15,0.000000,0.332802,10.607778
4,15,0.000000,0.377967,10.660832
5,15,0.000000,0.308408,10.542203
6,15,0.000000,0.308408,10.643397
7,15,0.000000,0.305256,10.643397
8,15,0.000000,0.305256,10.643397
9,15,0.000000,0.307122,10.423974
10,15,0.000000,0.303888,10.423974
1,16,0.000000,-0.061307,-12.445540
2,16,0.000000,-0.046529,-12.445540
3,16,0.000000,-0.046529,-12.445540
4,16,0.000000,-0.046529,-12.349381
5,16,0.000000,-0.040978,-12.196300
6,16,0.000000,-0.040978,-12.352765
7,16,0.000000,-0.040978,-12.451075
8,16,0.000000,-0.052536,-12.604182
9,16,0.000000,-0.052274,-12.535241
10,16,0.000000,-0.052274,-12.535241
1,17,0.000000,0.295953,0.906814
2,17,0.000000,0.295953,0.906814
3,17,0.000000,0.298265,0.782154
4,17,0.000000,0.298265,0.782154
5,17,0.000000,0.319108,0.984383
6,17,0.000000,0.319108,0.984383
7,17,0.000000,0.319377,0.984383
8,17,0.000000,0.319377,0.984383
9,17,0.000000,0.275748,0.601505
10,17,0.000000,0.271334,0.900911
1,18,0.000000,0.043921,-13.268559
2,18,0.000000,-0.007560,-13.334644
3,18,0.000000,0.014021,-13.334644
4,18,0.000000,-0.000243,-13.361610
5,18,0.000000,-0.000243,-13.361610
6,18,0.000000,-0.008462,-13.461820
7,18,0.000000,0.019782,-13.376615
8,18,0.000000,0.019782,-13.270723
9,18,0.000000,0.019782,-13.221795
10,18,0.000000,0.019782,-13.221795
1,19,0.000000,0.076168,5.121871
2,19,0.000000,0.076168,5.121871
3,19,0.000000,0.069682,5.121871
4,19,0.000000,0.055756,5.121871
5,19,0.000000,0.047032,5.121871
6,19,0.000000,0.045430,4.935796
7,19,0.000000,0.045430,4.935796
8,19,0.000000,0.045430,4.935796
9,19,0.000000,0.045430,4.935796
10,19,0.000000,0.045430,4.935796
1,20,0.000000,0.018784,-6.603852
2,20,0.000000,-0.005428,-6.699621
3,20,0.000000,-0.005428,-6.699621
4,20,0.000000,-0.005428,-6.699621
5,20,0.000000,0.024701,-6.470617
6,20,0.000000,0.024701,-6.470617
7,20,0.000000,0.024701,-6.470617
8,20,0.000000,0.031696,-6.576985
9,20,0.000000,0.026742,-6.555096
10,20,0.000000,0.010992,-6.326393
1,21,0.000000,0.121679,-4.960931
2,21,0.000000,0.107383,-4.811168
3,21,0.000000,0.036459,-4.811168
4,21,0.000000,0.036459,-4.811168
5,21,0.000000,0.068879,-4.662172
6,21,0.000000,0.033094,-4.598280
7,21,0.000000,0.033885,-4.598280
8,21,0.000000,0.054571,-4.598280
9,21,0.000000,0.088307,-4.515995
10,21,0.000000,0.111808,-4.515828
1,22,0.000000,-0.944128,5.930504
2,22,0.000000,-0.944128,5.923183
3,22,0.000000,-1.006796,6.155012
4,22,0.000000,-0.992254,6.281281
5,22,0.000000,-0.992254,5.777872
6,22,0.000000,-0.992254,5.778053
7,22,0.000000,-0.914173,5.362716
8,22,0.000000,-1.023829,5.213759
9,22,0.000000,-0.919941,5.318463
10,22,0.000000,-0.913976,4.918935
1,23,0.000000,-0.228059,-2.134339
2,23,0.000000,-0.228059,-2.134339
3,23,0.000000,-0.228059,-2.134339
4,23,0.000000,-0.228059,-2.139524
5,23,0.000000,-0.212072,-2.108581
6,23,0.000000,-0.212072,-2.108581
7,23,0.000000,-0.212072,-2.108581
8,23,0.000000,-0.212072,-2.108581
9,23,0.000000,-0.198861,-2.247371
10,23,0.000000,-0.223878,-2.275572
1,24,0.000000,-1.213144,4.670062
2,24,0.000000,-1.161721,4.692587
3,24,0.000000,-1.208487,4.573383
4,24,0.000000,-1.198193,4.667211
5,24,0.000000,-1.248433,4.355478
6,24,0.000000,-1.149492,4.371653
7,24,0.000000,-1.261464,4.653715
8,24,0.000000,-1.153418,4.297100
9,24,0.000000,-1.153418,4.297100
10,24,0.000000,-1.152861,4.099001
1,25,0.000000,-0.314393,3.001231
2,25,0.000000,-0.307044,3.530773
3,25,0.000000,-0.258916,3.612511
4,25,0.000000,-0.157436,3.228367
5,25,0.000000,-0.185615,3.486506
6,25,0.000000,-0.173043,3.486506
7,25,0.000000,-0.198255,3.181214
8,25,0.000000,-0.259703,3.193757
9,25,0.000000,-0.133014,3.541572
10,25,0.000000,-0.183491,3.189870
1,26,0.000000,0.735025,4.441532
2,26,0.000000,0.673197,4.585278
3,26,0.000000,0.564640,4.867953
4,26,0.000000,0.510131,4.665603
5,26,0.000000,0.556317,4.980226
6,26,0.000000,0.516676,4.970250
7,26,0.000000,0.482201,4.770817
8,26,0.000000,0.564562,4.833695
9,26,0.000000,0.616416,4.409457
10,26,0.000000,0.625826,4.409457
1,27,0.000000,-0.281673,-3.137232
2,27,0.000000,-0.287225,-3.040099
3,27,0.000000,-0.311923,-3.040099
4,27,0.000000,-0.302988,-3.199115
5,27,0.000000,-0.302988,-3.177615
6,27,0.000000,-0.302988,-3.177615
7,27,0.000000,-0.322819,-3.237396
8,27,0.000000,-0.312807,-3.049001
9,27,0.000000,-0.312807,-3.049001
10,27,0.000000,-0.334060,-3.649009
1,28,0.000000,0.273236,1.254461
2,28,0.000000,0.273236,1.254461
3,28,0.000000,0.273236,1.405067
4,28,0.000000,0.297957,1.405067
5,28,0.000000,0.266959,0.971903
6,28,0.000000,0.278365,1.319557
7,28,0.000000,0.321486,1.357648
8,28,0.000000,0.304889,1.695816
9,28,0.000000,0.320326,1.447383
10,28,0.000000,0.320326,1.606118
1,29,0.000000,0.630633,7.900415
2,29,0.000000,0.591283,7.859477
3,29,0.000000,0.565269,7.859477
4,29,0.000000,0.565269,7.859477
5,29,0.000000,0.616797,7.988442
6,29,0.000000,0.613687,7.945413
7,29,0.000000,0.613687,7.986151
8,29,0.000000,0.626052,7.986151
9,29,0.000000,0.596598,7.906614
10,29,0.000000,0.622983,7.906614
1,30,0.000000,-0.461448,-4.698219
2,30,0.000000,-0.401100,-4.041395
3,30,0.000000,-0.393949,-3.760689
4,30,0.000000,-0.404498,-3.788312
5,30,0.000000,-0.404498,-3.788312
6,30,0.000000,-0.404498,-3.788312
7,30,0.000000,-0.404498,-3.788312
8,30,0.000000,-0.396822,-3.788312
9,30,0.000000,-0.372873,-3.788312
10,30,0.000000,-0.372873,-3.453078
1,31,0.000000,0.491822,-6.212575
2,31,0.000000,0.520118,-6.181073
3,31,0.000000,0.463980,-6.181073
4,31,0.000000,0.463980,-6.181073
5,31,0.000000,0.518145,-6.167698
6,31,0.000000,0.506231,-6.196928
7,31,0.000000,0.506231,-6.339945
8,31,0.000000,0.496054,-6.212201
9,31,0.000000,0.507790,-6.212201
10,31,0.000000,0.500806,-6.015709
1,32,0.000000,0.360430,1.848627
2,32,0.000000,0.360430,2.024568
3,32,0.000000,0.364624,1.776371
4,32,0.000000,0.383540,1.933230
5,32,0.000000,0.383540,1.933230
6,32,0.000000,0.391747,1.950056
7,32,0.000000,0.424927,1.860332
8,32,0.000000,0.406497,1.748806
9,32,0.000000,0.384019,1.916130
10,32,0.000000,0.383427,1.916130
1,33,0.000000,-0.219221,1.388498
2,33,0.000000,-0.141709,1.382081
3,33,0.000000,-0.141709,2.018703
4,33,0.000000,-0.116886,1.250218
5,33,0.000000,-0.297134,2.077091
6,33,0.000000,-0.261583,1.865386
7,33,0.000000,-0.253693,1.826369
8,33,0.000000,-0.318327,1.555009
9,33,0.000000,-0.231613,2.207253
10,33,0.000000,-0.179140,2.053749
1,34,0.000000,0.135016,-4.228837
2,34,0.000000,0.135016,-4.228837
3,34,0.000000,0.135016,-4.228837
4,34,0.000000,0.135016,-4.228837
5,34,0.000000,0.126521,-4.164015
6,34,0.000000,0.126521,-4.411385
7,34,0.000000,0.126521,-4.270589
8,34,0.000000,0.136127,-4.270589
9,34,0.000000,0.167157,-4.270589
10,34,0.000000,0.167157,-4.270589
1,35,0.000000,0.117928,2.626788
2,35,0.000000,0.117928,2.626788
3,35,0.000000,0.117928,2.621775
4,35,0.000000,0.119628,2.270427
5,35,0.000000,0.113427,2.590685
6,35,0.000000,0.154020,2.457675
7,35,0.000000,0.139967,2.457675
8,35,0.000000,0.073077,2.457675
9,35,0.000000,0.079613,2.402169
10,35,0.000000,0.077832,2.434271
1,36,0.000000,-0.031130,-2.898917
2,36,0.000000,-0.031130,-2.898917
3,36,0.000000,-0.024876,-2.898917
4,36,0.000000,-0.024876,-2.898917
5,36,0.000000,-0.026772,-2.877395
6,36,0.000000,-0.026772,-2.877395
7,36,0.000000,-0.058374,-2.992591
8,36,0.000000,-0.038404,-2.847256
9,36,0.000000,-0.017545,-3.406320
10,36,0.000000,0.007456,-2.993419
1,37,0.000000,-0.366137,-7.840933
2,37,0.000000,-0.374501,-7.949489
3,37,0.000000,-0.374501,-7.949489
4,37,0.000000,-0.374501,-7.949489
5,37,0.000000,-0.322523,-7.867881
6,37,0.000000,-0.385413,-8.086760
7,37,0.000000,-0.385413,-8.471115
8,37,0.000000,-0.385413,-8.471115
9,37,0.000000,-0.385927,-8.163770
10,37,0.000000,-0.385927,-8.163770
1,38,0.000000,0.572656,-3.583080
2,38,0.000000,0.609191,-3.362125
3,38,0.000000,0.618221,-3.038046
4,38,0.000000,0.614708,-3.404814
5,38,0.000000,0.626744,-3.299279
6,38,0.000000,0.623323,-3.299279
7,38,0.000000,0.572605,-3.652668
8,38,0.000000,0.630694,-3.102142
9,38,0.000000,0.606194,-3.296534
10,38,0.000000,0.606194,-3.105145
1,39,0.000000,-0.066798,1.412260
2,39,0.000000,-0.085695,1.396274
3,39,0.000000,-0.061166,1.393478
4,39,0.000000,-0.061166,1.731184
5,39,0.000000,-0.076694,0.911392
6,39,0.000000,-0.076694,1.626674
7,39,0.000000,-0.056352,1.532694
8,39,0.000000,-0.072617,0.864121
9,39,0.000000,-0.047320,1.250560
10,39,0.000000,-0.042778,1.311903
1,40,0.000000,0.624966,-5.222145
2,40,0.000000,0.624966,-5.222145
3,40,0.000000,0.624966,-5.222145
4,40,0.000000,0.624966,-5.222145
5,40,0.000000,0.624966,-5.222145
6,40,0.000000,0.585975,-5.320043
7,40,0.000000,0.622978,-5.320043
8,40,0.000000,0.622978,-5.320043
9,40,0.000000,0.580366,-5.310667
10,40,0.000000,0.638638,-5.310667
1,41,0.000000,-0.309835,-1.763081
2,41,0.000000,-0.299030,-1.564554
3,41,0.000000,-0.299030,-1.904060
4,41,0.000000,-0.299030,-1.904060
5,41,0.000000,-0.299030,-2.049531
6,41,0.000000,-0.356291,-2.049531
7,41,0.000000,-0.325946,-2.026538
8,41,0.000000,-0.329007,-1.924151
9,41,0.000000,-0.359605,-2.035974
10,41,0.000000,-0.344941,-1.766193
1,42,0.000000,0.916907,-0.560894
2,42,0.000000,0.916907,-0.560894
3,42,0.000000,0.916907,-0.560894
4,42,0.000000,0.916907,-0.560894
5,42,0.000000,0.915253,-0.560894
6,42,0.000000,0.915253,-0.560894
7,42,0.000000,0.915253,-0.560894
8,42,0.000000,0.909847,-0.624692
9,42,0.000000,0.899920,-0.591948
10,42,0.000000,0.899920,-0.591948
1,43,0.000000,0.489958,1.276136
2,43,0.000000,0.496725,1.276136
3,43,0.000000,0.519162,1.377504
4,43,0.000000,0.520285,1.250052
5,43,0.000000,0.466327,1.059419
6,43,0.000000,0.438108,0.967474
7,43,0.000000,0.445466,1.024617
8,43,0.000000,0.403780,1.009986
9,43,0.000000,0.409058,1.009986
10,43,0.000000,0.409058,1.009986
1,44,0.000000,0.112648,-10.759738
2,44,0.000000,0.112648,-10.759738
3,44,0.000000,0.112648,-10.759738
4,44,0.000000,0.112648,-10.664031
5,44,0.000000,0.112648,-10.915963
6,44,0.000000,0.125361,-10.555366
7,44,0.000000,0.125361,-10.609696
8,44,0.000000,0.108063,-10.766528
9,44,0.000000,0.108063,-10.766528
10,44,0.000000,0.108063,-10.766528
1,45,0.000000,0.502313,0.882458
2,45,0.000000,0.502313,0.882458
3,45,0.000000,0.502313,0.882458
4,45,0.000000,0.502313,0.663002
5,45,0.000000,0.452406,0.580707
6,45,0.000000,0.537100,0.767319
7,45,0.000000,0.520299,0.732913
8,45,0.000000,0.469111,0.578252
9,45,0.000000,0.469111,0.561587
10,45,0.000000,0.507488,0.859441
1,46,0.000000,0.157199,-3.184783
2,46,0.000000,0.157199,-3.184783
3,46,0.000000,0.157199,-3.493013
4,46,0.000000,0.174825,-3.200722
5,46,0.000000,0.171957,-3.302780
6,46,0.000000,0.178200,-3.215196
7,46,0.000000,0.178200,-3.350568
8,46,0.000000,0.139868,-3.345379
9,46,0.000000,0.139868,-3.345379
10,46,0.000000,0.139868,-3.345379
1,47,0.000000,0.413057,0.456223
2,47,0.000000,0.413057,0.548169
3,47,0.000000,0.438136,0.722734
4,47,0.000000,0.438136,0.591760
5,47,0.000000,0.435363,0.564730
6,47,0.000000,0.435363,0.564730
7,47,0.000000,0.435363,0.529053
8,47,0.000000,0.414788,0.646876
9,47,0.000000,0.414788,0.548577
10,47,0.000000,0.414788,0.548577
1,48,0.000000,-0.319722,3.693711
2,48,0.000000,-0.319722,3.523098
3,48,0.000000,-0.319722,3.543011
4,48,0.000000,-0.333246,3.564494
5,48,0.000000,-0.336780,3.462116
6,48,0.000000,-0.330914,3.259843
7,48,0.000000,-0.364609,2.939474
8,48,0.000000,-0.364609,3.424314
9,48,0.000000,-0.338813,3.292441
10,48,0.000000,-0.368780,3.292441
1,49,0.000000,0.421130,4.680987
2,49,0.000000,0.510129,4.680987
3,49,0.000000,0.444315,4.680987
4,49,0.000000,0.481524,4.428990
5,49,0.000000,0.303484,4.325273
6,49,0.000000,0.463008,4.540645
7,49,0.000000,0.463008,4.540645
8,49,0.000000,0.497612,4.341914
9,49,0.000000,0.348477,4.341914
10,49,0.000000,0.375027,4.641113
1,50,0.000000,0.583048,1.175628
2,50,0.000000,0.583048,1.288328
3,50,0.000000,0.583048,1.288328
4,50,0.000000,0.578677,1.336713
5,50,0.000000,0.586902,1.135157
6,50,0.000000,0.572167,1.121358
7,50,0.000000,0.556936,0.936387
8,50,0.000000,0.556936,0.939753
9,50,0.000000,0.556936,0.939753
10,50,0.000000,0.556936,1.005866
1,51,0.000000,0.090967,-2.528752
2,51,0.000000,0.090967,-2.528752
3,51,0.000000,0.075463,-2.528752
4,51,0.000000,0.075463,-2.528752
5,51,0.000000,0.075463,-2.528752
6,51,0.000000,0.075463,-2.591907
7,51,0.000000,0.103794,-2.387060
8,51,0.000000,0.103794,-2.265862
9,51,0.000000,0.134960,-2.265862
10,51,0.000000,0.134960,-2.265862
1,52,0.000000,0.426900,-3.966174
2,52,0.000000,0.426900,-3.854044
3,52,0.000000,0.426900,-3.771860
4,52,0.000000,0.426900,-3.771860
5,52,0.000000,0.426900,-3.771860
6,52,0.000000,0.426900,-3.771860
7,52,0.000000,0.426900,-3.771860
8,52,0.000000,0.426900,-3.771860
9,52,0.000000,0.426900,-3.771860
10,52,0.000000,0.426900,-3.690151
1,53,0.000000,0.553624,-2.798284
2,53,0.000000,0.575684,-2.608486
3,53,0.000000,0.575684,-2.644547
4,53,0.000000,0.536023,-2.644547
5,53,0.000000,0.531704,-2.735581
6,53,0.000000,0.531704,-2.735581
7,53,0.000000,0.539246,-2.735581
8,53,0.000000,0.539246,-2.923803
9,53,0.000000,0.518514,-2.923803
10,53,0.000000,0.454185,-3.278427
1,54,0.000000,0.008547,3.045375
2,54,0.000000,0.008547,3.045375
3,54,0.000000,-0.059880,2.893072
4,54,0.000000,-0.059880,2.547544
5,54,0.000000,-0.059880,2.527325
6,54,0.000000,-0.058762,2.851677
7,54,0.000000,-0.050571,2.492540
8,54,0.000000,-0.104563,2.094258
9,54,0.000000,-0.104321,2.103710
10,54,0.000000,-0.075765,2.428612
1,55,0.000000,0.641267,-6.777549
2,55,0.000000,0.641267,-6.464898
3,55,0.000000,0.658389,-6.608817
4,55,0.000000,0.658389,-6.608817
5,55,0.000000,0.658389,-6.608817
6,55,0.000000,0.658389,-6.608817
7,55,0.000000,0.638093,-6.595639
8,55,0.000000,0.608891,-6.752142
9,55,0.000000,0.608891,-6.778181
10,55,0.000000,0.597127,-6.778181
1,56,0.000000,0.502529,1.146157
2,56,0.000000,0.545681,1.078690
3,56,0.000000,0.495204,1.593567
4,56,0.000000,0.466270,0.985314
5,56,0.000000,0.505039,1.701486
6,56,0.000000,0.503861,1.395133
7,56,0.000000,0.489822,1.229055
8,56,0.000000,0.459942,0.861063
9,56,0.000000,0.482499,0.839325
10,56,0.000000,0.499231,1.456321
1,57,0.000000,0.073677,-0.015659
2,57,0.000000,0.073677,-0.015659
3,57,0.000000,0.026881,-0.115167
4,57,0.000000,0.049545,-0.054767
5,57,0.000000,0.071679,-0.054767
6,57,0.000000,0.071679,-0.019669
7,57,0.000000,0.058178,0.029581
8,57,0.000000,0.058178,-0.172175
9,57,0.000000,0.058178,-0.172175
10,57,0.000000,0.058178,-0.172175
1,58,0.000000,-0.527162,-10.107670
2,58,0.000000,-0.538953,-10.555341
3,58,0.000000,-0.534353,-10.545075
4,58,0.000000,-0.465701,-9.830944
5,58,0.000000,-0.510963,-9.933104
6,58,0.000000,-0.510963,-10.660253
7,58,0.000000,-0.504996,-10.328062
8,58,0.000000,-0.547816,-10.464754
9,58,0.000000,-0.525542,-10.454139
10,58,0.000000,-0.523226,-10.278511
1,59,0.000000,0.134516,6.838129
2,59,0.000000,0.134516,6.838129
3,59,0.000000,0.162501,6.838129
4,59,0.000000,0.162501,6.905693
5,59,0.000000,0.162501,6.905693
6,59,0.000000,0.153391,6.632505
7,59,0.000000,0.153391,6.893796
8,59,0.000000,0.153637,7.193913
9,59,0.000000,0.153637,6.754727
10,59,0.000000,0.153637,6.754727
1,60,0.000000,0.657657,1.875025
2,60,0.000000,0.664409,2.171478
3,60,0.000000,0.664409,2.171478
4,60,0.000000,0.696916,2.130631
5,60,0.000000,0.641069,2.077056
6,60,0.000000,0.627417,2.077056
7,60,0.000000,0.659134,2.031366
8,60,0.000000,0.651533,2.031366
9,60,0.000000,0.679172,2.031366
10,60,0.000000,0.667209,1.914527
1,61,0.000000,0.618496,-6.277586
2,61,0.000000,0.599423,-6.348910
3,61,0.000000,0.525702,-6.348910
4,61,0.000000,0.525702,-6.348910
5,61,0.000000,0.611827,-6.336790
6,61,0.000000,0.518924,-6.396021
7,61,0.000000,0.554023,-6.396021
8,61,0.000000,0.554023,-6.350493
9,61,0.000000,0.563358,-6.350493
10,61,0.000000,0.578436,-6.257865
1,62,0.000000,0.870234,11.815251
2,62,0.000000,0.851748,11.815251
3,62,0.000000,0.854332,11.821237
4,62,0.000000,0.854332,11.863073
5,62,0.000000,0.774410,11.607629
6,62,0.000000,0.774410,11.607629
7,62,0.000000,0.757077,11.648707
8,62,0.000000,0.757077,11.648707
9,62,0.000000,0.757077,11.648707
10,62,0.000000,0.771173,11.648707
1,63,0.000000,-0.661770,-7.134638
2,63,0.000000,-0.669491,-7.541546
3,63,0.000000,-0.662762,-7.541546
4,63,0.000000,-0.649582,-7.660910
5,63,0.000000,-0.649582,-7.688024
6,63,0.000000,-0.655865,-7.754865
7,63,0.000000,-0.655865,-7.394815
8,63,0.000000,-0.676643,-7.540980
9,63,0.000000,-0.672740,-7.681670
10,63,0.000000,-0.664421,-7.913830
1,64,0.000000,0.014364,1.522749
2,64,0.000000,0.014364,1.522749
3,64,0.000000,0.024458,1.508391
4,64,0.000000,0.070052,1.508391
5,64,0.000000,-0.000019,1.465432
6,64,0.000000,0.020436,1.679514
7,64,0.000000,0.073818,1.713519
8,64,0.000000,0.059802,1.716039
9,64,0.000000,0.076125,1.438831
10,64,0.000000,0.043754,1.446007
1,65,0.000000,0.048835,8.650518
2,65,0.000000,0.048835,8.650518
3,65,0.000000,0.018669,8.593230
4,65,0.000000,0.019325,8.356838
5,65,0.000000,0.011668,8.356838
6,65,0.000000,0.100441,8.877539
7,65,0.000000,0.099535,8.730707
8,65,0.000000,0.099535,8.730707
9,65,0.000000,0.036621,8.591041
10,65,0.000000,0.036621,8.591041
1,66,0.000000,0.569371,0.999672
2,66,0.000000,0.560194,0.999672
3,66,0.000000,0.605053,1.300229
4,66,0.000000,0.603865,1.352525
5,66,0.000000,0.603865,1.046004
6,66,0.000000,0.603865,1.313077
7,66,0.000000,0.640502,1.430601
8,66,0.000000,0.605420,1.331777
9,66,0.000000,0.629606,1.331777
10,66,0.000000,0.590122,1.247979
1,67,0.000000,0.116316,14.001708
2,67,0.000000,0.155545,14.331713
3,67,0.000000,0.098446,14.600997
4,67,0.000000,0.077461,14.185902
5,67,0.000000,0.020171,14.816571
6,67,0.000000,-0.007025,15.944509
7,67,0.000000,-0.100711,16.870230
8,67,0.000000,-0.165036,16.515924
9,67,0.000000,-0.221770,18.523366
10,67,0.000000,-0.340142,18.060753
1,68,0.000000,-0.399106,4.393691
2,68,0.000000,-0.396876,4.176360
3,68,0.000000,-0.396876,4.176360
4,68,0.000000,-0.489984,3.535668
5,68,0.000000,-0.489984,3.535668
6,68,0.000000,-0.499316,3.453656
7,68,0.000000,-0.471863,3.453656
8,68,0.000000,-0.435218,4.040986
9,68,0.000000,-0.435218,4.040986
10,68,0.000000,-0.436846,3.733157
1,69,0.000000,-0.241640,5.288570
2,69,0.000000,-0.241640,5.224000
3,69,0.000000,-0.216633,5.287953
4,69,0.000000,-0.218091,5.196191
5,69,0.000000,-0.203141,5.196191
6,69,0.000000,-0.227959,5.196191
7,69,0.000000,-0.227959,5.196191
8,69,0.000000,-0.234158,5.241285
9,69,0.000000,-0.234158,4.985033
10,69,0.000000,-0.242718,5.401861
1,70,0.000000,-0.515682,4.058591
2,70,0.000000,-0.551181,3.905522
3,70,0.000000,-0.577927,3.799579
4,70,0.000000,-0.577927,3.799579
5,70,0.000000,-0.587472,3.691681
6,70,0.000000,-0.590112,3.625441
7,70,0.000000,-0.559046,4.151903
8,70,0.000000,-0.588695,4.075228
9,70,0.000000,-0.586294,4.005696
10,70,0.000000,-0.564040,4.167790
1,71,0.000000,-0.904651,4.151221
2,71,0.000000,-0.915045,4.350025
3,71,0.000000,-0.809761,4.600555
4,71,0.000000,-0.910552,4.464634
5,71,0.000000,-0.855491,4.214863
6,71,0.000000,-0.865135,4.353782
7,71,0.000000,-0.865135,4.099722
8,71,0.000000,-0.815731,4.581856
9,71,0.000000,-0.845474,4.551935
10,71,0.000000,-0.826665,4.174807
1,72,0.000000,-0.714805,-3.912469
2,72,0.000000,-0.714805,-3.700168
3,72,0.000000,-0.714805,-3.700168
4,72,0.000000,-0.705893,-4.027218
5,72,0.000000,-0.711259,-4.027218
6,72,0.000000,-0.735062,-4.247917
7,72,0.000000,-0.716010,-3.839300
8,72,0.000000,-0.716010,-3.951963
9,72,0.000000,-0.713529,-3.659203
10,72,0.000000,-0.713529,-3.984929
1,73,0.000000,0.079284,-0.999680
2,73,0.000000,0.079284,-0.999680
3,73,0.000000,0.115220,-0.494341
4,73,0.000000,0.115220,-0.620498
5,73,0.000000,0.087585,-0.960454
6,73,0.000000,0.053227,-1.193197
7,73,0.000000,0.066666,-1.441631
8,73,0.000000,0.104199,-1.180238
9,73,0.000000,0.073266,-0.975696
10,73,0.000000,0.085516,-0.925866
1,74,0.000000,0.253070,5.406013
2,74,0.000000,0.253070,5.406013
3,74,0.000000,0.253070,5.324794
4,74,0.000000,0.253070,5.324794
5,74,0.000000,0.171423,5.122471
6,74,0.000000,0.266685,5.530465
7,74,0.000000,0.256254,5.365766
8,74,0.000000,0.256254,5.365766
9,74,0.000000,0.266549,5.365766
10,74,0.000000,0.215187,5.365766
1,75,0.000000,-0.613923,-0.351363
2,75,0.000000,-0.574148,-0.351363
3,75,0.000000,-0.696222,-0.637920
4,75,0.000000,-0.667095,-0.642518
5,75,0.000000,-0.639370,-0.581832
6,75,0.000000,-0.597528,-0.292116
7,75,0.000000,-0.635574,-0.945321
8,75,0.000000,-0.635574,-0.501069
9,75,0.000000,-0.646285,-0.880730
10,75,0.000000,-0.653168,-0.615938
1,76,0.000000,0.214812,2.999566
2,76,0.000000,0.101602,3.581595
3,76,0.000000,0.070981,2.976102
4,76,0.000000,0.018569,3.497444
5,76,0.000000,-0.056577,3.881659
6,76,0.000000,0.038933,3.336187
7,76,0.000000,0.258930,2.693897
8,76,0.000000,0.157700,3.026933
9,76,0.000000,0.060160,3.106786
10,76,0.000000,0.162755,3.089769
1,77,0.000000,0.257768,-7.605466
2,77,0.000000,0.295286,-7.773676
3,77,0.000000,0.267776,-7.716487
4,77,0.000000,0.273543,-7.676312
5,77,0.000000,0.273633,-7.676312
6,77,0.000000,0.251771,-7.625327
7,77,0.000000,0.251771,-7.597459
8,77,0.000000,0.264143,-7.996720
9,77,0.000000,0.252923,-7.889734
10,77,0.000000,0.260100,-8.164780
1,78,0.000000,0.530675,5.035292
2,78,0.000000,0.546154,5.348335
3,78,0.000000,0.558326,5.435526
4,78,0.000000,0.582351,5.459041
5,78,0.000000,0.582351,5.459041
6,78,0.000000,0.582351,5.459041
7,78,0.000000,0.630614,5.709478
8,78,0.000000,0.630614,5.709478
9,78,0.000000,0.591862,5.569464
10,78,0.000000,0.591862,5.569464
1,79,0.000000,-0.429132,-3.897552
2,79,0.000000,-0.444516,-3.897552
3,79,0.000000,-0.438430,-3.992614
4,79,0.000000,-0.462941,-4.091497
5,79,0.000000,-0.472410,-4.253454
6,79,0.000000,-0.463200,-3.863521
7,79,0.000000,-0.463200,-3.863521
8,79,0.000000,-0.448235,-4.125912
9,79,0.000000,-0.448235,-4.123403
10,79,0.000000,-0.429462,-3.606043
1,80,0.000000,0.484376,12.853073
2,80,0.000000,0.516391,12.941325
3,80,0.000000,0.553054,13.210664
4,80,0.000000,0.572040,12.439738
5,80,0.000000,0.557576,12.654022
6,80,0.000000,0.493395,13.297915
7,80,0.000000,0.402833,14.677552
8,80,0.000000,0.383538,14.457944
9,80,0.000000,0.526870,15.220948
10,80,0.000000,0.414489,14.107984
1,81,0.000000,-0.364633,-7.400069
2,81,0.000000,-0.404121,-7.876215
3,81,0.000000,-0.404121,-7.925352
4,81,0.000000,-0.404121,-7.925352
5,81,0.000000,-0.451278,-8.255847
6,81,0.000000,-0.450391,-8.377217
7,81,0.000000,-0.439594,-8.413309
8,81,0.000000,-0.439594,-8.393506
9,81,0.000000,-0.435711,-8.355277
10,81,0.000000,-0.433401,-8.413843
1,82,0.000000,-0.224034,0.485996
2,82,0.000000,-0.224034,0.357421
3,82,0.000000,-0.272863,0.358007
4,82,0.000000,-0.295764,-0.060164
5,82,0.000000,-0.298264,-0.060164
6,82,0.000000,-0.315609,-0.099376
7,82,0.000000,-0.272290,0.193079
8,82,0.000000,-0.263128,0.066368
9,82,0.000000,-0.283319,0.023901
10,82,0.000000,-0.278866,0.172214
1,83,0.000000,-0.234215,-0.531731
2,83,0.000000,-0.317144,-0.173372
3,83,0.000000,-0.360297,-0.021529
4,83,0.000000,-0.346867,0.034915
5,83,0.000000,-0.331146,-0.090687
6,83,0.000000,-0.225652,-0.697882
7,83,0.000000,-0.210763,-0.543026
8,83,0.000000,-0.143920,-0.788245
9,83,0.000000,-0.117563,-0.755876
10,83,0.000000,-0.064886,-0.979003
1,84,0.000000,-0.310962,-6.259955
2,84,0.000000,-0.310962,-6.259955
3,84,0.000000,-0.310962,-6.431645
4,84,0.000000,-0.325922,-6.315017
5,84,0.000000,-0.325922,-6.315017
6,84,0.000000,-0.325922,-6.315017
7,84,0.000000,-0.307132,-6.343639
8,84,0.000000,-0.307132,-6.250693
9,84,0.000000,-0.300991,-6.250693
10,84,0.000000,-0.300991,-6.250693
1,85,0.000000,-0.831917,-1.024667
2,85,0.000000,-0.759527,-1.468732
3,85,0.000000,-0.910965,-1.324407
4,85,0.000000,-0.854923,-1.277531
5,85,0.000000,-0.905029,-1.672875
6,85,0.000000,-0.905029,-1.672875
7,85,0.000000,-0.893197,-1.302952
8,85,0.000000,-0.960027,-2.048458
9,85,0.000000,-1.104090,-2.661050
10,85,0.000000,-1.093283,-2.117881
1,86,0.000000,0.238357,4.028057
2,86,0.000000,0.230532,3.997290
3,86,0.000000,0.243071,4.024198
4,86,0.000000,0.254173,4.135234
5,86,0.000000,0.298138,4.135234
6,86,0.000000,0.260619,4.135234
7,86,0.000000,0.277360,4.248228
8,86,0.000000,0.277360,4.161153
9,86,0.000000,0.266154,4.161153
10,86,0.000000,0.285085,4.161153
1,87,0.000000,0.580117,-7.090373
2,87,0.000000,0.580117,-6.973549
3,87,0.000000,0.635883,-6.973549
4,87,0.000000,0.626490,-6.973549
5,87,0.000000,0.605779,-6.973549
6,87,0.000000,0.621947,-6.973549
7,87,0.000000,0.621947,-6.973549
8,87,0.000000,0.599397,-6.968799
9,87,0.000000,0.575059,-6.968799
10,87,0.000000,0.625145,-6.951402
1,88,0.000000,0.018738,-0.659537
2,88,0.000000,-0.048351,-0.659537
3,88,0.000000,-0.011511,-0.316946
4,88,0.000000,-0.010698,-0.663997
5,88,0.000000,-0.060076,-1.188985
6,88,0.000000,-0.045884,-0.986527
7,88,0.000000,-0.083051,-1.368525
8,88,0.000000,-0.079423,-1.368525
9,88,0.000000,-0.112609,-1.546305
10,88,0.000000,-0.112609,-1.249555
1,89,0.000000,-0.043430,-12.923521
2,89,0.000000,-0.051059,-12.923521
3,89,0.000000,-0.053498,-12.923521
4,89,0.000000,-0.053498,-12.753491
5,89,0.000000,-0.053498,-12.753491
6,89,0.000000,-0.053498,-12.753491
7,89,0.000000,-0.051292,-12.753491
8,89,0.000000,-0.051292,-12.753491
9,89,0.000000,-0.051292,-12.879804
10,89,0.000000,-0.066404,-13.076489
1,90,0.000000,0.332578,7.969192
2,90,0.000000,0.380157,7.974128
3,90,0.000000,0.371573,7.974128
4,90,0.000000,0.362062,7.916633
5,90,0.000000,0.372274,7.894936
6,90,0.000000,0.438479,7.894936
7,90,0.000000,0.438479,7.894936
8,90,0.000000,0.408335,7.894936
9,90,0.000000,0.413020,7.989696
10,90,0.000000,0.305006,7.989696
1,91,0.000000,-0.127658,8.602648
2,91,0.000000,-0.147483,8.366392
3,91,0.000000,0.094129,7.076206
4,91,0.000000,0.096966,6.515991
5,91,0.000000,0.044342,6.515991
6,91,0.000000,0.101450,6.700574
7,91,0.000000,0.125977,6.523569
8,91,0.000000,0.117932,7.072493
9,91,0.000000,0.096276,6.795365
10,91,0.000000,0.071121,7.135235
1,92,0.000000,-0.451416,-8.812870
2,92,0.000000,-0.463034,-8.812870
3,92,0.000000,-0.473743,-9.200339
4,92,0.000000,-0.511777,-9.461868
5,92,0.000000,-0.531411,-9.377784
6,92,0.000000,-0.531411,-9.377784
7,92,0.000000,-0.513665,-9.191555
8,92,0.000000,-0.497955,-9.105249
9,92,0.000000,-0.442566,-9.039053
10,92,0.000000,-0.428821,-8.613808
1,93,0.000000,-0.096709,-9.530153
2,93,0.000000,-0.085358,-9.189880
3,93,0.000000,-0.085358,-9.222300
4,93,0.000000,-0.085358,-9.222300
5,93,0.000000,-0.085358,-9.222300
6,93,0.000000,-0.085358,-9.222300
7,93,0.000000,-0.085358,-9.222300
8,93,0.000000,-0.083827,-9.222300
9,93,0.000000,-0.101432,-9.290800
10,93,0.000000,-0.091189,-9.290800
1,94,0.000000,-0.029713,8.105027
2,94,0.000000,-0.057989,7.995730
3,94,0.000000,-0.057989,7.884474
4,94,0.000000,-0.085788,7.884474
5,94,0.000000,-0.084345,8.117542
6,94,0.000000,-0.047692,8.117542
7,94,0.000000,-0.046132,8.283774
8,94,0.000000,-0.002856,8.283774
9,94,0.000000,-0.002856,8.283774
10,94,0.000000,0.010675,8.373442
1,95,0.000000,-0.112591,-6.606917
2,95,0.000000,-0.081694,-6.314105
3,95,0.000000,-0.081694,-6.314105
4,95,0.000000,-0.063112,-6.314105
5,95,0.000000,-0.083256,-6.219577
6,95,0.000000,-0.084849,-6.583074
7,95,0.000000,-0.117361,-6.583074
8,95,0.000000,-0.111017,-6.583074
9,95,0.000000,-0.111017,-6.583074
10,95,0.000000,-0.111017,-6.583074
1,96,0.000000,0.214933,-3.552552
2,96,0.000000,0.238053,-3.807333
3,96,0.000000,0.219487,-3.863469
4,96,0.000000,0.178788,-3.863469
5,96,0.000000,0.183099,-4.024486
6,96,0.000000,0.203534,-4.024486
7,96,0.000000,0.159781,-4.024486
8,96,0.000000,0.168914,-4.065347
9,96,0.000000,0.168914,-4.065347
10,96,0.000000,0.168914,-4.062790
1,97,0.000000,0.016552,1.091850
2,97,0.000000,0.016552,1.091850
3,97,0.000000,0.024038,1.288925
4,97,0.000000,0.046753,1.067396
5,97,0.000000,0.033510,1.174286
6,97,0.000000,0.022358,1.128560
7,97,0.000000,-0.028029,1.026582
8,97,0.000000,0.097312,1.333948
9,97,0.000000,0.034510,1.096146
10,97,0.000000,0.049722,1.015269
1,98,0.000000,0.448780,-7.309056
2,98,0.000000,0.448780,-7.309056
3,98,0.000000,0.448780,-7.370148
4,98,0.000000,0.413366,-7.407753
5,98,0.000000,0.413366,-7.440405
6,98,0.000000,0.426238,-7.448296
7,98,0.000000,0.426238,-7.448296
8,98,0.000000,0.426238,-7.432677
9,98,0.000000,0.426238,-7.432677
10,98,0.000000,0.426238,-7.432677
1,99,0.000000,-0.071464,5.790376
2,99,0.000000,-0.174572,6.466130
3,99,0.000000,-0.103787,6.282978
4,99,0.000000,-0.081564,6.266459
5,99,0.000000,-0.197752,6.744026
6,99,0.000000,-0.122203,5.887711
7,99,0.000000,-0.088811,6.323294
8,99,0.000000,-0.091952,6.099824
9,99,0.000000,-0.134646,6.013149
10,99,0.000000,0.034407,5.982235
1,100,0.000000,0.358261,-2.428303
2,100,0.000000,0.354098,-2.649742
3,100,0.000000,0.313577,-2.450379
4,100,0.000000,0.362242,-2.450379
5,100,0.000000,0.362242,-2.450379
6,100,0.000000,0.362242,-2.450379
7,100,0.000000,0.371617,-2.450379
8,100,0.000000,0.371617,-2.450379
9,100,0.000000,0.371617,-2.450379
10,100,0.000000,0.371617,-2.450379
1,101,0.000000,0.734152,-2.856967
2,101,0.000000,0.606703,-2.856967
3,101,0.000000,0.684138,-2.811629
4,101,0.000000,0.684138,-2.811629
5,101,0.000000,0.684138,-2.935983
6,101,0.000000,0.664989,-2.935983
7,101,0.000000,0.664989,-2.836755
8,101,0.000000,0.664989,-2.836755
9,101,0.000000,0.664989,-2.836755
10,101,0.000000,0.664989,-2.855031
1,102,0.000000,-0.103326,5.586004
2,102,0.000000,-0.066292,5.203448
3,102,0.000000,-0.066292,4.980723
4,102,0.000000,-0.079205,5.998174
5,102,0.000000,-0.033929,4.651338
6,102,0.000000,0.039139,4.892379
7,102,0.000000,0.110400,4.670455
8,102,0.000000,-0.013271,4.338232
9,102,0.000000,-0.013271,4.826402
10,102,0.000000,0.015062,5.382136
1,103,0.000000,0.058374,10.755858
2,103,0.000000,0.074501,10.696561
3,103,0.000000,0.074501,10.696561
4,103,0.000000,0.169080,10.512859
5,103,0.000000,0.058803,10.540114
6,103,0.000000,0.163824,10.725247
7,103,0.000000,0.125014,10.707855
8,103,0.000000,0.125014,10.707855
9,103,0.000000,0.050126,10.850906
10,103,0.000000,0.059956,11.173418
1,104,0.000000,0.482882,-3.974096
2,104,0.000000,0.482882,-3.974096
3,104,0.000000,0.482882,-4.108409
4,104,0.000000,0.482882,-4.108409
5,104,0.000000,0.463747,-4.082070
6,104,0.000000,0.463747,-4.128052
7,104,0.000000,0.463747,-4.128052
8,104,0.000000,0.463747,-4.107096
9,104,0.000000,0.463747,-4.107096
10,104,0.000000,0.433071,-4.321363
1,105,0.000000,-0.094844,10.818068
2,105,0.000000,0.034420,10.625650
3,105,0.000000,-0.010432,11.090399
4,105,0.000000,-0.064532,11.090399
5,105,0.000000,-0.108204,11.197400
6,105,0.000000,-0.111393,11.032575
7,105,0.000000,-0.035637,10.714439
8,105,0.000000,-0.035637,10.777364
9,105,0.000000,0.039763,10.803007
10,105,0.000000,-0.069312,11.047804
1,106,0.000000,1.160175,3.251908
2,106,0.000000,1.178751,3.251908
3,106,0.000000,1.182361,3.240160
4,106,0.000000,1.170294,3.240160
5,106,0.000000,1.247425,3.240160
6,106,0.000000,1.148436,3.240160
7,106,0.000000,1.208594,3.451563
8,106,0.000000,1.208594,3.364286
9,106,0.000000,1.246424,3.364286
10,106,0.000000,1.187455,3.364286
1,107,0.000000,-0.665082,-14.027955
2,107,0.000000,-0.720105,-14.181911
3,107,0.000000,-0.713702,-14.470340
4,107,0.000000,-0.713702,-13.827242
5,107,0.000000,-0.722884,-14.371856
6,107,0.000000,-0.722884,-14.371856
7,107,0.000000,-0.722884,-14.565859
8,107,0.000000,-0.684410,-14.038500
9,107,0.000000,-0.692916,-13.954485
10,107,0.000000,-0.692916,-14.023297
1,108,0.000000,0.808576,-1.911527
2,108,0.000000,0.644007,-1.911527
3,108,0.000000,0.811509,-1.879669
4,108,0.000000,0.811509,-1.879669
5,108,0.000000,0.782065,-2.190323
6,108,0.000000,0.691145,-1.810640
7,108,0.000000,0.539148,-1.928192
8,108,0.000000,0.801528,-1.843304
9,108,0.000000,0.831139,-1.857348
10,108,0.000000,0.688371,-1.914040
1,109,0.000000,0.349071,-3.622682
2,109,0.000000,0.378265,-3.260793
3,109,0.000000,0.386186,-3.331782
4,109,0.000000,0.351200,-3.491443
5,109,0.000000,0.351200,-3.581993
6,109,0.000000,0.351200,-3.581993
7,109,0.000000,0.351200,-3.581993
8,109,0.000000,0.351200,-3.581993
9,109,0.000000,0.374214,-3.581993
10,109,0.000000,0.390824,-3.190841
1,110,0.000000,-0.714699,-9.186175
2,110,0.000000,-0.662485,-8.573871
3,110,0.000000,-0.612512,-7.791203
4,110,0.000000,-0.604955,-7.597705
5,110,0.000000,-0.617442,-8.371562
6,110,0.000000,-0.644758,-8.475485
7,110,0.000000,-0.681199,-8.660389
8,110,0.000000,-0.690788,-8.585981
9,110,0.000000,-0.633870,-8.251378
10,110,0.000000,-0.652666,-8.450377
1,111,0.000000,0.345868,-13.656639
2,111,0.000000,0.289429,-13.656639
3,111,0.000000,0.289429,-13.656639
4,111,0.000000,0.293463,-13.624366
5,111,0.000000,0.301589,-13.624366
6,111,0.000000,0.301589,-13.624366
7,111,0.000000,0.301589,-13.915073
8,111,0.000000,0.374109,-13.715021
9,111,0.000000,0.392020,-13.715021
10,111,0.000000,0.320083,-13.715021
1,112,0.000000,-0.561281,-4.033921
2,112,0.000000,-0.594680,-4.306051
3,112,0.000000,-0.614482,-4.306051
4,112,0.000000,-0.566960,-3.596598
5,112,0.000000,-0.566960,-3.953554
6,112,0.000000,-0.564690,-3.912060
7,112,0.000000,-0.564690,-3.846686
8,112,0.000000,-0.564690,-3.780315
9,112,0.000000,-0.533067,-3.837015
10,112,0.000000,-0.531950,-3.388669
1,113,0.000000,0.301022,-1.753768
2,113,0.000000,0.301022,-1.753768
3,113,0.000000,0.287777,-1.753768
4,113,0.000000,0.287777,-1.753768
5,113,0.000000,0.287777,-1.753768
6,113,0.000000,0.287777,-1.753768
7,113,0.000000,0.287777,-1.753768
8,113,0.000000,0.287777,-1.753768
9,113,0.000000,0.287777,-1.753768
10,113,0.000000,0.287777,-1.753768
1,114,0.000000,-0.805805,-6.332437
2,114,0.000000,-0.805805,-6.332437
3,114,0.000000,-0.805805,-6.599383
4,114,0.000000,-0.852701,-6.886910
5,114,0.000000,-0.939755,-6.886910
6,114,0.000000,-0.923410,-7.101175
7,114,0.000000,-0.876420,-6.374876
8,114,0.000000,-0.861386,-6.457897
9,114,0.000000,-0.812608,-6.385184
10,114,0.000000,-0.805001,-6.284578
1,115,0.000000,-0.148779,-1.253901
2,115,0.000000,-0.132731,-0.886291
3,115,0.000000,-0.132731,-0.886291
4,115,0.000000,-0.132731,-0.886291
5,115,0.000000,-0.115066,-0.860918
6,115,0.000000,-0.118980,-1.084692
7,115,0.000000,-0.118980,-0.818180
8,115,0.000000,-0.108000,-0.818180
9,115,0.000000,-0.108000,-0.818180
10,115,0.000000,-0.138561,-0.870290
1,116,0.000000,0.212626,-7.780646
2,116,0.000000,0.209330,-7.780646
3,116,0.000000,0.253213,-7.517524
4,116,0.000000,0.231673,-7.760923
5,116,0.000000,0.231673,-7.650222
6,116,0.000000,0.231673,-7.687399
7,116,0.000000,0.231673,-7.791342
8,116,0.000000,0.231673,-7.791342
9,116,0.000000,0.245607,-7.607678
10,116,0.000000,0.245607,-7.607678
1,117,0.000000,0.201315,9.274689
2,117,0.000000,0.214767,9.553802
3,117,0.000000,0.229686,9.621011
4,117,0.000000,0.125995,9.282947
5,117,0.000000,0.067538,9.251475
6,117,0.000000,0.142615,9.365280
7,117,0.000000,0.215691,10.031816
8,117,0.000000,0.163469,9.542647
9,117,0.000000,0.107327,9.618347
10,117,0.000000,0.163838,9.397210
1,118,0.000000,-0.892757,11.732123
2,118,0.000000,-0.825906,10.421360
3,118,0.000000,-0.760843,10.566186
4,118,0.000000,-0.829907,10.479510
5,118,0.000000,-0.708518,10.428708
6,118,0.000000,-0.755473,10.227149
7,118,0.000000,-0.724882,9.871224
8,118,0.000000,-0.603709,8.958650
9,118,0.000000,-0.610952,8.686324
10,118,0.000000,-0.534677,8.410801
1,119,0.000000,1.118196,-5.582521
2,119,0.000000,1.127936,-5.675700
3,119,0.000000,1.127936,-5.675700
4,119,0.000000,1.075948,-5.657919
5,119,0.000000,1.075948,-5.657919
6,119,0.000000,1.083333,-5.768018
7,119,0.000000,1.106902,-5.768018
8,119,0.000000,1.065269,-5.768018
9,119,0.000000,1.060120,-5.886001
10,119,0.000000,1.043858,-5.886001
1,120,0.000000,0.749858,12.865480
2,120,0.000000,0.763472,12.414307
3,120,0.000000,0.902932,12.674784
4,120,0.000000,0.627793,13.024892
5,120,0.000000,0.666396,12.323527
6,120,0.000000,0.793709,12.687315
7,120,0.000000,0.686346,12.497542
8,120,0.000000,0.727890,12.478433
9,120,0.000000,0.607691,13.261136
10,120,0.000000,0.564050,13.154260
1,121,0.000000,0.005189,-3.576945
2,121,0.000000,-0.012804,-3.576945
3,121,0.000000,-0.010702,-3.653175
4,121,0.000000,-0.027653,-3.798129
5,121,0.000000,-0.036342,-3.656577
6,121,0.000000,-0.036342,-3.656577
7,121,0.000000,-0.036342,-3.656577
8,121,0.000000,-0.055070,-3.656577
9,121,0.000000,0.043818,-3.656577
10,121,0.000000,0.043818,-3.656577
1,122,0.000000,-0.166601,12.261033
2,122,0.000000,-0.219684,12.632795
3,122,0.000000,-0.228132,12.268761
4,122,0.000000,-0.162217,12.707758
5,122,0.000000,-0.279468,12.226813
6,122,0.000000,-0.141095,12.614821
7,122,0.000000,-0.165842,12.536646
8,122,0.000000,-0.170413,12.826847
9,122,0.000000,-0.136558,12.613875
10,122,0.000000,-0.156415,13.001541
1,123,0.000000,-0.072750,15.406032
2,123,0.000000,-0.000882,15.017424
3,123,0.000000,-0.052787,15.001651
4,123,0.000000,-0.047246,15.193171
5,123,0.000000,-0.047246,15.105199
6,123,0.000000,0.097528,14.945797
7,123,0.000000,0.185942,15.357377
8,123,0.000000,0.082770,15.329707
9,123,0.000000,-0.022811,15.441311
10,123,0.000000,-0.014149,15.460240
1,124,0.000000,-0.074468,8.871224
2,124,0.000000,-0.074468,8.534787
3,124,0.000000,-0.063035,8.825620
4,124,0.000000,-0.068145,9.308847
5,124,0.000000,0.013081,8.920144
6,124,0.000000,0.006686,9.378819
7,124,0.000000,-0.025653,8.907103
8,124,0.000000,-0.018687,9.117389
9,124,0.000000,0.005203,9.248186
10,124,0.000000,-0.008045,8.770180
1,125,0.000000,0.092683,3.413370
2,125,0.000000,0.100939,3.465832
3,125,0.000000,0.100939,3.825026
4,125,0.000000,0.081069,3.786367
5,125,0.000000,0.136049,3.947827
6,125,0.000000,0.151887,3.781351
7,125,0.000000,0.125048,3.781351
8,125,0.000000,0.125048,3.781351
9,125,0.000000,0.125048,3.971184
10,125,0.000000,0.167624,3.971184
1,126,0.000000,-0.725995,-0.163676
2,126,0.000000,-0.728630,-0.163676
3,126,0.000000,-0.731677,-0.105404
4,126,0.000000,-0.724719,-0.379320
5,126,0.000000,-0.718047,-0.225068
6,126,0.000000,-0.718047,-0.396746
7,126,0.000000,-0.718047,-0.396746
8,126,0.000000,-0.709344,-0.396746
9,126,0.000000,-0.654847,0.093542
10,126,0.000000,-0.722340,0.093542
1,127,0.000000,-0.502650,8.465857
2,127,0.000000,-0.502650,8.291908
3,127,0.000000,-0.533239,8.559854
4,127,0.000000,-0.547977,8.529064
5,127,0.000000,-0.507698,7.964615
6,127,0.000000,-0.505303,7.844679
7,127,0.000000,-0.509709,7.968938
8,127,0.000000,-0.528774,8.128079
9,127,0.000000,-0.528774,8.128079
10,127,0.000000,-0.444819,7.996452
1,128,0.000000,-1.257912,8.528348
2,128,0.000000,-1.318669,7.746737
3,128,0.000000,-1.441655,8.270088
4,128,0.000000,-1.249314,8.427071
5,128,0.000000,-1.220223,7.988621
6,128,0.000000,-1.211572,7.887900
7,128,0.000000,-1.217413,7.578078
8,128,0.000000,-1.235062,8.447498
9,128,0.000000,-1.301482,7.437380
10,128,0.000000,-1.294701,7.611510
1,129,0.000000,0.346183,12.924369
2,129,0.000000,0.346183,13.061011
3,129,0.000000,0.343775,13.165711
4,129,0.000000,0.302141,13.294938
5,129,0.000000,0.372604,13.333495
6,129,0.000000,0.378390,12.759759
7,129,0.000000,0.358620,13.068108
8,129,0.000000,0.357865,13.182796
9,129,0.000000,0.235311,13.434079
10,129,0.000000,0.437476,13.163392
1,130,0.000000,-0.757890,11.532190
2,130,0.000000,-0.672975,11.402680
3,130,0.000000,-0.720331,11.760536
4,130,0.000000,-0.686975,11.764900
5,130,0.000000,-0.591624,11.536044
6,130,0.000000,-0.635463,10.930416
7,130,0.000000,-0.629949,10.655227
8,130,0.000000,-0.654847,11.324133
9,130,0.000000,-0.645153,10.682662
10,130,0.000000,-0.686615,11.362642
1,131,0.000000,0.399512,-8.288538
2,131,0.000000,0.321465,-8.926006
3,131,0.000000,0.301294,-8.926006
4,131,0.000000,0.301294,-8.926006
5,131,0.000000,0.340637,-8.720673
6,131,0.000000,0.340637,-8.720673
7,131,0.000000,0.340637,-8.720673
8,131,0.000000,0.340637,-8.720673
9,131,0.000000,0.340637,-8.720673
10,131,0.000000,0.372233,-8.706182
1,132,0.000000,-0.534066,-3.272264
2,132,0.000000,-0.534066,-3.561750
3,132,0.000000,-0.537447,-3.435000
4,132,0.000000,-0.537447,-3.435000
5,132,0.000000,-0.537447,-2.979449
6,132,0.000000,-0.530594,-3.137460
7,132,0.000000,-0.530594,-3.137460
8,132,0.000000,-0.507499,-3.161862
9,132,0.000000,-0.514574,-3.397288
10,132,0.000000,-0.492541,-3.213543
1,133,0.000000,0.278309,0.514404
2,133,0.000000,0.281943,0.583381
3,133,0.000000,0.281943,0.583381
4,133,0.000000,0.254649,0.362226
5,133,0.000000,0.237434,0.521932
6,133,0.000000,0.237434,0.521932
7,133,0.000000,0.237434,0.320868
8,133,0.000000,0.237434,0.336459
9,133,0.000000,0.225556,0.435339
10,133,0.000000,0.225556,0.435339
1,134,0.000000,0.277834,5.699877
2,134,0.000000,0.366440,5.780807
3,134,0.000000,0.374028,5.553663
4,134,0.000000,0.350899,5.746111
5,134,0.000000,0.308383,5.845508
6,134,0.000000,0.354216,5.182019
7,134,0.000000,0.430693,5.164350
8,134,0.000000,0.466877,4.882369
9,134,0.000000,0.495593,4.841073
10,134,0.000000,0.488041,4.942229
1,135,0.000000,-0.865343,3.161740
2,135,0.000000,-0.824032,3.444610
3,135,0.000000,-0.846144,3.219080
4,135,0.000000,-0.785268,3.041479
5,135,0.000000,-0.734115,2.820359
6,135,0.000000,-0.742803,2.698553
7,135,0.000000,-1.057948,3.298783
8,135,0.000000,-1.021610,4.073716
9,135,0.000000,-1.026734,4.584535
10,135,0.000000,-0.999747,4.235566
1,136,0.000000,1.303758,-0.546899
2,136,0.000000,1.211896,-0.677982
3,136,0.000000,1.148560,-0.746241
4,136,0.000000,1.148560,-0.577959
5,136,0.000000,1.233459,-0.577959
6,136,0.000000,1.247170,-0.577959
7,136,0.000000,1.209564,-0.574966
8,136,0.000000,1.311498,-0.574966
9,136,0.000000,1.306587,-0.574966
10,136,0.000000,1.264163,-0.574966
1,137,0.000000,0.013420,4.298709
2,137,0.000000,-0.026899,4.597991
3,137,0.000000,0.019184,4.262333
4,137,0.000000,-0.042469,4.420271
5,137,0.000000,0.051282,4.240520
6,137,0.000000,0.124281,4.240520
7,137,0.000000,0.041633,3.924803
8,137,0.000000,0.099623,3.853423
9,137,0.000000,0.115837,3.997380
10,137,0.000000,0.069587,4.273148
1,138,0.000000,1.347768,-3.566045
2,138,0.000000,1.347768,-3.566045
3,138,0.000000,1.363867,-3.566045
4,138,0.000000,1.327242,-3.566045
5,138,0.000000,1.358446,-3.566045
6,138,0.000000,1.384117,-3.566045
7,138,0.000000,1.333944,-3.566045
8,138,0.000000,1.333944,-3.566045
9,138,0.000000,1.333944,-3.566045
10,138,0.000000,1.358314,-3.566045
1,139,0.000000,-0.417479,-16.805406
2,139,0.000000,-0.425185,-16.849852
3,139,0.000000,-0.419593,-17.089234
4,139,0.000000,-0.421137,-17.089234
5,139,0.000000,-0.421137,-16.966210
6,139,0.000000,-0.421137,-16.966210
7,139,0.000000,-0.421137,-17.153833
8,139,0.000000,-0.421137,-17.026328
9,139,0.000000,-0.421137,-17.026328
10,139,0.000000,-0.421137,-17.016885
1,140,0.000000,-0.856240,7.332415
2,140,0.000000,-0.878905,7.095216
3,140,0.000000,-0.911848,7.874386
4,140,0.000000,-1.020569,8.063643
5,140,0.000000,-0.967589,8.158048
6,140,0.000000,-0.975892,8.058115
7,140,0.000000,-0.904283,7.441156
8,140,0.000000,-0.738372,6.926963
9,140,0.000000,-0.679837,6.926963
10,140,0.000000,-0.662737,6.626458
1,141,0.000000,-0.331167,-1.469665
2,141,0.000000,-0.340612,-1.480858
3,141,0.000000,-0.340612,-1.362721
4,141,0.000000,-0.340612,-1.362721
5,141,0.000000,-0.330052,-1.088967
6,141,0.000000,-0.330052,-1.335135
7,141,0.000000,-0.319111,-1.034503
8,141,0.000000,-0.331852,-0.923740
9,141,0.000000,-0.331852,-0.923740
10,141,0.000000,-0.348555,-1.446473
1,142,0.000000,0.081412,-13.020247
2,142,0.000000,0.076604,-12.946336
3,142,0.000000,0.076604,-12.946336
4,142,0.000000,0.076604,-12.782295
5,142,0.000000,0.077102,-13.029422
6,142,0.000000,0.047388,-13.083302
7,142,0.000000,0.039753,-13.016798
8,142,0.000000,0.039753,-13.016798
9,142,0.000000,0.039753,-13.016798
10,142,0.000000,0.030751,-13.031809
1,143,0.000000,0.222352,4.269789
2,143,0.000000,0.309989,4.240214
3,143,0.000000,0.253688,4.250429
4,143,0.000000,0.185977,4.250429
5,143,0.000000,0.248726,4.222775
6,143,0.000000,0.384996,4.146414
7,143,0.000000,0.271397,4.209117
8,143,0.000000,0.277579,4.209117
9,143,0.000000,0.186832,4.225750
10,143,0.000000,0.231489,4.143633
1,144,0.000000,-0.354807,-5.851842
2,144,0.000000,-0.357403,-6.200408
3,144,0.000000,-0.357403,-5.734484
4,144,0.000000,-0.357403,-6.024042
5,144,0.000000,-0.370620,-6.286648
6,144,0.000000,-0.370803,-6.286648
7,144,0.000000,-0.351815,-5.864891
8,144,0.000000,-0.351815,-5.736159
9,144,0.000000,-0.351815,-5.736159
10,144,0.000000,-0.380963,-5.977658
1,145,0.000000,0.499535,10.507561
2,145,0.000000,0.360134,10.592144
3,145,0.000000,0.440934,10.604128
4,145,0.000000,1.194354,3.966176
5,145,0.000000,1.160246,4.188496
6,145,0.000000,1.116249,4.618958
7,145,0.000000,1.175307,4.096362
8,145,0.000000,1.174284,4.349416
9,145,0.000000,0.679695,8.175020
10,145,0.000000,0.745865,8.129688
1,146,0.000000,0.113776,-3.261356
2,146,0.000000,0.113254,-3.943483
3,146,0.000000,0.113254,-3.943483
4,146,0.000000,0.101975,-3.728471
5,146,0.000000,0.080742,-3.957792
6,146,0.000000,0.076844,-3.692775
7,146,0.000000,0.076844,-4.201013
8,146,0.000000,0.076844,-4.201013
9,146,0.000000,0.076844,-4.020831
10,146,0.000000,0.144270,-4.022790
1,147,0.000000,0.513465,-11.961980
2,147,0.000000,0.513465,-11.961980
3,147,0.000000,0.513769,-11.976577
4,147,0.000000,0.528306,-11.988987
5,147,0.000000,0.528306,-11.988987
6,147,0.000000,0.511081,-12.040585
7,147,0.000000,0.486118,-12.102483
8,147,0.000000,0.486118,-12.102483
9,147,0.000000,0.511503,-11.931567
10,147,0.000000,0.522577,-12.045066
1,148,0.000000,-0.072341,-2.334076
2,148,0.000000,-0.072341,-2.332606
3,148,0.000000,-0.051044,-2.392066
4,148,0.000000,-0.069860,-2.536381
5,148,0.000000,-0.063972,-2.683547
6,148,0.000000,-0.063972,-2.378805
7,148,0.000000,-0.101786,-2.796517
8,148,0.000000,-0.101786,-2.796517
9,148,0.000000,-0.101786,-2.967388
10,148,0.000000,-0.091075,-2.638386
1,149,0.000000,0.034641,1.542425
2,149,0.000000,0.034641,1.542425
3,149,0.000000,0.061901,1.720283
4,149,0.000000,0.046130,1.652900
5,149,0.000000,0.021161,1.652900
6,149,0.000000,0.021161,1.692377
7,149,0.000000,0.033260,1.495753
8,149,0.000000,0.046750,1.713860
9,149,0.000000,0.046750,1.713860
10,149,0.000000,0.027558,1.713860
1,150,0.000000,-0.063887,1.686458
2,150,0.000000,-0.024589,1.758481
3,150,0.000000,-0.046375,1.835864
4,150,0.000000,-0.113417,1.886698
5,150,0.000000,-0.075814,1.891675
6,150,0.000000,-0.058926,1.716598
7,150,0.000000,-0.004436,1.656064
8,150,0.000000,0.202049,1.657724
9,150,0.000000,0.034481,1.994365
10,150,0.000000,-0.027947,1.966225
1,151,0.000000,-1.028895,8.621932
2,151,0.000000,-1.060306,8.889624
3,151,0.000000,-1.126803,8.960504
4,151,0.000000,-1.004380,9.173173
5,151,0.000000,-1.061762,7.895507
6,151,0.000000,-1.048379,7.878687
7,151,0.000000,-1.144074,8.818639
8,151,0.000000,-1.206045,8.913440
9,151,0.000000,-1.206326,9.523658
10,151,0.000000,-1.165446,8.983167
1,152,0.000000,-0.305112,-0.863753
2,152,0.000000,-0.335242,-1.242798
3,152,0.000000,-0.335242,-1.208121
4,152,0.000000,-0.317978,-0.998156
5,152,0.000000,-0.311260,-0.854647
6,152,0.000000,-0.311260,-1.112074
7,152,0.000000,-0.281505,-0.734216
8,152,0.000000,-0.271216,-0.734216
9,152,0.000000,-0.271216,-0.734216
10,152,0.000000,-0.271216,-0.734216
1,153,0.000000,0.025220,3.996929
2,153,0.000000,-0.000615,4.327206
3,153,0.000000,0.039243,4.256508
4,153,0.000000,0.029934,4.092245
5,153,0.000000,0.037536,4.223426
6,153,0.000000,0.008988,4.368050
7,153,0.000000,0.014317,3.984487
8,153,0.000000,0.005421,4.155375
9,153,0.000000,0.032777,4.155375
10,153,0.000000,0.032777,4.236015
1,154,0.000000,0.755071,11.349971
2,154,0.000000,0.814405,11.400266
3,154,0.000000,0.807887,11.579397
4,154,0.000000,0.793260,11.054329
5,154,0.000000,1.021347,10.679846
6,154,0.000000,0.937587,10.835225
7,154,0.000000,0.893155,10.438811
8,154,0.000000,0.853426,10.999255
9,154,0.000000,0.853426,10.938480
10,154,0.000000,0.925926,10.982503
1,155,0.000000,-0.459884,2.980077
2,155,0.000000,-0.485430,2.746530
3,155,0.000000,-0.485430,2.746530
4,155,0.000000,-0.475221,3.045771
5,155,0.000000,-0.475221,3.045771
6,155,0.000000,-0.429584,2.771517
7,155,0.000000,-0.479419,2.802629
8,155,0.000000,-0.506662,2.802629
9,155,0.000000,-0.506186,2.773810
10,155,0.000000,-0.490593,2.796916
1,156,0.000000,0.016213,12.799457
2,156,0.000000,0.058780,12.909836
3,156,0.000000,0.094964,13.069549
4,156,0.000000,0.025666,12.650978
5,156,0.000000,0.019689,13.005460
6,156,0.000000,0.103336,13.155849
7,156,0.000000,0.103336,13.155849
8,156,0.000000,0.058712,12.985016
9,156,0.000000,0.091537,12.921346
10,156,0.000000,0.041993,12.427187
1,157,0.000000,0.609603,-5.117347
2,157,0.000000,0.600177,-5.077994
3,157,0.000000,0.600177,-5.079319
4,157,0.000000,0.632059,-5.004802
5,157,0.000000,0.628039,-5.004359
6,157,0.000000,0.628039,-5.004359
7,157,0.000000,0.628039,-5.004359
8,157,0.000000,0.628039,-5.059823
9,157,0.000000,0.642226,-4.847807
10,157,0.000000,0.642453,-4.847807
1,158,0.000000,-0.136387,-10.585902
2,158,0.000000,-0.150344,-10.408141
3,158,0.000000,-0.150344,-10.661141
4,158,0.000000,-0.146405,-10.977093
5,158,0.000000,-0.122478,-10.767621
6,158,0.000000,-0.122478,-10.767621
7,158,0.000000,-0.122478,-10.767621
8,158,0.000000,-0.122478,-10.506576
9,158,0.000000,-0.122478,-10.326382
10,158,0.000000,-0.122478,-10.326382
1,159,0.000000,-0.117991,7.011442
2,159,0.000000,-0.149423,7.011442
3,159,0.000000,-0.149423,6.732855
4,159,0.000000,-0.149423,6.633712
5,159,0.000000,-0.149423,6.537735
6,159,0.000000,-0.115092,6.875723
7,159,0.000000,-0.153368,6.694568
8,159,0.000000,-0.112846,7.113748
9,159,0.000000,-0.113193,6.996711
10,159,0.000000,-0.113193,6.996711
1,160,0.000000,-0.267574,2.328003
2,160,0.000000,-0.267574,2.328003
3,160,0.000000,-0.097020,2.731642
4,160,0.000000,-0.170672,2.594918
5,160,0.000000,-0.190984,2.537608
6,160,0.000000,-0.172020,2.565753
7,160,0.000000,-0.156899,2.810982
8,160,0.000000,-0.156899,2.655869
9,160,0.000000,-0.145953,2.872730
10,160,0.000000,-0.145953,2.872730
1,161,0.000000,0.452212,5.550092
2,161,0.000000,0.444939,5.201847
3,161,0.000000,0.364344,5.012586
4,161,0.000000,0.462581,5.341609
5,161,0.000000,0.358244,5.920820
6,161,0.000000,0.300044,5.358407
7,161,0.000000,0.346088,5.358407
8,161,0.000000,0.296135,5.358407
9,161,0.000000,0.286499,5.633078
10,161,0.000000,0.147740,5.941503
1,162,0.000000,-0.226448,16.471489
2,162,0.000000,-0.308872,16.020176
3,162,0.000000,-0.389794,16.597792
4,162,0.000000,-0.291802,16.894861
5,162,0.000000,-0.284985,16.422008
6,162,0.000000,-0.200505,16.513065
7,162,0.000000,-0.127506,16.038109
8,162,0.000000,-0.294502,16.467559
9,162,0.000000,-0.199838,16.670171
10,162,0.000000,-0.224496,16.710554
1,163,0.000000,-0.527078,5.456750
2,163,0.000000,-0.512313,5.517512
3,163,0.000000,-0.479792,6.276484
4,163,0.000000,-0.487289,6.205966
5,163,0.000000,-0.487289,6.205966
6,163,0.000000,-0.500309,6.368224
7,163,0.000000,-0.519946,5.810523
8,163,0.000000,-0.556531,5.616599
9,163,0.000000,-0.601017,4.713014
10,163,0.000000,-0.591329,4.957054
1,164,0.000000,-0.909661,4.997602
2,164,0.000000,-0.916019,4.953075
3,164,0.000000,-0.999050,4.993131
4,164,0.000000,-1.017838,4.932346
5,164,0.000000,-0.957843,4.720676
6,164,0.000000,-0.950171,4.650171
7,164,0.000000,-1.093524,5.167647
8,164,0.000000,-1.024991,4.366105
9,164,0.000000,-0.984353,5.077999
10,164,0.000000,-0.984353,4.877748
1,165,0.000000,0.356638,-2.249367
2,165,0.000000,0.355797,-2.352852
3,165,0.000000,0.311148,-2.352852
4,165,0.000000,0.337105,-2.307396
5,165,0.000000,0.337105,-2.096975
6,165,0.000000,0.373141,-2.096975
7,165,0.000000,0.373141,-2.160846
8,165,0.000000,0.334822,-2.160846
9,165,0.000000,0.334822,-2.160846
10,165,0.000000,0.366868,-2.143402
1,166,0.000000,-0.289157,4.326853
2,166,0.000000,-0.326413,3.743553
3,166,0.000000,-0.333094,4.201638
4,166,0.000000,-0.314997,4.001734
5,166,0.000000,-0.388487,3.547166
6,166,0.000000,-0.388487,4.086406
7,166,0.000000,-0.335539,3.589594
8,166,0.000000,-0.390022,3.589594
9,166,0.000000,-0.342555,3.589594
10,166,0.000000,-0.346046,3.612537
1,167,0.000000,-1.395687,7.406342
2,167,0.000000,-1.406619,7.120082
3,167,0.000000,-1.541951,7.051401
4,167,0.000000,-1.466774,6.675698
5,167,0.000000,-1.476997,6.557463
6,167,0.000000,-1.480137,5.978857
7,167,0.000000,-1.505760,6.722486
8,167,0.000000,-1.454098,7.340785
9,167,0.000000,-1.468039,7.062974
10,167,0.000000,-1.431161,6.494068
1,168,0.000000,0.617449,19.448916
2,168,0.000000,0.630237,20.882978
3,168,0.000000,0.802444,21.477011
4,168,0.000000,0.677353,19.881190
5,168,0.000000,0.718808,19.411150
6,168,0.000000,0.672187,16.906472
7,168,0.000000,0.616733,15.660415
8,168,0.000000,0.707397,15.488243
9,168,0.000000,0.705784,15.460239
10,168,0.000000,0.749036,15.939795
1,169,0.000000,0.661172,-5.834743
2,169,0.000000,0.661172,-5.834743
3,169,0.000000,0.661172,-5.834743
4,169,0.000000,0.661172,-5.900558
5,169,0.000000,0.661172,-5.937003
6,169,0.000000,0.649225,-5.902293
7,169,0.000000,0.706471,-5.810890
8,169,0.000000,0.712611,-5.786211
9,169,0.000000,0.669035,-5.786211
10,169,0.000000,0.688332,-5.776569
1,170,0.000000,0.032653,0.327674
2,170,0.000000,0.033137,0.506553
3,170,0.000000,0.044713,0.419092
4,170,0.000000,0.044713,0.412854
5,170,0.000000,0.044713,0.412854
6,170,0.000000,0.044713,0.412854
7,170,0.000000,0.044713,0.464805
8,170,0.000000,0.044713,0.464805
9,170,0.000000,0.044713,0.464805
10,170,0.000000,0.044713,0.464805
1,171,0.000000,-1.032845,-3.389633
2,171,0.000000,-1.009506,-3.389633
3,171,0.000000,-0.975345,-2.632401
4,171,0.000000,-0.955116,-2.576870
5,171,0.000000,-0.933712,-2.512034
6,171,0.000000,-0.926666,-2.327822
7,171,0.000000,-0.917473,-2.167456
8,171,0.000000,-0.917473,-2.167456
9,171,0.000000,-0.943308,-2.301024
10,171,0.000000,-0.943308,-2.286068
1,172,0.000000,-0.176825,-0.926893
2,172,0.000000,-0.218234,-0.915684
3,172,0.000000,-0.129348,-0.839236
4,172,0.000000,-0.218608,-0.839236
5,172,0.000000,-0.181076,-0.858062
6,172,0.000000,-0.188545,-0.438714
7,172,0.000000,-0.173769,-0.968597
8,172,0.000000,-0.173769,-0.896825
9,172,0.000000,-0.178072,-0.650162
10,172,0.000000,-0.096773,-0.626294
1,173,0.000000,0.580988,-4.414957
2,173,0.000000,0.580988,-4.414957
3,173,0.000000,0.580988,-4.414957
4,173,0.000000,0.571546,-4.414957
5,173,0.000000,0.571546,-4.414957
6,173,0.000000,0.544716,-4.531426
7,173,0.000000,0.544716,-4.497034
8,173,0.000000,0.569041,-4.515737
9,173,0.000000,0.569041,-4.515737
10,173,0.000000,0.548578,-4.412313
1,174,0.000000,-0.901903,-1.856136
2,174,0.000000,-0.950739,-2.325321
3,174,0.000000,-0.967444,-2.095398
4,174,0.000000,-0.914937,-2.020531
5,174,0.000000,-0.953161,-1.896847
6,174,0.000000,-0.953161,-2.333407
7,174,0.000000,-0.910942,-1.840837
8,174,0.000000,-0.992835,-2.361696
9,174,0.000000,-0.947391,-1.967303
10,174,0.000000,-0.967673,-2.384164
1,175,0.000000,-0.493635,-2.624248
2,175,0.000000,-0.518449,-2.989300
3,175,0.000000,-0.517303,-3.151238
4,175,0.000000,-0.495070,-2.699843
5,175,0.000000,-0.518932,-3.096417
6,175,0.000000,-0.501691,-3.096417
7,175,0.000000,-0.501691,-3.104893
8,175,0.000000,-0.536523,-3.104893
9,175,0.000000,-0.536826,-2.822682
10,175,0.000000,-0.530699,-2.933175
1,176,0.000000,0.033728,-6.191379
2,176,0.000000,0.039237,-6.014792
3,176,0.000000,0.039237,-6.046121
4,176,0.000000,0.039237,-6.046121
5,176,0.000000,0.033851,-6.046121
6,176,0.000000,-0.012189,-6.414558
7,176,0.000000,0.004137,-6.127157
8,176,0.000000,0.024931,-6.234691
9,176,0.000000,0.052696,-5.852696
10,176,0.000000,0.030306,-6.112851
1,177,0.000000,-0.076444,11.026124
2,177,0.000000,0.084397,11.956664
3,177,0.000000,0.093640,12.289015
4,177,0.000000,0.058106,12.754703
5,177,0.000000,0.022003,13.745467
6,177,0.000000,0.037047,13.455504
7,177,0.000000,0.177528,14.170751
8,177,0.000000,0.301829,14.273356
9,177,0.000000,-0.056080,14.656720
10,177,0.000000,-0.204654,14.905746
1,178,0.000000,0.144262,10.690739
2,178,0.000000,0.145300,10.629525
3,178,0.000000,0.139958,10.629525
4,178,0.000000,0.112683,10.789756
5,178,0.000000,0.128695,10.784847
6,178,0.000000,0.128695,10.588195
7,178,0.000000,0.120303,10.612693
8,178,0.000000,0.120303,10.705356
9,178,0.000000,0.133869,10.705356
10,178,0.000000,0.133869,10.705356
1,179,0.000000,0.239387,-3.576727
2,179,0.000000,0.239015,-3.759601
3,179,0.000000,0.267605,-3.580833
4,179,0.000000,0.252841,-3.510315
5,179,0.000000,0.250446,-3.606232
6,179,0.000000,0.269642,-3.644531
7,179,0.000000,0.224417,-4.014242
8,179,0.000000,0.202036,-4.014242
9,179,0.000000,0.250034,-4.014242
10,179,0.000000,0.275149,-3.541304
1,180,0.000000,-0.014023,-8.860410
2,180,0.000000,-0.037558,-8.824796
3,180,0.000000,-0.037558,-8.888398
4,180,0.000000,-0.037558,-8.888398
5,180,0.000000,-0.034437,-8.839818
6,180,0.000000,-0.034437,-8.839818
7,180,0.000000,-0.034437,-8.839818
8,180,0.000000,0.012591,-8.839818
9,180,0.000000,0.005761,-8.876821
10,180,0.000000,0.005761,-8.876821
1,181,0.000000,0.799178,1.764573
2,181,0.000000,0.799178,1.764573
3,181,0.000000,0.841100,1.888556
4,181,0.000000,0.764768,1.573314
5,181,0.000000,0.764768,1.705777
6,181,0.000000,0.764768,1.638227
7,181,0.000000,0.776357,1.600262
8,181,0.000000,0.744819,1.600262
9,181,0.000000,0.752490,1.642112
10,181,0.000000,0.752490,1.642112
1,182,0.000000,-1.018092,-7.933585
2,182,0.000000,-0.990633,-7.507765
3,182,0.000000,-1.010551,-7.429525
4,182,0.000000,-1.011595,-7.566548
5,182,0.000000,-1.011828,-7.731144
6,182,0.000000,-0.998814,-7.837270
7,182,0.000000,-1.060724,-7.940920
8,182,0.000000,-1.052811,-7.795343
9,182,0.000000,-1.045716,-7.939624
10,182,0.000000,-0.968972,-7.681823
1,183,0.000000,-0.381917,-0.254527
2,183,0.000000,-0.381917,-0.254527
3,183,0.000000,-0.308561,-0.102524
4,183,0.000000,-0.363037,-0.354764
5,183,0.000000,-0.343160,-0.327764
6,183,0.000000,-0.370687,-0.778541
7,183,0.000000,-0.385341,-0.616434
8,183,0.000000,-0.373568,-0.504035
9,183,0.000000,-0.373568,-0.504035
10,183,0.000000,-0.372998,-0.534735
1,184,0.000000,-0.017036,-1.392063
2,184,0.000000,-0.017036,-1.392063
3,184,0.000000,0.012134,-1.222393
4,184,0.000000,0.012134,-1.222393
5,184,0.000000,-0.017664,-1.203883
6,184,0.000000,0.033448,-1.203883
7,184,0.000000,-0.021919,-1.578699
8,184,0.000000,0.003851,-1.131069
9,184,0.000000,0.003851,-1.268843
10,184,0.000000,0.003851,-1.268843
1,185,0.000000,0.585774,3.582502
2,185,0.000000,0.625716,3.693100
3,185,0.000000,0.625716,3.693100
4,185,0.000000,0.586660,3.680742
5,185,0.000000,0.586660,3.680742
6,185,0.000000,0.586660,3.725377
7,185,0.000000,0.574967,3.596600
8,185,0.000000,0.569271,3.591635
9,185,0.000000,0.569271,3.591635
10,185,0.000000,0.569271,3.591635
1,186,0.000000,0.087968,-0.504353
2,186,0.000000,0.107353,-0.582277
3,186,0.000000,0.119490,-0.606143
4,186,0.000000,0.127294,-0.540143
5,186,0.000000,0.127294,-0.540143
6,186,0.000000,0.147194,-0.503833
7,186,0.000000,0.129196,-0.608668
8,186,0.000000,0.133892,-0.663982
9,186,0.000000,0.091911,-0.609940
10,186,0.000000,0.091911,-0.609940
1,187,0.000000,1.166720,-6.980616
2,187,0.000000,1.166720,-6.980616
3,187,0.000000,1.193011,-6.963652
4,187,0.000000,1.152364,-6.963652
5,187,0.000000,1.152364,-7.115396
6,187,0.000000,1.152364,-7.115396
7,187,0.000000,1.135283,-7.115396
8,187,0.000000,1.135283,-7.115396
9,187,0.000000,1.126947,-7.081188
10,187,0.000000,1.126947,-7.081188
1,188,0.000000,0.131260,4.856644
2,188,0.000000,0.132440,4.807890
3,188,0.000000,0.174165,4.807890
4,188,0.000000,0.152012,4.807890
5,188,0.000000,0.128973,4.539911
6,188,0.000000,0.128973,4.539911
7,188,0.000000,0.171567,4.950860
8,188,0.000000,0.189564,5.069751
9,188,0.000000,0.184088,4.615313
10,188,0.000000,0.184088,5.041631
1,189,0.000000,-0.674448,-1.563015
2,189,0.000000,-0.689649,-1.376352
3,189,0.000000,-0.675643,-1.207354
4,189,0.000000,-0.725648,-1.221399
5,189,0.000000,-0.725648,-1.221399
6,189,0.000000,-0.711330,-1.220315
7,189,0.000000,-0.701710,-1.242963
8,189,0.000000,-0.741058,-1.173640
9,189,0.000000,-0.779986,-1.070718
10,189,0.000000,-0.681071,-0.968614
1,190,0.000000,0.862778,1.617611
2,190,0.000000,0.862778,1.617611
3,190,0.000000,0.862778,1.617611
4,190,0.000000,0.862778,1.617611
5,190,0.000000,0.862778,1.617611
6,190,0.000000,0.894176,1.617611
7,190,0.000000,0.847770,1.532682
8,190,0.000000,0.867704,1.578078
9,190,0.000000,0.896179,1.778386
10,190,0.000000,0.896179,1.778386
1,191,0.000000,-0.142811,-0.385648
2,191,0.000000,-0.219945,-0.385648
3,191,0.000000,-0.189564,-0.147158
4,191,0.000000,-0.189564,-0.044319
5,191,0.000000,-0.189564,-0.044319
6,191,0.000000,-0.189564,-0.231181
7,191,0.000000,-0.159474,-0.365703
8,191,0.000000,-0.171366,-0.365703
9,191,0.000000,-0.202461,-0.495234
10,191,0.000000,-0.202461,-0.495234
1,192,0.000000,0.342065,-11.495047
2,192,0.000000,0.350905,-11.495047
3,192,0.000000,0.350905,-11.495047
4,192,0.000000,0.361415,-11.404531
5,192,0.000000,0.361415,-11.494420
6,192,0.000000,0.309199,-11.581657
7,192,0.000000,0.309199,-11.581657
8,192,0.000000,0.319288,-11.623740
9,192,0.000000,0.319288,-11.623740
10,192,0.000000,0.319288,-11.623740
1,193,0.000000,-0.718844,14.879396
2,193,0.000000,-0.717041,14.487558
3,193,0.000000,-0.717041,14.306660
4,193,0.000000,-0.653852,14.693902
5,193,0.000000,-0.624701,14.220733
6,193,0.000000,-0.670743,14.228955
7,193,0.000000,-0.710034,14.391216
8,193,0.000000,-0.633097,14.099457
9,193,0.000000,-0.584345,14.470882
10,193,0.000000,-0.617070,13.873224
1,194,0.000000,0.253356,-2.724478
2,194,0.000000,0.253356,-2.830307
3,194,0.000000,0.281135,-2.709899
4,194,0.000000,0.234781,-2.972016
5,194,0.000000,0.234781,-2.939190
6,194,0.000000,0.245761,-2.892362
7,194,0.000000,0.206994,-3.104196
8,194,0.000000,0.218758,-3.093704
9,194,0.000000,0.218758,-3.093704
10,194,0.000000,0.218758,-3.093704
1,195,0.000000,0.043243,-3.647810
2,195,0.000000,0.043243,-3.647810
3,195,0.000000,0.033259,-3.606931
4,195,0.000000,0.029901,-3.911564
5,195,0.000000,0.001832,-4.069106
6,195,0.000000,0.014840,-4.031982
7,195,0.000000,0.014840,-3.850626
8,195,0.000000,0.001283,-3.850626
9,195,0.000000,0.025230,-3.850626
10,195,0.000000,0.017273,-3.763170
1,196,0.000000,0.272649,-5.482578
2,196,0.000000,0.268185,-5.314581
3,196,0.000000,0.268185,-5.101923
4,196,0.000000,0.219413,-5.510773
5,196,0.000000,0.231860,-5.720910
6,196,0.000000,0.227460,-5.680812
7,196,0.000000,0.227460,-5.680812
8,196,0.000000,0.230110,-5.805624
9,196,0.000000,0.233854,-5.624466
10,196,0.000000,0.233854,-5.711611
1,197,0.000000,0.378834,1.700264
2,197,0.000000,0.449193,1.735903
3,197,0.000000,0.330868,1.735903
4,197,0.000000,0.326815,1.577687
5,197,0.000000,0.522222,1.679890
6,197,0.000000,0.408376,1.603037
7,197,0.000000,0.439105,1.783288
8,197,0.000000,0.410703,1.711322
9,197,0.000000,0.410703,1.711322
10,197,0.000000,0.425229,1.497323
1,198,0.000000,1.241417,3.333397
2,198,0.000000,1.194735,2.916255
3,198,0.000000,1.242376,3.273489
4,198,0.000000,1.346699,3.089516
5,198,0.000000,1.346031,3.086220
6,198,0.000000,1.309756,2.522394
7,198,0.000000,1.145687,2.786041
8,198,0.000000,1.283541,2.651744
9,198,0.000000,1.303309,2.898537
10,198,0.000000,1.272160,2.949285
1,199,0.000000,0.293781,-5.602437
2,199,0.000000,0.297900,-5.623146
3,199,0.000000,0.297900,-5.623146
4,199,0.000000,0.297900,-5.623146
5,199,0.000000,0.297900,-5.623146
6,199,0.000000,0.297900,-5.623146
7,199,0.000000,0.275459,-5.844234
8,199,0.000000,0.292957,-5.844234
9,199,0.000000,0.292957,-5.844234
10,199,0.000000,0.292957,-5.844234
1,200,0.000000,-0.441524,-5.025360
2,200,0.000000,-0.460522,-5.913433
3,200,0.000000,-0.421568,-5.431003
4,200,0.000000,-0.400288,-5.139148
5,200,0.000000,-0.393613,-5.229757
6,200,0.000000,-0.393613,-4.871658
7,200,0.000000,-0.393613,-4.820157
8,200,0.000000,-0.393613,-4.820157
9,200,0.000000,-0.394299,-4.918301
10,200,0.000000,-0.394299,-4.857112
1,201,0.000000,-0.647334,8.396243
2,201,0.000000,-0.602097,8.754640
3,201,0.000000,-0.608635,8.307736
4,201,0.000000,-0.608635,8.307736
5,201,0.000000,-0.599890,8.652764
6,201,0.000000,-0.587113,8.627783
7,201,0.000000,-0.646592,8.556877
8,201,0.000000,-0.646592,8.924459
9,201,0.000000,-0.681941,8.558589
10,201,0.000000,-0.578994,8.479871
1,202,0.000000,-0.979053,-1.940831
2,202,0.000000,-0.941904,-1.749794
3,202,0.000000,-0.938767,-1.749794
4,202,0.000000,-0.923244,-1.816373
5,202,0.000000,-0.969716,-1.823132
6,202,0.000000,-0.969716,-1.943912
7,202,0.000000,-0.944636,-1.943912
8,202,0.000000,-0.993734,-2.152728
9,202,0.000000,-0.968577,-1.762659
10,202,0.000000,-0.977023,-2.235053
1,203,0.000000,-0.457368,-6.266189
2,203,0.000000,-0.460929,-6.362584
3,203,0.000000,-0.465246,-6.645067
4,203,0.000000,-0.479194,-6.376463
5,203,0.000000,-0.479194,-6.556317
6,203,0.000000,-0.498243,-6.556317
7,203,0.000000,-0.498243,-6.556317
8,203,0.000000,-0.498243,-6.556317
9,203,0.000000,-0.475636,-6.633127
10,203,0.000000,-0.469799,-6.653375
1,204,0.000000,-0.418682,-6.778011
2,204,0.000000,-0.408383,-6.778011
3,204,0.000000,-0.338843,-6.250023
4,204,0.000000,-0.355819,-6.568616
5,204,0.000000,-0.355819,-6.568616
6,204,0.000000,-0.355819,-6.474657
7,204,0.000000,-0.355819,-6.474657
8,204,0.000000,-0.384062,-6.778714
9,204,0.000000,-0.384062,-6.778714
10,204,0.000000,-0.384062,-6.778714
1,205,0.000000,1.019494,0.409554
2,205,0.000000,0.939894,0.409554
3,205,0.000000,0.939894,0.409554
4,205,0.000000,0.939894,0.409554
5,205,0.000000,0.939894,0.409554
6,205,0.000000,0.952670,0.409554
7,205,0.000000,0.941715,0.409554
8,205,0.000000,0.938432,0.409554
9,205,0.000000,1.043101,0.437216
10,205,0.000000,0.959640,0.487027
1,206,0.000000,0.308494,7.682776
2,206,0.000000,0.308494,7.682776
3,206,0.000000,0.308494,7.682776
4,206,0.000000,0.308494,7.682776
5,206,0.000000,0.308494,7.682776
6,206,0.000000,0.307939,7.613536
7,206,0.000000,0.347291,8.008063
8,206,0.000000,0.347291,8.008063
9,206,0.000000,0.347291,8.008063
10,206,0.000000,0.347291,7.682922
1,207,0.000000,-0.283698,4.196253
2,207,0.000000,-0.263595,3.996072
3,207,0.000000,-0.313332,3.719182
4,207,0.000000,-0.343757,3.883291
5,207,0.000000,-0.278210,3.883291
6,207,0.000000,-0.278210,3.906884
7,207,0.000000,-0.278210,3.735254
8,207,0.000000,-0.290801,4.015074
9,207,0.000000,-0.290801,4.015074
10,207,0.000000,-0.321844,3.987901
1,208,0.000000,-0.095044,11.331993
2,208,0.000000,-0.131126,11.611675
3,208,0.000000,-0.171338,12.075321
4,208,0.000000,-0.118734,11.797832
5,208,0.000000,-0.080082,11.332572
6,208,0.000000,-0.129273,11.937227
7,208,0.000000,-0.116027,12.125685
8,208,0.000000,-0.116027,12.223745
9,208,0.000000,-0.161256,12.012560
10,208,0.000000,-0.163205,12.144724
1,209,0.000000,0.293312,4.575902
2,209,0.000000,0.341181,5.328211
3,209,0.000000,0.336060,4.876374
4,209,0.000000,0.315241,4.797811
5,209,0.000000,0.363912,5.220259
6,209,0.000000,0.363912,5.220259
7,209,0.000000,0.367188,5.220259
8,209,0.000000,0.326879,5.144407
9,209,0.000000,0.326879,5.232674
10,209,0.000000,0.326879,5.067007
1,210,0.000000,-0.720756,-7.540502
2,210,0.000000,-0.702542,-7.204780
3,210,0.000000,-0.702542,-7.204780
4,210,0.000000,-0.702542,-7.204780
5,210,0.000000,-0.710832,-7.303314
6,210,0.000000,-0.677438,-7.440280
7,210,0.000000,-0.707186,-7.440280
8,210,0.000000,-0.677767,-6.891638
9,210,0.000000,-0.677767,-7.078962
10,210,0.000000,-0.677767,-7.347678
1,211,0.000000,-0.586330,-1.433040
2,211,0.000000,-0.586330,-1.407885
3,211,0.000000,-0.607990,-1.604789
4,211,0.000000,-0.607990,-1.883175
5,211,0.000000,-0.607990,-1.619927
6,211,0.000000,-0.608155,-2.075148
7,211,0.000000,-0.645302,-2.075148
8,211,0.000000,-0.645302,-2.075148
9,211,0.000000,-0.645302,-2.275651
10,211,0.000000,-0.597646,-1.382008
1,212,0.000000,0.412920,-7.340971
2,212,0.000000,0.408206,-7.255104
3,212,0.000000,0.424547,-7.110494
4,212,0.000000,0.427044,-7.301897
5,212,0.000000,0.452387,-7.193065
6,212,0.000000,0.432841,-7.193065
7,212,0.000000,0.442801,-7.302583
8,212,0.000000,0.442801,-7.302583
9,212,0.000000,0.436373,-7.055101
10,212,0.000000,0.476962,-7.055101
1,213,0.000000,-0.107470,7.097451
2,213,0.000000,-0.117542,6.991800
3,213,0.000000,-0.094223,6.991800
4,213,0.000000,-0.115574,7.161273
5,213,0.000000,-0.115574,6.949899
6,213,0.000000,-0.106046,6.779619
7,213,0.000000,-0.109729,6.955806
8,213,0.000000,-0.124349,6.934263
9,213,0.000000,-0.066400,6.921292
10,213,0.000000,-0.127915,6.903363
1,214,0.000000,0.569698,8.328502
2,214,0.000000,0.563901,8.285388
3,214,0.000000,0.537138,8.166072
4,214,0.000000,0.528103,8.085853
5,214,0.000000,0.517977,8.001153
6,214,0.000000,0.517977,8.001153
7,214,0.000000,0.517977,8.001153
8,214,0.000000,0.556826,8.267225
9,214,0.000000,0.556826,8.267225
10,214,0.000000,0.592155,8.385956
1,215,0.000000,0.708470,-7.406855
2,215,0.000000,0.708470,-7.406855
3,215,0.000000,0.697244,-7.406855
4,215,0.000000,0.710290,-7.393358
5,215,0.000000,0.710290,-7.393358
6,215,0.000000,0.710290,-7.393358
7,215,0.000000,0.710290,-7.393358
8,215,0.000000,0.710290,-7.545910
9,215,0.000000,0.724572,-7.545910
10,215,0.000000,0.677777,-7.545910
1,216,0.000000,0.270354,1.922847
2,216,0.000000,0.250775,1.922847
3,216,0.000000,0.341537,2.021229
4,216,0.000000,0.315038,2.021229
5,216,0.000000,0.235317,1.851052
6,216,0.000000,0.215220,1.851052
7,216,0.000000,0.257153,2.008046
8,216,0.000000,0.257153,2.008046
9,216,0.000000,0.243224,2.008046
10,216,0.000000,0.339173,2.030999
1,217,0.000000,0.953128,-0.846963
2,217,0.000000,0.863168,-1.089107
3,217,0.000000,0.852093,-1.486225
4,217,0.000000,0.840083,-1.721837
5,217,0.000000,0.840083,-1.721837
6,217,0.000000,0.810027,-1.481569
7,217,0.000000,0.768557,-1.733429
8,217,0.000000,0.857737,-1.082061
9,217,0.000000,0.933837,-0.995428
10,217,0.000000,0.933837,-0.995428
1,218,0.000000,0.081668,1.234745
2,218,0.000000,0.028880,0.894494
3,218,0.000000,0.028880,1.028389
4,218,0.000000,0.028880,0.804450
5,218,0.000000,0.023835,1.114075
6,218,0.000000,0.023835,1.114075
7,218,0.000000,0.048272,1.155470
8,218,0.000000,0.063294,1.125354
9,218,0.000000,0.030777,0.799948
10,218,0.000000,0.064961,1.032718
1,219,0.000000,-0.219775,5.972009
2,219,0.000000,-0.219775,6.035496
3,219,0.000000,-0.315820,6.158879
4,219,0.000000,-0.387162,6.878044
5,219,0.000000,-0.361990,6.749793
6,219,0.000000,-0.215691,6.116417
7,219,0.000000,-0.327265,6.470216
8,219,0.000000,-0.235904,5.969993
9,219,0.000000,-0.208342,5.989582
10,219,0.000000,-0.302346,6.135335
1,220,0.000000,0.266790,3.412551
2,220,0.000000,0.295644,3.412551
3,220,0.000000,0.295644,3.412551
4,220,0.000000,0.321121,3.742144
5,220,0.000000,0.321121,3.742144
6,220,0.000000,0.318202,3.715152
7,220,0.000000,0.318202,3.715152
8,220,0.000000,0.318202,3.715152
9,220,0.000000,0.318202,3.715152
10,220,0.000000,0.318202,3.635516
1,221,0.000000,-0.553916,-2.944126
2,221,0.000000,-0.600649,-3.305337
3,221,0.000000,-0.625165,-3.735547
4,221,0.000000,-0.625165,-3.206165
5,221,0.000000,-0.610700,-3.511794
6,221,0.000000,-0.613957,-3.256014
7,221,0.000000,-0.613957,-3.256014
8,221,0.000000,-0.613957,-3.256014
9,221,0.000000,-0.603803,-3.097072
10,221,0.000000,-0.628198,-3.213030
1,222,0.000000,0.395018,9.505888
2,222,0.000000,0.480922,9.517569
3,222,0.000000,0.451497,9.393365
4,222,0.000000,0.459278,9.289542
5,222,0.000000,0.520363,9.447975
6,222,0.000000,0.585543,9.163393
7,222,0.000000,0.588328,8.899699
8,222,0.000000,0.783494,8.729079
9,222,0.000000,0.867929,8.309395
10,222,0.000000,0.840891,8.567923
1,223,0.000000,-0.670917,-2.048121
2,223,0.000000,-0.681431,-1.479976
3,223,0.000000,-0.681431,-2.123455
4,223,0.000000,-0.662092,-1.806580
5,223,0.000000,-0.677826,-1.806580
6,223,0.000000,-0.677826,-1.806580
7,223,0.000000,-0.677826,-1.806580
8,223,0.000000,-0.677826,-1.595136
9,223,0.000000,-0.657194,-1.734939
10,223,0.000000,-0.650284,-1.196376
1,224,0.000000,-1.060795,6.971238
2,224,0.000000,-1.008112,6.843081
3,224,0.000000,-1.030879,7.348595
4,224,0.000000,-1.021921,6.880653
5,224,0.000000,-1.020304,6.742869
6,224,0.000000,-1.065631,8.214421
7,224,0.000000,-1.108159,8.458294
8,224,0.000000,-1.083644,8.466261
9,224,0.000000,-1.091159,7.661451
10,224,0.000000,-1.176031,8.873580
1,225,0.000000,-1.186486,-1.382997
2,225,0.000000,-1.209234,-1.596358
3,225,0.000000,-1.214951,-1.656002
4,225,0.000000,-1.210616,-1.439507
5,225,0.000000,-1.210616,-1.708971
6,225,0.000000,-1.292381,-1.950636
7,225,0.000000,-1.203284,-1.471299
8,225,0.000000,-1.195864,-1.471299
9,225,0.000000,-1.172727,-1.107170
10,225,0.000000,-1.172727,-1.361346
1,226,0.000000,0.332869,-5.551586
2,226,0.000000,0.350162,-5.582113
3,226,0.000000,0.350162,-5.582113
4,226,0.000000,0.376558,-5.582113
5,226,0.000000,0.360794,-5.606696
6,226,0.000000,0.360794,-5.727762
7,226,0.000000,0.319578,-5.727762
8,226,0.000000,0.344226,-5.727762
9,226,0.000000,0.344226,-5.727762
10,226,0.000000,0.344226,-5.727762
1,227,0.000000,-0.661114,-0.527814
2,227,0.000000,-0.712412,-0.241612
3,227,0.000000,-0.639199,-0.636235
4,227,0.000000,-0.700827,-0.693595
5,227,0.000000,-0.680392,-0.502185
6,227,0.000000,-0.674734,-1.010804
7,227,0.000000,-0.674734,-1.010804
8,227,0.000000,-0.712823,-0.813914
9,227,0.000000,-0.689651,-0.625632
10,227,0.000000,-0.738822,-0.790393
1,228,0.000000,-0.677193,-0.723143
2,228,0.000000,-0.646071,-1.033067
3,228,0.000000,-0.706236,-0.928412
4,228,0.000000,-0.643965,-0.928412
5,228,0.000000,-0.663463,-0.734387
6,228,0.000000,-0.616097,-0.710754
7,228,0.000000,-0.667450,-0.533627
8,228,0.000000,-0.632710,-0.856198
9,228,0.000000,-0.624476,-0.690876
10,228,0.000000,-0.622082,-0.690876
1,229,0.000000,-0.535216,-6.061806
2,229,0.000000,-0.535216,-6.140348
3,229,0.000000,-0.529713,-6.117143
4,229,0.000000,-0.518126,-6.051183
5,229,0.000000,-0.527321,-6.120455
6,229,0.000000,-0.527321,-6.120455
7,229,0.000000,-0.527321,-6.120826
8,229,0.000000,-0.513721,-6.048927
9,229,0.000000,-0.513721,-6.048927
10,229,0.000000,-0.513721,-5.597953
1,230,0.000000,0.380158,11.935241
2,230,0.000000,0.237739,12.201555
3,230,0.000000,0.153231,12.288106
4,230,0.000000,0.129248,12.032581
5,230,0.000000,0.246066,11.640074
6,230,0.000000,0.289392,11.903963
7,230,0.000000,0.189817,11.922254
8,230,0.000000,0.189538,12.118083
9,230,0.000000,0.223312,12.118083
10,230,0.000000,0.324684,11.838665
1,231,0.000000,0.045801,-0.516097
2,231,0.000000,0.040839,-0.516097
3,231,0.000000,0.067381,-0.516097
4,231,0.000000,0.003853,-0.778639
5,231,0.000000,0.037237,-0.751418
6,231,0.000000,0.037237,-0.751418
7,231,0.000000,0.037237,-0.751418
8,231,0.000000,0.082993,-0.430742
9,231,0.000000,0.082993,-0.398582
10,231,0.000000,0.082993,-0.776429
1,232,0.000000,0.463367,0.828609
2,232,0.000000,0.463367,0.828609
3,232,0.000000,0.467893,0.828609
4,232,0.000000,0.467893,0.828609
5,232,0.000000,0.467893,0.828609
6,232,0.000000,0.506334,1.052121
7,232,0.000000,0.465178,0.762921
8,232,0.000000,0.469753,0.839527
9,232,0.000000,0.480998,0.839527
10,232,0.000000,0.472613,0.839527
1,233,0.000000,0.259559,-5.957879
2,233,0.000000,0.322612,-5.810505
3,233,0.000000,0.301478,-5.804970
4,233,0.000000,0.301478,-5.751960
5,233,0.000000,0.301478,-5.751960
6,233,0.000000,0.292186,-5.751960
7,233,0.000000,0.321777,-5.751960
8,233,0.000000,0.321777,-5.751960
9,233,0.000000,0.294069,-5.751960
10,233,0.000000,0.294069,-5.704300
1,234,0.000000,-0.094034,-7.340319
2,234,0.000000,-0.066891,-7.339303
3,234,0.000000,-0.051866,-7.148059
4,234,0.000000,-0.052929,-7.062204
5,234,0.000000,-0.052929,-7.062204
6,234,0.000000,-0.087266,-7.668877
7,234,0.000000,-0.087266,-7.647554
8,234,0.000000,-0.110340,-7.643880
9,234,0.000000,-0.110340,-7.643880
10,234,0.000000,-0.108387,-7.650724
1,235,0.000000,-0.489445,-7.779763
2,235,0.000000,-0.483658,-7.919327
3,235,0.000000,-0.483658,-8.284984
4,235,0.000000,-0.483658,-8.284984
5,235,0.000000,-0.483658,-8.020614
6,235,0.000000,-0.483658,-8.020614
7,235,0.000000,-0.495035,-8.504778
8,235,0.000000,-0.509916,-8.703836
9,235,0.000000,-0.490111,-8.610959
10,235,0.000000,-0.525158,-8.842147
1,236,0.000000,-0.023007,1.232781
2,236,0.000000,-0.023007,1.232781
3,236,0.000000,-0.023007,1.232781
4,236,0.000000,0.002988,1.473784
5,236,0.000000,0.002988,1.473784
6,236,0.000000,0.002988,1.473784
7,236,0.000000,0.021291,1.842589
8,236,0.000000,0.021291,1.842589
9,236,0.000000,0.020583,1.703178
10,236,0.000000,-0.011959,1.300498
1,237,0.000000,0.329479,-9.647003
2,237,0.000000,0.329479,-9.647003
3,237,0.000000,0.329479,-9.647003
4,237,0.000000,0.325135,-9.395437
5,237,0.000000,0.354015,-9.297857
6,237,0.000000,0.354015,-9.453748
7,237,0.000000,0.332432,-9.501425
8,237,0.000000,0.300282,-9.604238
9,237,0.000000,0.300282,-9.604238
10,237,0.000000,0.300282,-9.604238
1,238,0.000000,0.102885,5.407023
2,238,0.000000,0.057714,5.595874
3,238,0.000000,0.083588,5.723637
4,238,0.000000,0.027036,5.919105
5,238,0.000000,0.022816,5.655790
6,238,0.000000,0.056556,5.829483
7,238,0.000000,0.056556,5.476094
8,238,0.000000,0.077583,5.718629
9,238,0.000000,0.112661,5.689976
10,238,0.000000,0.112661,5.465499
1,239,0.000000,-0.173126,2.727899
2,239,0.000000,-0.189868,2.931516
3,239,0.000000,-0.189868,2.412789
4,239,0.000000,-0.189868,2.585761
5,239,0.000000,-0.174238,2.962158
6,239,0.000000,-0.157172,2.770857
7,239,0.000000,-0.157172,3.111524
8,239,0.000000,-0.157172,2.794875
9,239,0.000000,-0.167607,2.794875
10,239,0.000000,-0.182165,2.642193
1,240,0.000000,-0.668789,-2.928647
2,240,0.000000,-0.680809,-3.005072
3,240,0.000000,-0.636487,-2.583531
4,240,0.000000,-0.656565,-2.886813
5,240,0.000000,-0.656565,-2.886813
6,240,0.000000,-0.648800,-2.661780
7,240,0.000000,-0.675033,-2.865041
8,240,0.000000,-0.678085,-2.865041
9,240,0.000000,-0.684551,-2.994384
10,240,0.000000,-0.661911,-2.850033
1,241,0.000000,-0.280445,-11.002904
2,241,0.000000,-0.280445,-11.002904
3,241,0.000000,-0.310168,-11.482146
4,241,0.000000,-0.305812,-11.181025
5,241,0.000000,-0.305812,-11.143532
6,241,0.000000,-0.288360,-11.050691
7,241,0.000000,-0.280687,-10.828524
8,241,0.000000,-0.283247,-10.909267
9,241,0.000000,-0.283247,-11.070306
10,241,0.000000,-0.283247,-11.070306
1,242,0.000000,-0.205952,0.731765
2,242,0.000000,-0.205952,0.764402
3,242,0.000000,-0.205952,0.764402
4,242,0.000000,-0.205952,0.764402
5,242,0.000000,-0.213180,0.635597
6,242,0.000000,-0.213180,0.635597
7,242,0.000000,-0.213180,0.693889
8,242,0.000000,-0.194014,0.923205
9,242,0.000000,-0.194014,0.923205
10,242,0.000000,-0.194014,0.852879
1,243,0.000000,-0.567543,8.321707
2,243,0.000000,-0.567543,8.321707
3,243,0.000000,-0.553242,8.690102
4,243,0.000000,-0.458353,8.007461
5,243,0.000000,-0.458353,8.073931
6,243,0.000000,-0.542382,8.072025
7,243,0.000000,-0.517899,8.072025
8,243,0.000000,-0.475887,8.072025
9,243,0.000000,-0.475887,8.132708
10,243,0.000000,-0.508922,8.211214
1,244,0.000000,-0.568976,0.007365
2,244,0.000000,-0.568976,0.007365
3,244,0.000000,-0.568976,0.007365
4,244,0.000000,-0.521736,0.065879
5,244,0.000000,-0.521736,0.020043
6,244,0.000000,-0.575793,-0.215119
7,244,0.000000,-0.554057,-0.128769
8,244,0.000000,-0.554057,-0.363761
9,244,0.000000,-0.579074,-0.675751
10,244,0.000000,-0.579074,-0.525711
1,245,0.000000,-0.648299,-10.321721
2,245,0.000000,-0.648299,-10.063005
3,245,0.000000,-0.642453,-10.151712
4,245,0.000000,-0.654180,-10.342324
5,245,0.000000,-0.707476,-10.340265
6,245,0.000000,-0.646453,-10.340265
7,245,0.000000,-0.654158,-10.340265
8,245,0.000000,-0.654158,-10.231282
9,245,0.000000,-0.672948,-10.358144
10,245,0.000000,-0.672948,-10.358144
1,246,0.000000,0.365286,-0.852881
2,246,0.000000,0.365286,-0.852881
3,246,0.000000,0.403940,-0.852881
4,246,0.000000,0.403940,-0.753484
5,246,0.000000,0.403940,-0.753484
6,246,0.000000,0.403940,-0.753484
7,246,0.000000,0.414379,-0.753484
8,246,0.000000,0.414379,-0.753484
9,246,0.000000,0.406140,-1.045914
10,246,0.000000,0.406385,-1.020509
1,247,0.000000,-0.901873,-1.632033
2,247,0.000000,-0.896844,-1.701354
3,247,0.000000,-0.896844,-1.914993
4,247,0.000000,-0.882296,-1.691644
5,247,0.000000,-0.839869,-0.558009
6,247,0.000000,-0.839869,-1.094361
7,247,0.000000,-0.847075,-1.613251
8,247,0.000000,-0.896338,-1.502061
9,247,0.000000,-0.844698,-1.196508
10,247,0.000000,-0.844698,-1.196508
1,248,0.000000,-0.104579,-0.690651
2,248,0.000000,-0.097854,-0.693818
3,248,0.000000,-0.118769,-0.743826
4,248,0.000000,-0.094524,-0.743826
5,248,0.000000,-0.082290,-0.809567
6,248,0.000000,-0.102373,-0.939121
7,248,0.000000,-0.102373,-0.939121
8,248,0.000000,-0.106721,-0.939121
9,248,0.000000,-0.126828,-0.939121
10,248,0.000000,-0.101106,-0.939121
1,249,0.000000,0.184684,-9.741169
2,249,0.000000,0.181271,-9.561926
3,249,0.000000,0.180611,-9.568324
4,249,0.000000,0.199473,-9.394993
5,249,0.000000,0.199473,-9.406032
6,249,0.000000,0.199473,-9.324205
7,249,0.000000,0.209316,-9.324205
8,249,0.000000,0.190378,-9.562590
9,249,0.000000,0.190378,-9.310845
10,249,0.000000,0.208369,-9.165525
1,250,0.000000,0.238930,-8.551555
2,250,0.000000,0.238930,-8.551555
3,250,0.000000,0.219045,-8.551555
4,250,0.000000,0.233271,-8.599205
5,250,0.000000,0.235816,-8.599205
6,250,0.000000,0.243289,-8.599205
7,250,0.000000,0.264229,-8.416838
8,250,0.000000,0.254699,-8.275293
9,250,0.000000,0.254699,-8.275293
10,250,0.000000,0.249518,-8.275293