alpha_abscissa,alpha_pdf,alpha_cdf,tau_abscissa,tau_pdf,tau_cdf,split
0.00283075,0.000283739,7.6771e-08,57.2701,0.00370255,0.0103943,All
0.00446521,0.0123038,6.22346e-06,57.6694,0.0041852,0.0119673,All
0.00609967,0.104036,8.21861e-05,58.0686,0.00471718,0.0137427,All
0.00773413,0.414579,0.000465471,58.4679,0.00530151,0.0157409,All
0.00936859,1.08664,0.00163575,58.8671,0.00594111,0.0179834,All
0.011003,2.19454,0.00425679,59.2664,0.00663877,0.0204927,All
0.0126375,3.72214,0.00903951,59.6656,0.00739704,0.0232925,All
0.014272,5.58164,0.0166057,60.0649,0.00821826,0.0264076,All
0.0159064,7.64717,0.0273978,60.4642,0.00910444,0.0298635,All
0.0175409,9.78528,0.041643,60.8634,0.0100572,0.0336864,All
0.0191753,11.8758,0.0593587,61.2627,0.0110778,0.0379032,All
0.0208098,13.8225,0.0803851,61.6619,0.0121669,0.0425411,All
0.0224443,15.5568,0.104427,62.0612,0.0133247,0.0476276,All
0.0240787,17.0359,0.131099,62.4604,0.0145507,0.05319,All
0.0257132,18.2395,0.159966,62.8597,0.015844,0.0592554,All
0.0273476,19.1647,0.190571,63.2589,0.0172027,0.0658502,All
0.0289821,19.8214,0.222467,63.6582,0.0186242,0.0730002,All
0.0306166,20.2287,0.25523,64.0574,0.0201053,0.0807296,All
0.032251,20.4106,0.28847,64.4567,0.0216419,0.0890617,All
0.0338855,20.394,0.321842,64.8559,0.023229,0.0980175,All
0.03552,20.2067,0.355044,65.2552,0.0248609,0.107616,All
0.0371544,19.8759,0.387818,65.6544,0.0265311,0.117874,All
0.0387889,19.4271,0.419952,66.0537,0.0282322,0.128805,All
0.0404233,18.8838,0.451272,66.4529,0.029956,0.140421,All
0.0420578,18.2671,0.481642,66.8522,0.0316939,0.152727,All
0.0436923,17.5958,0.510956,67.2514,0.0334362,0.165729,All
0.0453267,16.8859,0.53914,67.6507,0.0351731,0.179425,All
0.0469612,16.1515,0.566141,68.0499,0.036894,0.193813,All
0.0485956,15.4042,0.591931,68.4492,0.0385879,0.208882,All
0.0502301,14.6538,0.616495,68.8484,0.0402437,0.22462,All
0.0518646,13.9082,0.639836,69.2477,0.04185,0.24101,All
0.053499,13.1741,0.661966,69.6469,0.0433955,0.258029,All
0.0551335,12.4564,0.682909,70.0462,0.0448689,0.275652,All
0.0567679,11.7591,0.702696,70.4454,0.046259,0.293846,All
0.0584024,11.0854,0.721362,70.8447,0.0475553,0.312577,All
0.0600369,10.4372,0.738947,71.2439,0.0487475,0.331805,All
0.0616713,9.8162,0.755495,71.6432,0.0498261,0.351487,All
0.0633058,9.22314,0.771051,72.0424,0.0507824,0.371575,All
0.0649402,8.65847,0.78566,72.4417,0.0516083,0.39202,All
0.0665747,8.12225,0.79937,72.841,0.0522971,0.412767,All
0.0682092,7.61418,0.812227,73.2402,0.052843,0.43376,All
0.0698436,7.13376,0.824276,73.6395,0.0532412,0.454942,All
0.0714781,6.68027,0.835561,74.0387,0.0534883,0.476253,All
0.0731125,6.25289,0.846127,74.438,0.0535824,0.497632,All
0.074747,5.85065,0.856015,74.8372,0.0535224,0.519018,All
0.0763815,5.47253,0.865265,75.2365,0.053309,0.54035,All
0.0780159,5.11748,0.873917,75.6357,0.052944,0.561566,All
0.0796504,4.78439,0.882006,76.035,0.0524305,0.582606,All
0.0812848,4.47216,0.889568,76.4342,0.0517728,0.603412,All
0.0829193,4.17971,0.896636,76.8335,0.0509767,0.623928,All
0.0845538,3.90595,0.903241,77.2327,0.0500486,0.6441,All
0.0861882,3.64983,0.909414,77.632,0.0489963,0.663876,All
0.0878227,3.41034,0.915181,78.0312,0.0478285,0.683208,All
0.0894571,3.18649,0.92057,78.4305,0.0465544,0.702053,All
0.0910916,2.97733,0.925606,78.8297,0.0451841,0.720369,All
0.0927261,2.78195,0.930311,79.229,0.0437282,0.738121,All
0.0943605,2.59951,0.934707,79.6282,0.0421977,0.755276,All
0.095995,2.42917,0.938815,80.0275,0.0406039,0.771808,All
0.0976294,2.27017,0.942654,80.4267,0.0389581,0.787692,All
0.0992639,2.12177,0.946242,80.826,0.0372716,0.80291,All
0.100898,1.98328,0.949595,81.2252,0.0355558,0.817449,All
0.102533,1.85404,0.95273,81.6245,0.0338215,0.831299,All
0.104167,1.73345,0.95566,82.0237,0.0320795,0.844455,All
0.105802,1.62092,0.958401,82.423,0.0303398,0.856915,All
0.107436,1.51593,0.960963,82.8222,0.028612,0.868683,All
0.109071,1.41796,0.96336,83.2215,0.0269052,0.879765,All
0.110705,1.32654,0.965602,83.6207,0.0252276,0.890171,All
0.11234,1.24123,0.9677,84.02,0.0235866,0.899914,All
0.113974,1.16162,0.969663,84.4192,0.021989,0.909011,All
0.115609,1.08731,0.9715,84.8185,0.0204408,0.917479,All
0.117243,1.01795,0.97322,85.2178,0.018947,0.92534,All
0.118877,0.953197,0.97483,85.617,0.017512,0.932616,All
0.120512,0.892744,0.976338,86.0163,0.0161392,0.939331,All
0.122146,0.836295,0.97775,86.4155,0.0148312,0.945512,All
0.123781,0.783577,0.979074,86.8148,0.0135902,0.951183,All
0.125415,0.734337,0.980314,87.214,0.0124172,0.956373,All
0.12705,0.688339,0.981476,87.6133,0.0113129,0.961108,All
0.128684,0.64536,0.982566,88.0125,0.0102772,0.965415,All
0.130319,0.605197,0.983587,88.4118,0.00930953,0.969323,All
0.131953,0.567659,0.984545,88.811,0.00840874,0.972858,All
0.133588,0.532566,0.985444,89.2103,0.00757331,0.976046,All
0.135222,0.499755,0.986287,89.6095,0.00680129,0.978914,All
0.136856,0.46907,0.987079,90.0088,0.00609043,0.981485,All
0.138491,0.440369,0.987822,90.408,0.00543821,0.983785,All
0.140125,0.413517,0.988519,90.8073,0.00484189,0.985835,All
0.14176,0.388391,0.989175,91.2065,0.00429858,0.987658,All
0.143394,0.364874,0.98979,91.6058,0.00380528,0.989274,All
0.145029,0.342859,0.990368,92.005,0.00335892,0.990703,All
0.146663,0.322246,0.990912,92.4043,0.0029564,0.991962,All
0.148298,0.302942,0.991422,92.8035,0.00259464,0.993069,All
0.149932,0.284858,0.991902,93.2028,0.00227061,0.994039,All
0.151567,0.267916,0.992354,93.602,0.00198135,0.994886,All
0.153201,0.252038,0.992779,94.0013,0.00172397,0.995625,All
0.154836,0.237156,0.993179,94.4005,0.00149571,0.996267,All
0.15647,0.223203,0.993555,94.7998,0.00129395,0.996823,All
0.158104,0.210118,0.993909,95.199,0.00111619,0.997303,All
0.159739,0.197845,0.994242,95.5983,0.000960091,0.997717,All
0.161373,0.186331,0.994556,95.9975,0.000823448,0.998073,All
0.163008,0.175527,0.994851,96.3968,0.000704225,0.998377,All
0.164642,0.165386,0.99513,96.796,0.000600533,0.998637,All