   Tlag_pop;   1.00000;   0.40468;   0.07868;   0.00008;  -0.03516;       NaN;   0.00000;   0.00000;       NaN;       NaN;   0.00000;   0.00000
     ka_pop;   0.40468;   1.00000;   0.14111;   0.05222;  -0.10015;       NaN;   0.00000;   0.00000;       NaN;       NaN;   0.00000;   0.00000
      V_pop;   0.07868;   0.14111;   1.00000;   0.08294;  -0.13005;       NaN;   0.00000;   0.00000;       NaN;       NaN;   0.00000;   0.00000
  alpha_pop;   0.00008;   0.05222;   0.08294;   1.00000;  -0.98866;       NaN;   0.00000;   0.00000;       NaN;       NaN;   0.00000;   0.00000
   beta_pop;  -0.03516;  -0.10015;  -0.13005;  -0.98866;   1.00000;       NaN;   0.00000;   0.00000;       NaN;       NaN;   0.00000;   0.00000
 omega_Tlag;       NaN;       NaN;       NaN;       NaN;       NaN;       NaN;       NaN;       NaN;       NaN;       NaN;       NaN;       NaN
   omega_ka;   0.00000;   0.00000;   0.00000;   0.00000;   0.00000;       NaN;   1.00000;  -0.00034;       NaN;       NaN;   0.00746;  -0.03291
    omega_V;   0.00000;   0.00000;   0.00000;   0.00000;   0.00000;       NaN;  -0.00034;   1.00000;       NaN;       NaN;   0.00259;  -0.01892
omega_alpha;       NaN;       NaN;       NaN;       NaN;       NaN;       NaN;       NaN;       NaN;       NaN;       NaN;       NaN;       NaN
 omega_beta;       NaN;       NaN;       NaN;       NaN;       NaN;       NaN;       NaN;       NaN;       NaN;       NaN;       NaN;       NaN
          a;   0.00000;   0.00000;   0.00000;   0.00000;   0.00000;       NaN;   0.00746;   0.00259;       NaN;       NaN;   1.00000;  -0.79260
          b;   0.00000;   0.00000;   0.00000;   0.00000;   0.00000;       NaN;  -0.03291;  -0.01892;       NaN;       NaN;  -0.79260;   1.00000
