rep,id,p0,alpha,tau
1,1,0.223446,0.025380,69.128090
2,1,0.223446,0.025180,69.176267
3,1,0.223446,0.026204,69.176267
4,1,0.223446,0.024546,68.523424
5,1,0.223446,0.025483,69.281261
6,1,0.223446,0.025338,68.945754
7,1,0.223446,0.025270,69.110840
8,1,0.223446,0.024542,69.110840
9,1,0.223446,0.024334,68.924616
10,1,0.223446,0.026026,69.210058
1,2,0.223446,0.038444,71.989650
2,2,0.223446,0.038444,71.989650
3,2,0.223446,0.038458,71.825086
4,2,0.223446,0.038458,71.825086
5,2,0.223446,0.038458,71.825086
6,2,0.223446,0.036395,71.825086
7,2,0.223446,0.036991,71.825086
8,2,0.223446,0.036854,71.677592
9,2,0.223446,0.037634,71.983515
10,2,0.223446,0.038437,71.916405
1,3,0.223446,0.017419,69.957330
2,3,0.223446,0.018040,70.410866
3,3,0.223446,0.020003,70.312907
4,3,0.223446,0.019603,70.479653
5,3,0.223446,0.019315,70.168542
6,3,0.223446,0.018628,70.492460
7,3,0.223446,0.018063,71.099604
8,3,0.223446,0.017676,70.071915
9,3,0.223446,0.017161,70.071915
10,3,0.223446,0.017240,70.786491
1,4,0.223446,0.039396,60.997311
2,4,0.223446,0.039396,60.997311
3,4,0.223446,0.039544,60.997311
4,4,0.223446,0.039091,60.995047
5,4,0.223446,0.039152,61.029751
6,4,0.223446,0.039152,60.879352
7,4,0.223446,0.038050,60.879352
8,4,0.223446,0.039400,60.925519
9,4,0.223446,0.039400,60.925519
10,4,0.223446,0.038847,60.859285
1,5,0.223446,0.024927,73.972124
2,5,0.223446,0.024927,73.972124
3,5,0.223446,0.024874,73.707816
4,5,0.223446,0.024108,73.707816
5,5,0.223446,0.025094,73.707816
6,5,0.223446,0.024470,73.803444
7,5,0.223446,0.025873,73.800731
8,5,0.223446,0.026359,73.916037
9,5,0.223446,0.026359,73.916037
10,5,0.223446,0.026329,73.715605
1,6,0.223446,0.060940,58.796636
2,6,0.223446,0.058796,58.796636
3,6,0.223446,0.058796,59.019448
4,6,0.223446,0.060043,59.025324
5,6,0.223446,0.062965,59.012245
6,6,0.223446,0.063702,59.419782
7,6,0.223446,0.064570,59.262404
8,6,0.223446,0.066697,59.475377
9,6,0.223446,0.066697,59.475377
10,6,0.223446,0.065005,59.388203
1,7,0.223446,0.034526,60.985967
2,7,0.223446,0.034376,60.985967
3,7,0.223446,0.033053,60.611666
4,7,0.223446,0.033053,60.731249
5,7,0.223446,0.033053,60.731249
6,7,0.223446,0.032879,61.036757
7,7,0.223446,0.035610,61.442756
8,7,0.223446,0.035260,61.442756
9,7,0.223446,0.036084,61.322103
10,7,0.223446,0.036084,61.322103
1,8,0.223446,0.034921,56.475441
2,8,0.223446,0.034526,56.602996
3,8,0.223446,0.036110,56.602996
4,8,0.223446,0.036463,56.868471
5,8,0.223446,0.032662,56.820194
6,8,0.223446,0.033308,56.365095
7,8,0.223446,0.034538,56.365095
8,8,0.223446,0.035326,56.773982
9,8,0.223446,0.035044,56.492560
10,8,0.223446,0.033536,56.654092
1,9,0.223446,0.039006,62.035337
2,9,0.223446,0.037294,61.990708
3,9,0.223446,0.035948,61.860060
4,9,0.223446,0.039429,62.207749
5,9,0.223446,0.037554,62.045466
6,9,0.223446,0.037554,62.045466
7,9,0.223446,0.037359,62.045466
8,9,0.223446,0.037096,61.826215
9,9,0.223446,0.037096,61.826215
10,9,0.223446,0.037754,62.091512
1,10,0.223446,0.016802,73.437966
2,10,0.223446,0.016553,73.588730
3,10,0.223446,0.016730,74.127092
4,10,0.223446,0.016876,73.684009
5,10,0.223446,0.016574,73.529431
6,10,0.223446,0.015683,73.693380
7,10,0.223446,0.017502,73.544954
8,10,0.223446,0.017502,73.544954
9,10,0.223446,0.017502,73.589196
10,10,0.223446,0.017398,73.647830
1,11,0.223446,0.072872,64.004657
2,11,0.223446,0.065826,64.004657
3,11,0.223446,0.066060,63.639804
4,11,0.223446,0.073692,64.205883
5,11,0.223446,0.065765,64.033410
6,11,0.223446,0.063856,64.033410
7,11,0.223446,0.071559,63.761801
8,11,0.223446,0.070028,63.761801
9,11,0.223446,0.071748,64.122058
10,11,0.223446,0.066752,63.841731
1,12,0.223446,0.031179,73.485676
2,12,0.223446,0.030889,73.304516
3,12,0.223446,0.031573,73.477731
4,12,0.223446,0.029756,73.353395
5,12,0.223446,0.029661,73.670905
6,12,0.223446,0.029327,73.306682
7,12,0.223446,0.030675,73.263461
8,12,0.223446,0.030570,73.479415
9,12,0.223446,0.030140,73.557510
10,12,0.223446,0.029097,73.497285
1,13,0.223446,0.048113,68.930594
2,13,0.223446,0.048113,68.886223
3,13,0.223446,0.048113,68.886223
4,13,0.223446,0.048113,68.886223
5,13,0.223446,0.048113,68.886223
6,13,0.223446,0.048113,68.886223
7,13,0.223446,0.047892,68.780716
8,13,0.223446,0.047337,68.815683
9,13,0.223446,0.047337,68.815683
10,13,0.223446,0.047337,68.815683
1,14,0.223446,0.067004,66.996471
2,14,0.223446,0.067004,66.996471
3,14,0.223446,0.067056,66.844696
4,14,0.223446,0.066698,67.112045
5,14,0.223446,0.071252,66.908993
6,14,0.223446,0.064837,66.612943
7,14,0.223446,0.064837,66.612943
8,14,0.223446,0.064837,66.612943
9,14,0.223446,0.064837,66.752290
10,14,0.223446,0.069064,67.094486
1,15,0.223446,0.046001,79.943960
2,15,0.223446,0.038264,79.434043
3,15,0.223446,0.037417,79.465573
4,15,0.223446,0.037622,79.456655
5,15,0.223446,0.039419,79.558440
6,15,0.223446,0.042173,79.735383
7,15,0.223446,0.042173,79.671280
8,15,0.223446,0.040375,79.438332
9,15,0.223446,0.039971,79.711264
10,15,0.223446,0.039326,79.445577
1,16,0.223446,0.029710,56.584924
2,16,0.223446,0.030021,56.510317
3,16,0.223446,0.029046,56.423560
4,16,0.223446,0.029046,56.423560
5,16,0.223446,0.029046,56.317482
6,16,0.223446,0.029046,56.317482
7,16,0.223446,0.029046,56.317482
8,16,0.223446,0.029277,56.604710
9,16,0.223446,0.029565,56.459890
10,16,0.223446,0.029429,56.739506
1,17,0.223446,0.040748,69.928585
2,17,0.223446,0.040748,69.928585
3,17,0.223446,0.040748,69.928585
4,17,0.223446,0.040748,69.928585
5,17,0.223446,0.040748,69.953631
6,17,0.223446,0.040851,69.948681
7,17,0.223446,0.041550,69.772353
8,17,0.223446,0.040189,69.853330
9,17,0.223446,0.040189,69.853330
10,17,0.223446,0.040861,69.853330
1,18,0.223446,0.031393,55.780978
2,18,0.223446,0.031393,55.780978
3,18,0.223446,0.031156,55.576979
4,18,0.223446,0.030042,55.342654
5,18,0.223446,0.030042,55.342654
6,18,0.223446,0.030336,55.437718
7,18,0.223446,0.031102,55.748800
8,18,0.223446,0.030231,55.209859
9,18,0.223446,0.030231,55.569826
10,18,0.223446,0.030880,55.686290
1,19,0.223446,0.034031,74.500286
2,19,0.223446,0.033674,74.452380
3,19,0.223446,0.033637,74.477009
4,19,0.223446,0.033637,74.477009
5,19,0.223446,0.032616,74.254666
6,19,0.223446,0.032430,74.237589
7,19,0.223446,0.032255,73.946228
8,19,0.223446,0.032255,73.946228
9,19,0.223446,0.032255,73.946228
10,19,0.223446,0.032255,73.946228
1,20,0.223446,0.030695,62.240662
2,20,0.223446,0.030695,62.240662
3,20,0.223446,0.030695,62.240662
4,20,0.223446,0.030695,62.240662
5,20,0.223446,0.031290,62.394521
6,20,0.223446,0.030554,62.277038
7,20,0.223446,0.030554,62.277038
8,20,0.223446,0.030460,62.277038
9,20,0.223446,0.030460,62.087423
10,20,0.223446,0.029695,61.712625
1,21,0.223446,0.034000,64.657134
2,21,0.223446,0.034000,64.657134
3,21,0.223446,0.034808,64.696463
4,21,0.223446,0.034808,64.691773
5,21,0.223446,0.034808,64.533927
6,21,0.223446,0.034808,64.848906
7,21,0.223446,0.034796,64.465812
8,21,0.223446,0.034511,64.292504
9,21,0.223446,0.035425,64.715944
10,21,0.223446,0.035425,64.715944
1,22,0.223446,0.012707,74.886637
2,22,0.223446,0.010080,75.085761
3,22,0.223446,0.010236,74.974709
4,22,0.223446,0.010183,74.972426
5,22,0.223446,0.010900,75.845238
6,22,0.223446,0.011536,75.654879
7,22,0.223446,0.011074,75.010166
8,22,0.223446,0.009676,74.965491
9,22,0.223446,0.010536,74.696981
10,22,0.223446,0.010608,74.886340
1,23,0.223446,0.024741,66.724956
2,23,0.223446,0.024442,66.724956
3,23,0.223446,0.024442,66.651153
4,23,0.223446,0.023462,66.488920
5,23,0.223446,0.023520,66.091695
6,23,0.223446,0.023520,66.149693
7,23,0.223446,0.023520,66.149693
8,23,0.223446,0.023527,66.357182
9,23,0.223446,0.023527,66.353172
10,23,0.223446,0.022975,66.135432
1,24,0.223446,0.009751,73.388625
2,24,0.223446,0.009751,73.755040
3,24,0.223446,0.008474,73.610495
4,24,0.223446,0.009274,74.003596
5,24,0.223446,0.008830,74.185573
6,24,0.223446,0.010062,73.434043
7,24,0.223446,0.009708,73.354073
8,24,0.223446,0.009638,73.392530
9,24,0.223446,0.009239,73.528408
10,24,0.223446,0.009492,72.923235
1,25,0.223446,0.024239,72.796525
2,25,0.223446,0.024239,72.045811
3,25,0.223446,0.022299,72.099090
4,25,0.223446,0.024071,72.041773
5,25,0.223446,0.022737,72.113426
6,25,0.223446,0.023915,72.230748
7,25,0.223446,0.023915,72.230748
8,25,0.223446,0.023621,72.472885
9,25,0.223446,0.022721,72.400752
10,25,0.223446,0.023326,72.194240
1,26,0.223446,0.079535,73.450308
2,26,0.223446,0.079535,73.450308
3,26,0.223446,0.072925,73.450308
4,26,0.223446,0.079289,73.653617
5,26,0.223446,0.074546,73.653617
6,26,0.223446,0.067590,73.714941
7,26,0.223446,0.062767,73.714941
8,26,0.223446,0.063935,73.714941
9,26,0.223446,0.066925,73.714941
10,26,0.223446,0.061522,73.764438
1,27,0.223446,0.023105,66.018214
2,27,0.223446,0.023060,66.119543
3,27,0.223446,0.024026,66.119543
4,27,0.223446,0.024068,66.196096
5,27,0.223446,0.024078,66.196096
6,27,0.223446,0.022843,65.942858
7,27,0.223446,0.022780,65.662320
8,27,0.223446,0.022953,65.813638
9,27,0.223446,0.022838,65.686398
10,27,0.223446,0.022569,65.895517
1,28,0.223446,0.041183,70.323307
2,28,0.223446,0.041148,70.251205
3,28,0.223446,0.041148,70.399466
4,28,0.223446,0.041033,70.399466
5,28,0.223446,0.041033,70.399466
6,28,0.223446,0.041033,70.399466
7,28,0.223446,0.040530,70.185033
8,28,0.223446,0.040530,70.350013
9,28,0.223446,0.040530,70.350013
10,28,0.223446,0.040606,70.256916
1,29,0.223446,0.057744,77.115278
2,29,0.223446,0.057744,77.115278
3,29,0.223446,0.057744,77.174689
4,29,0.223446,0.057744,77.174689
5,29,0.223446,0.057744,77.174689
6,29,0.223446,0.057744,77.174689
7,29,0.223446,0.058216,77.081021
8,29,0.223446,0.059271,77.265343
9,29,0.223446,0.059271,77.265343
10,29,0.223446,0.059271,77.248724
1,30,0.223446,0.020620,64.861621
2,30,0.223446,0.020620,64.861621
3,30,0.223446,0.020620,64.774473
4,30,0.223446,0.020492,65.007150
5,30,0.223446,0.020392,65.156610
6,30,0.223446,0.020130,64.787456
7,30,0.223446,0.020566,64.787456
8,30,0.223446,0.020566,64.878232
9,30,0.223446,0.020717,64.790958
10,30,0.223446,0.021246,65.413838
1,31,0.223446,0.049899,63.046102
2,31,0.223446,0.049899,63.046102
3,31,0.223446,0.049773,63.046102
4,31,0.223446,0.051439,63.046102
5,31,0.223446,0.051439,63.046102
6,31,0.223446,0.050861,63.009315
7,31,0.223446,0.050861,63.009315
8,31,0.223446,0.050617,62.875821
9,31,0.223446,0.049507,62.771930
10,31,0.223446,0.050806,62.761365
1,32,0.223446,0.044633,70.954595
2,32,0.223446,0.043372,70.954595
3,32,0.223446,0.044321,70.805300
4,32,0.223446,0.043181,70.925542
5,32,0.223446,0.043614,70.729663
6,32,0.223446,0.044263,70.729663
7,32,0.223446,0.044960,70.668273
8,32,0.223446,0.044665,70.875273
9,32,0.223446,0.044665,70.875273
10,32,0.223446,0.044498,71.183501
1,33,0.223446,0.023499,70.569217
2,33,0.223446,0.023916,70.489038
3,33,0.223446,0.023573,70.413262
4,33,0.223446,0.023270,70.287558
5,33,0.223446,0.023270,70.367765
6,33,0.223446,0.023838,70.656336
7,33,0.223446,0.024222,70.619101
8,33,0.223446,0.024222,70.610013
9,33,0.223446,0.023705,70.610013
10,33,0.223446,0.024036,70.561766
1,34,0.223446,0.036125,64.561204
2,34,0.223446,0.036125,64.982332
3,34,0.223446,0.036439,64.982332
4,34,0.223446,0.036190,64.933542
5,34,0.223446,0.036190,64.963323
6,34,0.223446,0.036190,64.963323
7,34,0.223446,0.036190,64.932023
8,34,0.223446,0.036190,64.932023
9,34,0.223446,0.036742,65.103905
10,34,0.223446,0.037052,64.889988
1,35,0.223446,0.034301,71.556915
2,35,0.223446,0.034922,71.426510
3,35,0.223446,0.034922,71.519122
4,35,0.223446,0.034922,71.519122
5,35,0.223446,0.034544,71.594514
6,35,0.223446,0.034544,71.594514
7,35,0.223446,0.034237,71.594514
8,35,0.223446,0.036015,71.594514
9,35,0.223446,0.036015,71.594514
10,35,0.223446,0.035778,71.608619
1,36,0.223446,0.030215,66.159937
2,36,0.223446,0.030215,66.159937
3,36,0.223446,0.029862,66.067958
4,36,0.223446,0.029546,65.920181
5,36,0.223446,0.029546,65.920181
6,36,0.223446,0.029255,66.188169
7,36,0.223446,0.028438,65.845707
8,36,0.223446,0.030206,65.826208
9,36,0.223446,0.029624,65.667912
10,36,0.223446,0.029142,65.525917
1,37,0.223446,0.021262,60.872353
2,37,0.223446,0.022641,61.273602
3,37,0.223446,0.022613,61.211110
4,37,0.223446,0.022613,61.211110
5,37,0.223446,0.022613,61.171444
6,37,0.223446,0.021345,60.977133
7,37,0.223446,0.022088,61.102257
8,37,0.223446,0.022015,61.066375
9,37,0.223446,0.022015,61.066375
10,37,0.223446,0.022015,61.066375
1,38,0.223446,0.058759,66.454377
2,38,0.223446,0.061082,66.485118
3,38,0.223446,0.060707,66.666209
4,38,0.223446,0.061754,66.706920
5,38,0.223446,0.061754,66.264235
6,38,0.223446,0.061348,66.357071
7,38,0.223446,0.061348,66.277565
8,38,0.223446,0.062069,66.696078
9,38,0.223446,0.062299,66.566177
10,38,0.223446,0.061972,66.604086
1,39,0.223446,0.029104,70.412318
2,39,0.223446,0.029104,70.412318
3,39,0.223446,0.028681,70.170018
4,39,0.223446,0.029251,70.438135
5,39,0.223446,0.030237,70.553671
6,39,0.223446,0.028737,70.171832
7,39,0.223446,0.027760,70.086333
8,39,0.223446,0.027760,70.194562
9,39,0.223446,0.027760,70.194562
10,39,0.223446,0.028476,70.515642
1,40,0.223446,0.056751,63.900011
2,40,0.223446,0.056657,63.900011
3,40,0.223446,0.056657,63.900011
4,40,0.223446,0.057646,63.900011
5,40,0.223446,0.058247,63.930358
6,40,0.223446,0.058527,63.947503
7,40,0.223446,0.058527,63.947503
8,40,0.223446,0.057836,63.883427
9,40,0.223446,0.057836,63.883427
10,40,0.223446,0.057296,64.007578
1,41,0.223446,0.022015,66.933612
2,41,0.223446,0.021965,66.898443
3,41,0.223446,0.022396,66.898443
4,41,0.223446,0.022435,66.737150
5,41,0.223446,0.022061,66.909657
6,41,0.223446,0.022561,67.119208
7,41,0.223446,0.022812,67.045432
8,41,0.223446,0.021860,66.807730
9,41,0.223446,0.022542,67.030488
10,41,0.223446,0.022176,66.926252
1,42,0.223446,0.078929,68.584979
2,42,0.223446,0.076870,68.438547
3,42,0.223446,0.077466,68.505732
4,42,0.223446,0.079797,68.772395
5,42,0.223446,0.076781,68.401691
6,42,0.223446,0.075539,68.401691
7,42,0.223446,0.075539,68.401691
8,42,0.223446,0.075539,68.401691
9,42,0.223446,0.075200,68.422394
10,42,0.223446,0.075200,68.422394
1,43,0.223446,0.050091,70.335091
2,43,0.223446,0.050091,70.335091
3,43,0.223446,0.050091,70.335091
4,43,0.223446,0.050091,70.335091
5,43,0.223446,0.050862,70.335091
6,43,0.223446,0.048722,70.077009
7,43,0.223446,0.048722,70.077009
8,43,0.223446,0.047660,70.091147
9,43,0.223446,0.047660,70.043207
10,43,0.223446,0.046433,69.920557
1,44,0.223446,0.034391,58.250004
2,44,0.223446,0.034642,58.245968
3,44,0.223446,0.034642,58.245968
4,44,0.223446,0.034642,58.234146
5,44,0.223446,0.034642,58.166597
6,44,0.223446,0.033806,58.113945
7,44,0.223446,0.034457,58.121474
8,44,0.223446,0.034457,58.121474
9,44,0.223446,0.033997,58.062998
10,44,0.223446,0.034170,58.062998
1,45,0.223446,0.052094,69.955783
2,45,0.223446,0.052094,69.913534
3,45,0.223446,0.052137,69.913534
4,45,0.223446,0.052137,70.029333
5,45,0.223446,0.052137,70.029333
6,45,0.223446,0.052137,70.029333
7,45,0.223446,0.050544,69.933893
8,45,0.223446,0.051599,70.034460
9,45,0.223446,0.051599,70.034460
10,45,0.223446,0.050426,69.777444
1,46,0.223446,0.037201,65.828503
2,46,0.223446,0.037201,65.828503
3,46,0.223446,0.037201,65.828503
4,46,0.223446,0.037201,65.845409
5,46,0.223446,0.037201,65.845409
6,46,0.223446,0.036329,65.845409
7,46,0.223446,0.037583,65.845409
8,46,0.223446,0.037583,65.878733
9,46,0.223446,0.037583,66.011606
10,46,0.223446,0.037583,66.011606
1,47,0.223446,0.048409,69.837471
2,47,0.223446,0.048409,69.837471
3,47,0.223446,0.049441,69.837471
4,47,0.223446,0.048327,69.913489
5,47,0.223446,0.048327,69.913489
6,47,0.223446,0.048327,69.913489
7,47,0.223446,0.048327,69.913489
8,47,0.223446,0.048327,69.913489
9,47,0.223446,0.047300,69.753549
10,47,0.223446,0.048178,69.806443
1,48,0.223446,0.021661,72.290722
2,48,0.223446,0.022381,72.250545
3,48,0.223446,0.022381,72.250545
4,48,0.223446,0.022730,72.232002
5,48,0.223446,0.023602,72.503304
6,48,0.223446,0.021316,72.503304
7,48,0.223446,0.022723,72.503304
8,48,0.223446,0.022723,72.503304
9,48,0.223446,0.022911,72.503304
10,48,0.223446,0.021812,72.212262
1,49,0.223446,0.052881,73.644789
2,49,0.223446,0.051878,73.644789
3,49,0.223446,0.052028,73.796890
4,49,0.223446,0.051098,73.717401
5,49,0.223446,0.050932,73.576292
6,49,0.223446,0.046391,73.576292
7,49,0.223446,0.046987,73.576292
8,49,0.223446,0.043654,73.566416
9,49,0.223446,0.043928,73.620568
10,49,0.223446,0.045142,73.555832
1,50,0.223446,0.054340,70.262869
2,50,0.223446,0.056566,70.309328
3,50,0.223446,0.055629,70.332662
4,50,0.223446,0.055035,70.208049
5,50,0.223446,0.055898,70.351878
6,50,0.223446,0.055898,70.351878
7,50,0.223446,0.055568,70.220911
8,50,0.223446,0.055568,70.388400
9,50,0.223446,0.055992,70.388400
10,50,0.223446,0.055992,70.388400
1,51,0.223446,0.034252,66.518389
2,51,0.223446,0.034252,66.518389
3,51,0.223446,0.034252,66.518389
4,51,0.223446,0.034252,66.518389
5,51,0.223446,0.034252,66.518389
6,51,0.223446,0.033215,66.557103
7,51,0.223446,0.033631,66.557103
8,51,0.223446,0.033631,66.557103
9,51,0.223446,0.033360,66.413623
10,51,0.223446,0.033510,66.413623
1,52,0.223446,0.047077,65.239044
2,52,0.223446,0.047077,65.114185
3,52,0.223446,0.045345,65.114185
4,52,0.223446,0.045345,65.114185
5,52,0.223446,0.045345,65.114185
6,52,0.223446,0.045345,65.114185
7,52,0.223446,0.047325,65.114185
8,52,0.223446,0.047325,65.114185
9,52,0.223446,0.047325,65.416172
10,52,0.223446,0.047325,65.202250
1,53,0.223446,0.047972,65.525065
2,53,0.223446,0.047972,65.525065
3,53,0.223446,0.046932,65.252363
4,53,0.223446,0.046963,65.401470
5,53,0.223446,0.046963,65.401470
6,53,0.223446,0.048684,65.626473
7,53,0.223446,0.048684,65.626473
8,53,0.223446,0.047235,65.307468
9,53,0.223446,0.046631,65.234523
10,53,0.223446,0.046631,65.234523
1,54,0.223446,0.029869,71.860303
2,54,0.223446,0.029869,71.718127
3,54,0.223446,0.029766,71.718127
4,54,0.223446,0.029766,71.718127
5,54,0.223446,0.029492,71.598047
6,54,0.223446,0.029660,71.850152
7,54,0.223446,0.029660,71.850152
8,54,0.223446,0.029660,71.850152
9,54,0.223446,0.030063,71.850152
10,54,0.223446,0.029720,71.726945
1,55,0.223446,0.058120,62.467340
2,55,0.223446,0.056649,62.223829
3,55,0.223446,0.055596,62.374073
4,55,0.223446,0.055995,62.224729
5,55,0.223446,0.055447,62.223206
6,55,0.223446,0.055447,62.223206
7,55,0.223446,0.055625,62.223206
8,55,0.223446,0.055672,62.262032
9,55,0.223446,0.055672,62.262032
10,55,0.223446,0.056246,62.379252
1,56,0.223446,0.048897,70.220753
2,56,0.223446,0.048897,69.904048
3,56,0.223446,0.048813,70.007304
4,56,0.223446,0.049630,70.401886
5,56,0.223446,0.050320,70.005767
6,56,0.223446,0.049266,70.017675
7,56,0.223446,0.049266,70.017675
8,56,0.223446,0.051952,69.996803
9,56,0.223446,0.052380,70.314258
10,56,0.223446,0.053783,70.552586
1,57,0.223446,0.032822,68.873873
2,57,0.223446,0.032822,68.873873
3,57,0.223446,0.032526,68.971014
4,57,0.223446,0.032526,68.971014
5,57,0.223446,0.032550,68.971014
6,57,0.223446,0.032550,68.971014
7,57,0.223446,0.033170,68.971014
8,57,0.223446,0.033170,68.971014
9,57,0.223446,0.033170,69.095647
10,57,0.223446,0.033170,69.095647
1,58,0.223446,0.018654,58.751657
2,58,0.223446,0.018434,58.885967
3,58,0.223446,0.018269,58.418802
4,58,0.223446,0.017875,58.418802
5,58,0.223446,0.018856,58.787775
6,58,0.223446,0.017932,58.787775
7,58,0.223446,0.018270,58.180882
8,58,0.223446,0.018031,58.147586
9,58,0.223446,0.017755,58.274973
10,58,0.223446,0.018495,58.587454
1,59,0.223446,0.034977,75.945467
2,59,0.223446,0.035192,75.756173
3,59,0.223446,0.035192,75.756173
4,59,0.223446,0.034826,76.064008
5,59,0.223446,0.035683,76.064008
6,59,0.223446,0.035091,75.932128
7,59,0.223446,0.035091,75.932128
8,59,0.223446,0.035091,75.904351
9,59,0.223446,0.035850,75.874047
10,59,0.223446,0.035850,75.791062
1,60,0.223446,0.059292,71.100669
2,60,0.223446,0.059292,71.423316
3,60,0.223446,0.059292,71.195434
4,60,0.223446,0.059292,71.382629
5,60,0.223446,0.059934,71.382629
6,60,0.223446,0.059934,71.382629
7,60,0.223446,0.060348,71.253278
8,60,0.223446,0.058171,71.253278
9,60,0.223446,0.060632,71.339342
10,60,0.223446,0.061931,71.339800
1,61,0.223446,0.053621,62.793728
2,61,0.223446,0.054724,62.793728
3,61,0.223446,0.054363,62.794823
4,61,0.223446,0.054363,62.794823
5,61,0.223446,0.053067,62.790989
6,61,0.223446,0.053067,62.790989
7,61,0.223446,0.055165,62.727781
8,61,0.223446,0.051815,62.811548
9,61,0.223446,0.051815,62.811548
10,61,0.223446,0.050099,62.522511
1,62,0.223446,0.067875,81.030079
2,62,0.223446,0.069060,81.030079
3,62,0.223446,0.071354,81.030079
4,62,0.223446,0.071354,81.030079
5,62,0.223446,0.071354,81.094110
6,62,0.223446,0.071354,81.094110
7,62,0.223446,0.071354,81.003872
8,62,0.223446,0.067739,80.731965
9,62,0.223446,0.067957,81.092080
10,62,0.223446,0.067957,81.022429
1,63,0.223446,0.017011,62.149546
2,63,0.223446,0.016765,62.208942
3,63,0.223446,0.016524,61.400993
4,63,0.223446,0.016224,61.496737
5,63,0.223446,0.016224,61.498863
6,63,0.223446,0.016305,61.683898
7,63,0.223446,0.016555,61.777942
8,63,0.223446,0.016834,61.777942
9,63,0.223446,0.016834,61.975246
10,63,0.223446,0.016521,61.863247
1,64,0.223446,0.032616,70.296179
2,64,0.223446,0.032278,70.530094
3,64,0.223446,0.032278,70.530094
4,64,0.223446,0.032603,70.524915
5,64,0.223446,0.032543,70.597050
6,64,0.223446,0.032543,71.010940
7,64,0.223446,0.032462,70.167788
8,64,0.223446,0.033730,70.458304
9,64,0.223446,0.033450,70.458304
10,64,0.223446,0.033064,70.512253
1,65,0.223446,0.031347,77.349310
2,65,0.223446,0.031347,77.537980
3,65,0.223446,0.031347,77.537980
4,65,0.223446,0.033566,77.666830
5,65,0.223446,0.033566,77.666830
6,65,0.223446,0.033828,78.164829
7,65,0.223446,0.031816,77.809041
8,65,0.223446,0.031816,77.714072
9,65,0.223446,0.032623,77.714072
10,65,0.223446,0.032623,77.714072
1,66,0.223446,0.055434,70.395300
2,66,0.223446,0.056794,70.292265
3,66,0.223446,0.056235,70.329901
4,66,0.223446,0.056235,70.329901
5,66,0.223446,0.057839,70.557824
6,66,0.223446,0.057839,70.557824
7,66,0.223446,0.056990,70.205517
8,66,0.223446,0.056400,70.578007
9,66,0.223446,0.058072,70.532555
10,66,0.223446,0.056424,70.503150
1,67,0.223446,0.036224,83.004691
2,67,0.223446,0.036888,82.830538
3,67,0.223446,0.039048,82.513657
4,67,0.223446,0.038633,83.347246
5,67,0.223446,0.034544,83.150772
6,67,0.223446,0.035755,82.843555
7,67,0.223446,0.039086,83.115810
8,67,0.223446,0.036033,83.210676
9,67,0.223446,0.032223,83.966264
10,67,0.223446,0.033450,84.432833
1,68,0.223446,0.019249,72.438608
2,68,0.223446,0.019249,72.438608
3,68,0.223446,0.019018,72.481668
4,68,0.223446,0.019018,72.481668
5,68,0.223446,0.019811,72.576191
6,68,0.223446,0.019811,72.975818
7,68,0.223446,0.018948,72.248911
8,68,0.223446,0.019184,72.384631
9,68,0.223446,0.018912,72.673345
10,68,0.223446,0.019430,73.067797
1,69,0.223446,0.025702,74.468649
2,69,0.223446,0.024439,74.235868
3,69,0.223446,0.023285,73.876106
4,69,0.223446,0.023285,73.856255
5,69,0.223446,0.023712,73.818487
6,69,0.223446,0.023712,73.818487
7,69,0.223446,0.024064,73.898696
8,69,0.223446,0.024064,73.898696
9,69,0.223446,0.024562,74.201566
10,69,0.223446,0.024562,74.408364
1,70,0.223446,0.018433,72.997958
2,70,0.223446,0.018395,72.997958
3,70,0.223446,0.019162,73.170586
4,70,0.223446,0.017430,73.170586
5,70,0.223446,0.017430,72.190142
6,70,0.223446,0.018108,72.350780
7,70,0.223446,0.018108,72.464305
8,70,0.223446,0.018108,72.237893
9,70,0.223446,0.018108,72.332862
10,70,0.223446,0.018663,72.806678
1,71,0.223446,0.013015,73.501333
2,71,0.223446,0.014016,73.104176
3,71,0.223446,0.012881,73.426953
4,71,0.223446,0.013648,72.867545
5,71,0.223446,0.013184,72.699493
6,71,0.223446,0.013422,72.870475
7,71,0.223446,0.012676,73.037359
8,71,0.223446,0.014426,72.923179
9,71,0.223446,0.014009,72.509848
10,71,0.223446,0.012136,72.613410
1,72,0.223446,0.014457,64.459193
2,72,0.223446,0.014436,64.500750
3,72,0.223446,0.014436,64.500750
4,72,0.223446,0.014263,64.584298
5,72,0.223446,0.014494,64.092009
6,72,0.223446,0.014314,64.146718
7,72,0.223446,0.014314,64.396030
8,72,0.223446,0.015364,64.632306
9,72,0.223446,0.014436,64.627132
10,72,0.223446,0.014436,64.492995
1,73,0.223446,0.034472,68.288395
2,73,0.223446,0.033271,68.020196
3,73,0.223446,0.033271,68.020196
4,73,0.223446,0.034109,68.278652
5,73,0.223446,0.034013,68.458077
6,73,0.223446,0.033955,68.455971
7,73,0.223446,0.034223,68.455971
8,73,0.223446,0.033540,67.991068
9,73,0.223446,0.035769,68.694819
10,73,0.223446,0.035932,68.574263
1,74,0.223446,0.038944,74.472582
2,74,0.223446,0.039450,74.472582
3,74,0.223446,0.039450,74.584197
4,74,0.223446,0.039114,74.636174
5,74,0.223446,0.038119,74.469344
6,74,0.223446,0.039001,74.462367
7,74,0.223446,0.039001,74.462367
8,74,0.223446,0.039001,74.462367
9,74,0.223446,0.039394,74.353460
10,74,0.223446,0.039394,74.387235
1,75,0.223446,0.015822,68.135308
2,75,0.223446,0.015822,68.003035
3,75,0.223446,0.015822,68.003035
4,75,0.223446,0.015711,67.956519
5,75,0.223446,0.015501,67.698573
6,75,0.223446,0.016165,67.849224
7,75,0.223446,0.015159,67.220022
8,75,0.223446,0.014815,67.408527
9,75,0.223446,0.015510,67.493790
10,75,0.223446,0.015510,67.898247
1,76,0.223446,0.035802,72.087523
2,76,0.223446,0.036630,71.785320
3,76,0.223446,0.037106,71.869300
4,76,0.223446,0.037767,71.636617
5,76,0.223446,0.041414,71.818040
6,76,0.223446,0.037175,72.390375
7,76,0.223446,0.033934,72.167634
8,76,0.223446,0.036182,72.056087
9,76,0.223446,0.035724,72.274862
10,76,0.223446,0.033468,72.509050
1,77,0.223446,0.040020,61.215241
2,77,0.223446,0.040020,61.386558
3,77,0.223446,0.040020,61.386558
4,77,0.223446,0.040020,60.982853
5,77,0.223446,0.040800,61.488917
6,77,0.223446,0.040800,61.467402
7,77,0.223446,0.040800,61.382008
8,77,0.223446,0.041435,61.268611
9,77,0.223446,0.042147,61.394670
10,77,0.223446,0.040608,61.418300
1,78,0.223446,0.056589,74.658805
2,78,0.223446,0.058594,74.788297
3,78,0.223446,0.058040,74.794300
4,78,0.223446,0.058660,74.862901
5,78,0.223446,0.058660,74.862901
6,78,0.223446,0.058131,74.694801
7,78,0.223446,0.055903,74.696318
8,78,0.223446,0.055472,74.559332
9,78,0.223446,0.055472,74.247996
10,78,0.223446,0.051913,74.247791
1,79,0.223446,0.020684,65.344541
2,79,0.223446,0.020327,65.344541
3,79,0.223446,0.020327,65.258172
4,79,0.223446,0.020327,65.258172
5,79,0.223446,0.020019,65.258172
6,79,0.223446,0.019906,65.167107
7,79,0.223446,0.019901,64.931927
8,79,0.223446,0.019516,65.006733
9,79,0.223446,0.019516,64.905561
10,79,0.223446,0.019274,64.607242
1,80,0.223446,0.032438,88.221253
2,80,0.223446,0.038279,87.045952
3,80,0.223446,0.044284,86.584752
4,80,0.223446,0.035824,87.016107
5,80,0.223446,0.030933,87.332791
6,80,0.223446,0.033452,86.567127
7,80,0.223446,0.034067,85.985399
8,80,0.223446,0.039836,86.437138
9,80,0.223446,0.037821,84.987180
10,80,0.223446,0.038960,85.351749
1,81,0.223446,0.021584,61.106698
2,81,0.223446,0.021846,61.376199
3,81,0.223446,0.021846,61.663923
4,81,0.223446,0.021628,61.385579
5,81,0.223446,0.021713,61.435478
6,81,0.223446,0.021713,61.277326
7,81,0.223446,0.020985,61.012027
8,81,0.223446,0.019441,60.121536
9,81,0.223446,0.018979,60.258072
10,81,0.223446,0.019310,60.100402
1,82,0.223446,0.024301,69.202368
2,82,0.223446,0.023628,68.933060
3,82,0.223446,0.022516,69.059487
4,82,0.223446,0.023029,68.985103
5,82,0.223446,0.023079,68.827917
6,82,0.223446,0.023079,68.827917
7,82,0.223446,0.023958,68.955616
8,82,0.223446,0.023958,68.903988
9,82,0.223446,0.022691,68.908708
10,82,0.223446,0.022125,68.908708
1,83,0.223446,0.021821,68.854415
2,83,0.223446,0.023886,68.943448
3,83,0.223446,0.026168,68.909824
4,83,0.223446,0.022023,68.574959
5,83,0.223446,0.021532,68.614790
6,83,0.223446,0.021532,68.395380
7,83,0.223446,0.021843,68.468735
8,83,0.223446,0.023347,68.626152
9,83,0.223446,0.023266,68.737076
10,83,0.223446,0.022361,68.737076
1,84,0.223446,0.019784,60.658707
2,84,0.223446,0.019309,60.841656
3,84,0.223446,0.019309,60.841656
4,84,0.223446,0.018659,60.129427
5,84,0.223446,0.018659,60.303925
6,84,0.223446,0.017739,59.901463
7,84,0.223446,0.017739,59.514722
8,84,0.223446,0.017407,59.581195
9,84,0.223446,0.017407,59.571283
10,84,0.223446,0.018989,60.592171
1,85,0.223446,0.012794,67.304429
2,85,0.223446,0.012813,67.085135
3,85,0.223446,0.012429,67.494705
4,85,0.223446,0.012756,67.540364
5,85,0.223446,0.012527,67.044361
6,85,0.223446,0.012527,66.964056
7,85,0.223446,0.012270,67.231251
8,85,0.223446,0.012611,66.790538
9,85,0.223446,0.011453,66.132168
10,85,0.223446,0.010344,65.953330
1,86,0.223446,0.041988,73.362471
2,86,0.223446,0.041988,73.362471
3,86,0.223446,0.041988,73.306006
4,86,0.223446,0.040646,73.145941
5,86,0.223446,0.042864,73.515224
6,86,0.223446,0.043355,73.519450
7,86,0.223446,0.042998,73.519450
8,86,0.223446,0.042998,73.519450
9,86,0.223446,0.042039,73.334186
10,86,0.223446,0.042039,73.333859
1,87,0.223446,0.054007,62.042068
2,87,0.223446,0.056577,62.042068
3,87,0.223446,0.056577,62.167087
4,87,0.223446,0.056577,62.151318
5,87,0.223446,0.059873,62.216123
6,87,0.223446,0.056612,62.144421
7,87,0.223446,0.055823,62.127759
8,87,0.223446,0.053353,62.222189
9,87,0.223446,0.053353,62.222189
10,87,0.223446,0.062496,62.260790
1,88,0.223446,0.031082,68.612837
2,88,0.223446,0.031082,68.612837
3,88,0.223446,0.029999,68.176741
4,88,0.223446,0.029671,68.366863
5,88,0.223446,0.029860,68.376173
6,88,0.223446,0.029997,68.315105
7,88,0.223446,0.029614,68.299594
8,88,0.223446,0.029614,68.299594
9,88,0.223446,0.029614,68.299594
10,88,0.223446,0.028219,67.841940
1,89,0.223446,0.029520,56.150354
2,89,0.223446,0.029618,56.252049
3,89,0.223446,0.029618,56.265926
4,89,0.223446,0.029618,56.265926
5,89,0.223446,0.029618,56.265926
6,89,0.223446,0.029618,56.257293
7,89,0.223446,0.028848,56.057203
8,89,0.223446,0.028848,56.057203
9,89,0.223446,0.028848,55.989830
10,89,0.223446,0.028544,55.797419
1,90,0.223446,0.042849,76.880716
2,90,0.223446,0.041769,76.941002
3,90,0.223446,0.045698,77.067549
4,90,0.223446,0.045698,77.067549
5,90,0.223446,0.045384,77.019557
6,90,0.223446,0.044625,77.019557
7,90,0.223446,0.047727,77.019557
8,90,0.223446,0.042366,76.978341
9,90,0.223446,0.045329,76.924753
10,90,0.223446,0.043938,76.822527
1,91,0.223446,0.024489,78.108703
2,91,0.223446,0.026067,78.006347
3,91,0.223446,0.025444,77.662945
4,91,0.223446,0.025079,78.081286
5,91,0.223446,0.023642,78.165415
6,91,0.223446,0.024501,77.406180
7,91,0.223446,0.027791,77.012400
8,91,0.223446,0.028907,77.189706
9,91,0.223446,0.029777,77.087403
10,91,0.223446,0.028902,76.790532
1,92,0.223446,0.019528,59.870437
2,92,0.223446,0.019736,59.983824
3,92,0.223446,0.019736,59.983824
4,92,0.223446,0.019668,59.871143
5,92,0.223446,0.019668,59.871143
6,92,0.223446,0.019668,60.025638
7,92,0.223446,0.019593,59.790411
8,92,0.223446,0.019699,59.942774
9,92,0.223446,0.019255,59.809984
10,92,0.223446,0.019908,60.134616
1,93,0.223446,0.027652,59.613106
2,93,0.223446,0.028429,59.613106
3,93,0.223446,0.028429,59.613106
4,93,0.223446,0.028429,59.639812
5,93,0.223446,0.028429,59.639812
6,93,0.223446,0.027633,59.216024
7,93,0.223446,0.027808,59.533845
8,93,0.223446,0.027808,59.533845
9,93,0.223446,0.028099,59.428576
10,93,0.223446,0.027842,59.428576
1,94,0.223446,0.030517,77.431654
2,94,0.223446,0.031590,77.393721
3,94,0.223446,0.031590,77.628017
4,94,0.223446,0.033040,77.990758
5,94,0.223446,0.034639,78.030834
6,94,0.223446,0.034639,78.030834
7,94,0.223446,0.034639,78.192705
8,94,0.223446,0.034639,77.824426
9,94,0.223446,0.033889,77.704708
10,94,0.223446,0.031481,77.415351
1,95,0.223446,0.028787,62.705525
2,95,0.223446,0.028610,62.705525
3,95,0.223446,0.028610,62.705525
4,95,0.223446,0.028753,62.652901
5,95,0.223446,0.028753,62.652901
6,95,0.223446,0.028753,62.652901
7,95,0.223446,0.028753,62.652901
8,95,0.223446,0.028753,62.652901
9,95,0.223446,0.028753,62.652901
10,95,0.223446,0.028753,62.652901
1,96,0.223446,0.037488,64.905519
2,96,0.223446,0.036944,64.856443
3,96,0.223446,0.036469,64.710719
4,96,0.223446,0.037159,65.031834
5,96,0.223446,0.037412,64.985775
6,96,0.223446,0.037412,64.985775
7,96,0.223446,0.037412,65.417319
8,96,0.223446,0.037412,65.219098
9,96,0.223446,0.037412,65.105683
10,96,0.223446,0.036541,64.997479
1,97,0.223446,0.031978,70.105746
2,97,0.223446,0.032424,70.105746
3,97,0.223446,0.031972,70.195273
4,97,0.223446,0.032511,70.281697
5,97,0.223446,0.032503,70.210129
6,97,0.223446,0.032538,70.441940
7,97,0.223446,0.032538,70.453940
8,97,0.223446,0.032473,70.384945
9,97,0.223446,0.032119,70.182139
10,97,0.223446,0.032119,70.182139
1,98,0.223446,0.046262,61.510305
2,98,0.223446,0.046262,61.510305
3,98,0.223446,0.046262,61.510305
4,98,0.223446,0.046262,61.510305
5,98,0.223446,0.046262,61.510305
6,98,0.223446,0.046262,61.510305
7,98,0.223446,0.045599,61.510305
8,98,0.223446,0.045599,61.510305
9,98,0.223446,0.044951,61.295500
10,98,0.223446,0.044134,61.143528
1,99,0.223446,0.027248,75.212316
2,99,0.223446,0.028238,74.856582
3,99,0.223446,0.029386,74.629982
4,99,0.223446,0.029112,75.223670
5,99,0.223446,0.029773,75.093286
6,99,0.223446,0.028855,75.215985
7,99,0.223446,0.025301,75.489481
8,99,0.223446,0.026297,75.239070
9,99,0.223446,0.029268,75.837590
10,99,0.223446,0.026139,75.268195
1,100,0.223446,0.043540,66.492512
2,100,0.223446,0.043358,66.634673
3,100,0.223446,0.043358,66.634673
4,100,0.223446,0.044218,66.664090
5,100,0.223446,0.044218,66.664090
6,100,0.223446,0.044218,66.522007
7,100,0.223446,0.044214,66.675359
8,100,0.223446,0.044214,66.675359
9,100,0.223446,0.044924,66.675359
10,100,0.223446,0.044283,66.762451
1,101,0.223446,0.054329,66.048377
2,101,0.223446,0.057130,66.220649
3,101,0.223446,0.058366,65.921258
4,101,0.223446,0.056489,66.085463
5,101,0.223446,0.056489,66.085463
6,101,0.223446,0.058605,66.085463
7,101,0.223446,0.057755,66.346334
8,101,0.223446,0.057755,66.346334
9,101,0.223446,0.059086,66.315717
10,101,0.223446,0.059086,66.315717
1,102,0.223446,0.029037,75.815884
2,102,0.223446,0.029031,75.994044
3,102,0.223446,0.028700,75.994044
4,102,0.223446,0.027486,75.237042
5,102,0.223446,0.028378,74.968359
6,102,0.223446,0.030285,73.780752
7,102,0.223446,0.029345,75.280915
8,102,0.223446,0.030004,75.127355
9,102,0.223446,0.027552,74.978759
10,102,0.223446,0.031438,74.520050
1,103,0.223446,0.036679,79.267643
2,103,0.223446,0.036436,79.440498
3,103,0.223446,0.036682,79.440498
4,103,0.223446,0.034829,80.147347
5,103,0.223446,0.036382,79.390282
6,103,0.223446,0.036382,79.633698
7,103,0.223446,0.039264,79.288538
8,103,0.223446,0.036067,79.288538
9,103,0.223446,0.036023,79.493418
10,103,0.223446,0.034706,79.493418
1,104,0.223446,0.049532,64.973076
2,104,0.223446,0.049025,65.004063
3,104,0.223446,0.049025,65.004063
4,104,0.223446,0.049025,65.004063
5,104,0.223446,0.049025,65.004063
6,104,0.223446,0.048995,65.004063
7,104,0.223446,0.048995,65.004063
8,104,0.223446,0.048525,64.917088
9,104,0.223446,0.048525,64.917088
10,104,0.223446,0.048069,64.825234
1,105,0.223446,0.030600,79.897354
2,105,0.223446,0.029174,80.498949
3,105,0.223446,0.027481,80.127552
4,105,0.223446,0.028061,80.318394
5,105,0.223446,0.028398,79.820366
6,105,0.223446,0.027797,79.862414
7,105,0.223446,0.034165,80.091413
8,105,0.223446,0.030630,80.083616
9,105,0.223446,0.029031,80.031554
10,105,0.223446,0.032518,79.752995
1,106,0.223446,0.107293,72.613421
2,106,0.223446,0.107168,72.613421
3,106,0.223446,0.105340,72.632547
4,106,0.223446,0.106486,72.632547
5,106,0.223446,0.106486,72.647711
6,106,0.223446,0.106251,72.619133
7,106,0.223446,0.106251,72.619133
8,106,0.223446,0.102023,72.619133
9,106,0.223446,0.100632,72.453988
10,106,0.223446,0.100632,72.453988
1,107,0.223446,0.016708,55.832329
2,107,0.223446,0.016272,55.281580
3,107,0.223446,0.016495,55.674790
4,107,0.223446,0.016495,55.866307
5,107,0.223446,0.016569,55.548683
6,107,0.223446,0.016925,56.107594
7,107,0.223446,0.017066,56.402814
8,107,0.223446,0.017066,55.872646
9,107,0.223446,0.017100,55.872646
10,107,0.223446,0.016806,56.008300
1,108,0.223446,0.067906,67.329971
2,108,0.223446,0.067399,67.355979
3,108,0.223446,0.068337,67.140063
4,108,0.223446,0.059128,67.140063
5,108,0.223446,0.061629,66.826466
6,108,0.223446,0.059979,67.058413
7,108,0.223446,0.055483,67.294074
8,108,0.223446,0.055534,67.294074
9,108,0.223446,0.060023,67.294074
10,108,0.223446,0.060023,67.294074
1,109,0.223446,0.047149,65.822405
2,109,0.223446,0.046499,65.653276
3,109,0.223446,0.046654,65.653276
4,109,0.223446,0.048653,65.940033
5,109,0.223446,0.048333,65.934691
6,109,0.223446,0.048388,65.922723
7,109,0.223446,0.049417,65.867436
8,109,0.223446,0.045558,65.673994
9,109,0.223446,0.045558,65.673994
10,109,0.223446,0.045558,65.808547
1,110,0.223446,0.014127,58.528241
2,110,0.223446,0.014540,59.076971
3,110,0.223446,0.014156,58.860167
4,110,0.223446,0.014104,58.906360
5,110,0.223446,0.013847,58.801645
6,110,0.223446,0.014147,58.801645
7,110,0.223446,0.014227,59.454278
8,110,0.223446,0.017282,61.012636
9,110,0.223446,0.016685,60.798830
10,110,0.223446,0.016929,60.914080
1,111,0.223446,0.045549,55.675651
2,111,0.223446,0.041562,55.351464
3,111,0.223446,0.040904,55.271102
4,111,0.223446,0.040904,55.271102
5,111,0.223446,0.040904,55.418562
6,111,0.223446,0.040904,55.418562
7,111,0.223446,0.042449,55.418562
8,111,0.223446,0.044780,55.441636
9,111,0.223446,0.044074,55.441636
10,111,0.223446,0.042275,55.441636
1,112,0.223446,0.019359,65.526802
2,112,0.223446,0.018688,65.314026
3,112,0.223446,0.018846,65.389875
4,112,0.223446,0.018872,65.585125
5,112,0.223446,0.018865,65.419301
6,112,0.223446,0.018865,65.376406
7,112,0.223446,0.018865,65.376406
8,112,0.223446,0.018774,65.376406
9,112,0.223446,0.018774,65.424808
10,112,0.223446,0.018774,65.374505
1,113,0.223446,0.041756,67.290632
2,113,0.223446,0.041756,67.290632
3,113,0.223446,0.042847,67.432659
4,113,0.223446,0.042533,67.432659
5,113,0.223446,0.042533,67.432659
6,113,0.223446,0.042533,67.473996
7,113,0.223446,0.042259,67.473996
8,113,0.223446,0.042259,67.560487
9,113,0.223446,0.042259,67.369523
10,113,0.223446,0.042259,67.369523
1,114,0.223446,0.013604,62.300104
2,114,0.223446,0.013604,62.300104
3,114,0.223446,0.013604,62.413962
4,114,0.223446,0.013119,62.120463
5,114,0.223446,0.013709,62.109728
6,114,0.223446,0.013709,62.389835
7,114,0.223446,0.013544,62.371536
8,114,0.223446,0.013501,62.371536
9,114,0.223446,0.014079,62.806842
10,114,0.223446,0.014037,62.918948
1,115,0.223446,0.025863,67.627546
2,115,0.223446,0.025670,67.701770
3,115,0.223446,0.025670,67.701770
4,115,0.223446,0.027236,67.701770
5,115,0.223446,0.027485,68.087777
6,115,0.223446,0.027485,68.087777
7,115,0.223446,0.027685,68.417495
8,115,0.223446,0.028196,68.446150
9,115,0.223446,0.027641,68.103879
10,115,0.223446,0.027226,68.002492
1,116,0.223446,0.038217,61.262672
2,116,0.223446,0.038219,61.262672
3,116,0.223446,0.038219,61.262672
4,116,0.223446,0.037983,61.119018
5,116,0.223446,0.038254,61.137928
6,116,0.223446,0.039388,61.530047
7,116,0.223446,0.038999,61.571444
8,116,0.223446,0.037948,61.300379
9,116,0.223446,0.039212,61.428560
10,116,0.223446,0.039212,61.602095
1,117,0.223446,0.035086,78.677639
2,117,0.223446,0.033227,78.094768
3,117,0.223446,0.031824,78.024921
4,117,0.223446,0.035955,78.235418
5,117,0.223446,0.034439,78.387468
6,117,0.223446,0.035739,78.832404
7,117,0.223446,0.036571,78.858822
8,117,0.223446,0.033833,78.582633
9,117,0.223446,0.039225,79.014241
10,117,0.223446,0.037679,78.487038
1,118,0.223446,0.011072,81.520530
2,118,0.223446,0.012254,81.576555
3,118,0.223446,0.012191,81.087117
4,118,0.223446,0.012719,80.690264
5,118,0.223446,0.011585,79.782897
6,118,0.223446,0.014187,80.609804
7,118,0.223446,0.013479,79.950504
8,118,0.223446,0.011881,80.643530
9,118,0.223446,0.011787,80.073265
10,118,0.223446,0.014293,79.591796
1,119,0.223446,0.095162,63.632585
2,119,0.223446,0.096903,63.632585
3,119,0.223446,0.096903,63.632585
4,119,0.223446,0.096903,63.632585
5,119,0.223446,0.096903,63.632585
6,119,0.223446,0.096903,63.632585
7,119,0.223446,0.096903,63.632585
8,119,0.223446,0.096903,63.632585
9,119,0.223446,0.096903,63.632585
10,119,0.223446,0.096903,63.632585
1,120,0.223446,0.083630,81.445173
2,120,0.223446,0.078536,80.866679
3,120,0.223446,0.065350,81.246972
4,120,0.223446,0.064880,81.695126
5,120,0.223446,0.065466,82.005551
6,120,0.223446,0.065821,81.772377
7,120,0.223446,0.056065,82.175320
8,120,0.223446,0.048498,82.186101
9,120,0.223446,0.050843,82.450683
10,120,0.223446,0.051884,82.462995
1,121,0.223446,0.031158,65.570518
2,121,0.223446,0.031661,65.570518
3,121,0.223446,0.032076,65.405826
4,121,0.223446,0.031093,65.683792
5,121,0.223446,0.031346,65.428539
6,121,0.223446,0.031793,65.404136
7,121,0.223446,0.031219,65.370862
8,121,0.223446,0.031219,65.370862
9,121,0.223446,0.031219,65.370862
10,121,0.223446,0.031219,65.420179
1,122,0.223446,0.026780,81.213801
2,122,0.223446,0.026539,81.797507
3,122,0.223446,0.024249,81.793424
4,122,0.223446,0.023769,81.657903
5,122,0.223446,0.024634,81.380231
6,122,0.223446,0.026888,81.386579
7,122,0.223446,0.026888,81.386579
8,122,0.223446,0.028739,81.725322
9,122,0.223446,0.029165,81.466977
10,122,0.223446,0.028678,81.492463
1,123,0.223446,0.032105,84.540373
2,123,0.223446,0.034012,84.540373
3,123,0.223446,0.032934,84.503914
4,123,0.223446,0.035769,84.603018
5,123,0.223446,0.030072,84.520736
6,123,0.223446,0.030552,84.468334
7,123,0.223446,0.032639,84.237179
8,123,0.223446,0.032037,84.420732
9,123,0.223446,0.034468,84.366052
10,123,0.223446,0.031661,84.387266
1,124,0.223446,0.029433,78.203978
2,124,0.223446,0.031142,78.203978
3,124,0.223446,0.031036,77.731802
4,124,0.223446,0.028779,77.975384
5,124,0.223446,0.030636,77.901586
6,124,0.223446,0.030636,77.787278
7,124,0.223446,0.030108,78.405501
8,124,0.223446,0.032400,77.974267
9,124,0.223446,0.028906,77.974267
10,124,0.223446,0.031341,77.974267
1,125,0.223446,0.034913,72.773500
2,125,0.223446,0.035087,72.988298
3,125,0.223446,0.036653,73.286213
4,125,0.223446,0.036244,73.286213
5,125,0.223446,0.036244,73.005108
6,125,0.223446,0.036244,73.005108
7,125,0.223446,0.036185,73.102443
8,125,0.223446,0.036185,73.102443
9,125,0.223446,0.037355,73.137661
10,125,0.223446,0.037309,72.791378
1,126,0.223446,0.014393,68.804770
2,126,0.223446,0.015341,69.094756
3,126,0.223446,0.015846,69.001338
4,126,0.223446,0.015846,68.930052
5,126,0.223446,0.015059,68.788114
6,126,0.223446,0.014551,68.504283
7,126,0.223446,0.014763,68.678010
8,126,0.223446,0.015100,68.491247
9,126,0.223446,0.015282,68.628881
10,126,0.223446,0.016078,68.941280
1,127,0.223446,0.018847,77.103271
2,127,0.223446,0.018554,76.834924
3,127,0.223446,0.019139,76.693484
4,127,0.223446,0.020347,76.460226
5,127,0.223446,0.019031,76.644779
6,127,0.223446,0.020759,76.375890
7,127,0.223446,0.019404,76.375890
8,127,0.223446,0.019404,76.375890
9,127,0.223446,0.019717,76.618985
10,127,0.223446,0.019717,76.988988
1,128,0.223446,0.008912,76.263854
2,128,0.223446,0.008243,76.266107
3,128,0.223446,0.009233,77.420204
4,128,0.223446,0.008714,77.046314
5,128,0.223446,0.007653,76.713130
6,128,0.223446,0.008190,76.583981
7,128,0.223446,0.007451,75.057895
8,128,0.223446,0.006619,75.802524
9,128,0.223446,0.007188,75.209808
10,128,0.223446,0.008623,74.671004
1,129,0.223446,0.044640,82.365307
2,129,0.223446,0.044640,82.365307
3,129,0.223446,0.044196,82.242990
4,129,0.223446,0.044196,82.242990
5,129,0.223446,0.040859,82.170041
6,129,0.223446,0.042574,82.170041
7,129,0.223446,0.044563,82.236847
8,129,0.223446,0.044751,82.333520
9,129,0.223446,0.043688,82.266687
10,129,0.223446,0.046396,82.698596
1,130,0.223446,0.015793,79.807106
2,130,0.223446,0.015515,80.514239
3,130,0.223446,0.015700,79.692450
4,130,0.223446,0.015233,80.230982
5,130,0.223446,0.015484,79.649411
6,130,0.223446,0.016215,79.870311
7,130,0.223446,0.016215,80.035931
8,130,0.223446,0.016595,79.833098
9,130,0.223446,0.016715,79.681259
10,130,0.223446,0.016151,80.402284
1,131,0.223446,0.047152,60.879890
2,131,0.223446,0.047152,60.879890
3,131,0.223446,0.047152,60.879890
4,131,0.223446,0.047152,60.879890
5,131,0.223446,0.047152,60.879890
6,131,0.223446,0.047152,60.695808
7,131,0.223446,0.046845,60.725850
8,131,0.223446,0.047608,60.891259
9,131,0.223446,0.046441,60.891259
10,131,0.223446,0.046441,60.891259
1,132,0.223446,0.017604,65.431047
2,132,0.223446,0.018271,65.431047
3,132,0.223446,0.017392,64.911698
4,132,0.223446,0.017512,64.884400
5,132,0.223446,0.018589,65.147389
6,132,0.223446,0.017062,65.107758
7,132,0.223446,0.017272,65.031490
8,132,0.223446,0.017365,64.715789
9,132,0.223446,0.017365,64.901709
10,132,0.223446,0.017230,64.901709
1,133,0.223446,0.041864,69.964447
2,133,0.223446,0.041272,69.747096
3,133,0.223446,0.039856,69.617239
4,133,0.223446,0.039856,69.617239
5,133,0.223446,0.039178,69.607264
6,133,0.223446,0.040528,69.813878
7,133,0.223446,0.040528,69.813878
8,133,0.223446,0.040528,69.813878
9,133,0.223446,0.041041,69.828328
10,133,0.223446,0.040369,69.777678
1,134,0.223446,0.048700,74.309953
2,134,0.223446,0.049746,74.127960
3,134,0.223446,0.047464,74.515861
4,134,0.223446,0.046942,74.503808
5,134,0.223446,0.042441,74.858798
6,134,0.223446,0.042441,74.458519
7,134,0.223446,0.048600,74.190880
8,134,0.223446,0.049817,74.087661
9,134,0.223446,0.047316,74.357896
10,134,0.223446,0.043588,74.617679
1,135,0.223446,0.016432,71.613635
2,135,0.223446,0.015822,72.058227
3,135,0.223446,0.015258,71.078002
4,135,0.223446,0.014400,71.619148
5,135,0.223446,0.013283,72.133467
6,135,0.223446,0.014874,72.171446
7,135,0.223446,0.014624,71.862598
8,135,0.223446,0.014022,71.682649
9,135,0.223446,0.012960,71.685285
10,135,0.223446,0.012785,72.729080
1,136,0.223446,0.147188,68.757489
2,136,0.223446,0.147188,68.757489
3,136,0.223446,0.142200,68.757489
4,136,0.223446,0.120717,68.589018
5,136,0.223446,0.114996,68.628326
6,136,0.223446,0.120562,68.664333
7,136,0.223446,0.130597,68.664333
8,136,0.223446,0.103047,68.543168
9,136,0.223446,0.111559,68.543168
10,136,0.223446,0.109050,68.543168
1,137,0.223446,0.033798,73.154546
2,137,0.223446,0.034614,73.109858
3,137,0.223446,0.033611,73.109858
4,137,0.223446,0.031450,73.467289
5,137,0.223446,0.031232,73.429217
6,137,0.223446,0.031232,73.407464
7,137,0.223446,0.029522,73.355649
8,137,0.223446,0.027544,73.502027
9,137,0.223446,0.027544,73.495948
10,137,0.223446,0.029884,73.495948
1,138,0.223446,0.119714,65.707726
2,138,0.223446,0.120466,65.707726
3,138,0.223446,0.120466,65.707726
4,138,0.223446,0.113615,65.594678
5,138,0.223446,0.112049,65.594678
6,138,0.223446,0.109448,65.594678
7,138,0.223446,0.112325,65.609040
8,138,0.223446,0.121626,65.688351
9,138,0.223446,0.121626,65.688351
10,138,0.223446,0.121626,65.688351
1,139,0.223446,0.021038,52.355264
2,139,0.223446,0.021038,52.355264
3,139,0.223446,0.021038,52.355264
4,139,0.223446,0.020406,52.314768
5,139,0.223446,0.021026,52.533289
6,139,0.223446,0.021026,52.533289
7,139,0.223446,0.021026,52.533289
8,139,0.223446,0.021190,52.598934
9,139,0.223446,0.021252,52.598934
10,139,0.223446,0.021252,52.598934
1,140,0.223446,0.015255,75.262984
2,140,0.223446,0.013124,75.289592
3,140,0.223446,0.012840,76.837018
4,140,0.223446,0.012273,76.018476
5,140,0.223446,0.011600,76.683713
6,140,0.223446,0.013418,76.236249
7,140,0.223446,0.013342,76.148317
8,140,0.223446,0.011765,76.073218
9,140,0.223446,0.011406,76.506734
10,140,0.223446,0.012755,76.224237
1,141,0.223446,0.022539,67.617737
2,141,0.223446,0.022539,67.617737
3,141,0.223446,0.023128,68.162506
4,141,0.223446,0.023128,68.162506
5,141,0.223446,0.022869,68.162506
6,141,0.223446,0.023350,68.162506
7,141,0.223446,0.023350,68.162506
8,141,0.223446,0.022803,67.841220
9,141,0.223446,0.022923,67.780161
10,141,0.223446,0.023009,68.078837
1,142,0.223446,0.034544,56.394831
2,142,0.223446,0.034544,56.394831
3,142,0.223446,0.034544,56.394831
4,142,0.223446,0.035155,56.394831
5,142,0.223446,0.034551,56.139022
6,142,0.223446,0.033531,56.106657
7,142,0.223446,0.033531,56.085117
8,142,0.223446,0.033531,56.253715
9,142,0.223446,0.033426,56.112754
10,142,0.223446,0.033426,56.112754
1,143,0.223446,0.039723,73.306458
2,143,0.223446,0.046039,73.306458
3,143,0.223446,0.043972,73.306458
4,143,0.223446,0.042347,73.306458
5,143,0.223446,0.037687,73.213863
6,143,0.223446,0.036401,73.606118
7,143,0.223446,0.039833,73.606118
8,143,0.223446,0.039941,73.299911
9,143,0.223446,0.043282,73.188043
10,143,0.223446,0.043020,73.188043
1,144,0.223446,0.021182,62.420351
2,144,0.223446,0.021064,62.522606
3,144,0.223446,0.021064,62.522606
4,144,0.223446,0.021064,62.522606
5,144,0.223446,0.020880,62.437545
6,144,0.223446,0.020708,62.219577
7,144,0.223446,0.020708,62.219577
8,144,0.223446,0.020708,62.312088
9,144,0.223446,0.020788,62.312088
10,144,0.223446,0.020788,62.354449
1,145,0.223446,0.048109,78.969725
2,145,0.223446,0.047518,80.308661
3,145,0.223446,0.040228,79.182921
4,145,0.223446,0.040032,78.552239
5,145,0.223446,0.038382,78.349919
6,145,0.223446,0.037741,79.633741
7,145,0.223446,0.037491,80.237142
8,145,0.223446,0.046960,79.101565
9,145,0.223446,0.051328,80.200607
10,145,0.223446,0.038366,80.431816
1,146,0.223446,0.036323,65.870110
2,146,0.223446,0.036343,66.107848
3,146,0.223446,0.036343,66.002137
4,146,0.223446,0.034136,65.207907
5,146,0.223446,0.034136,65.417952
6,146,0.223446,0.033650,65.050748
7,146,0.223446,0.033650,65.050748
8,146,0.223446,0.034322,65.719657
9,146,0.223446,0.034322,65.555077
10,146,0.223446,0.034322,65.555077
1,147,0.223446,0.050538,56.991330
2,147,0.223446,0.049936,56.894754
3,147,0.223446,0.051137,57.269467
4,147,0.223446,0.051304,57.099674
5,147,0.223446,0.051304,57.184656
6,147,0.223446,0.050203,57.067828
7,147,0.223446,0.054449,57.521503
8,147,0.223446,0.054493,57.521503
9,147,0.223446,0.054493,57.521503
10,147,0.223446,0.054536,57.448929
1,148,0.223446,0.027252,65.800107
2,148,0.223446,0.027252,65.800107
3,148,0.223446,0.027445,65.917567
4,148,0.223446,0.027445,65.917567
5,148,0.223446,0.027445,65.917567
6,148,0.223446,0.027445,65.917567
7,148,0.223446,0.028140,66.153705
8,148,0.223446,0.028678,66.169684
9,148,0.223446,0.028678,66.142964
10,148,0.223446,0.028678,66.243837
1,149,0.223446,0.032970,70.897628
2,149,0.223446,0.032970,70.897628
3,149,0.223446,0.033776,70.897628
4,149,0.223446,0.032672,70.683363
5,149,0.223446,0.032672,70.743909
6,149,0.223446,0.032672,70.696501
7,149,0.223446,0.032672,70.696501
8,149,0.223446,0.032672,70.696501
9,149,0.223446,0.032672,70.696501
10,149,0.223446,0.032672,70.812093
1,150,0.223446,0.030809,70.719470
2,150,0.223446,0.031268,70.880834
3,150,0.223446,0.035119,70.877542
4,150,0.223446,0.026197,71.019662
5,150,0.223446,0.025837,70.802136
6,150,0.223446,0.030547,70.802136
7,150,0.223446,0.031809,70.802136
8,150,0.223446,0.032493,70.802136
9,150,0.223446,0.030691,70.953723
10,150,0.223446,0.033385,70.953723
1,151,0.223446,0.012155,76.711398
2,151,0.223446,0.012210,77.132714
3,151,0.223446,0.012806,76.609012
4,151,0.223446,0.012934,77.295565
5,151,0.223446,0.011150,77.237585
6,151,0.223446,0.010521,76.748359
7,151,0.223446,0.010723,77.221091
8,151,0.223446,0.011148,76.867007
9,151,0.223446,0.010842,76.823844
10,151,0.223446,0.011070,77.374475
1,152,0.223446,0.023989,68.531113
2,152,0.223446,0.023399,68.450229
3,152,0.223446,0.023645,68.536342
4,152,0.223446,0.023645,68.536342
5,152,0.223446,0.023128,68.502912
6,152,0.223446,0.023254,68.344337
7,152,0.223446,0.023254,68.344337
8,152,0.223446,0.023551,68.418047
9,152,0.223446,0.023551,68.253664
10,152,0.223446,0.023525,68.393301
1,153,0.223446,0.031961,73.385031
2,153,0.223446,0.032726,73.385031
3,153,0.223446,0.030718,72.854618
4,153,0.223446,0.030371,72.854618
5,153,0.223446,0.030739,72.911629
6,153,0.223446,0.030313,73.034238
7,153,0.223446,0.029461,72.798056
8,153,0.223446,0.028965,73.021735
9,153,0.223446,0.030056,73.021735
10,153,0.223446,0.032096,73.242174
1,154,0.223446,0.146701,78.781016
2,154,0.223446,0.146701,78.567271
3,154,0.223446,0.141900,78.698809
4,154,0.223446,0.159551,78.550735
5,154,0.223446,0.159015,78.722830
6,154,0.223446,0.147657,78.855517
7,154,0.223446,0.115889,79.075903
8,154,0.223446,0.146348,79.030944
9,154,0.223446,0.137889,78.836702
10,154,0.223446,0.119395,78.943755
1,155,0.223446,0.018875,71.330202
2,155,0.223446,0.019290,71.860337
3,155,0.223446,0.019133,71.860337
4,155,0.223446,0.020682,71.892806
5,155,0.223446,0.020680,71.695693
6,155,0.223446,0.017672,71.266081
7,155,0.223446,0.018569,71.689588
8,155,0.223446,0.018963,71.477419
9,155,0.223446,0.017158,70.938403
10,155,0.223446,0.017877,71.678456
1,156,0.223446,0.031835,81.562810
2,156,0.223446,0.031835,81.909369
3,156,0.223446,0.031835,81.909369
4,156,0.223446,0.031835,81.909369
5,156,0.223446,0.031221,81.929391
6,156,0.223446,0.031549,81.906171
7,156,0.223446,0.031849,81.884072
8,156,0.223446,0.031849,81.884072
9,156,0.223446,0.031010,81.758459
10,156,0.223446,0.033612,82.052393
1,157,0.223446,0.058609,64.222084
2,157,0.223446,0.058609,64.222084
3,157,0.223446,0.060033,64.454570
4,157,0.223446,0.059800,64.454730
5,157,0.223446,0.060888,64.483984
6,157,0.223446,0.060888,64.504535
7,157,0.223446,0.058504,64.229001
8,157,0.223446,0.059337,64.229001
9,157,0.223446,0.059337,64.229001
10,157,0.223446,0.059337,64.229001
1,158,0.223446,0.028290,58.708842
2,158,0.223446,0.028002,59.013437
3,158,0.223446,0.028002,59.013437
4,158,0.223446,0.026850,58.527471
5,158,0.223446,0.026664,58.014019
6,158,0.223446,0.026664,58.255801
7,158,0.223446,0.026133,57.850047
8,158,0.223446,0.026224,58.038395
9,158,0.223446,0.026455,57.894291
10,158,0.223446,0.026455,58.224389
1,159,0.223446,0.027923,75.967617
2,159,0.223446,0.027923,76.293698
3,159,0.223446,0.027511,76.241804
4,159,0.223446,0.027953,76.050978
5,159,0.223446,0.027679,75.874365
6,159,0.223446,0.027236,76.135065
7,159,0.223446,0.027641,76.135065
8,159,0.223446,0.027641,76.135065
9,159,0.223446,0.027641,76.135065
10,159,0.223446,0.027641,76.135065
1,160,0.223446,0.025987,71.899431
2,160,0.223446,0.027528,71.929852
3,160,0.223446,0.027528,71.929852
4,160,0.223446,0.024991,71.669195
5,160,0.223446,0.026290,71.669195
6,160,0.223446,0.026399,71.676953
7,160,0.223446,0.025538,71.422645
8,160,0.223446,0.025073,71.464231
9,160,0.223446,0.024649,71.434513
10,160,0.223446,0.024726,71.188378
1,161,0.223446,0.035876,75.169112
2,161,0.223446,0.035876,75.077924
3,161,0.223446,0.041625,74.554072
4,161,0.223446,0.038969,74.613785
5,161,0.223446,0.046925,74.267267
6,161,0.223446,0.046838,74.052854
7,161,0.223446,0.049456,74.354412
8,161,0.223446,0.044042,74.587282
9,161,0.223446,0.042005,74.461374
10,161,0.223446,0.045806,74.238833
1,162,0.223446,0.028236,85.170843
2,162,0.223446,0.028236,85.240613
3,162,0.223446,0.026361,85.052764
4,162,0.223446,0.024944,85.320478
5,162,0.223446,0.022422,85.421337
6,162,0.223446,0.023180,85.268524
7,162,0.223446,0.022133,85.180784
8,162,0.223446,0.021421,85.576072
9,162,0.223446,0.021148,85.699031
10,162,0.223446,0.022729,85.392101
1,163,0.223446,0.018061,74.588669
2,163,0.223446,0.018223,74.304962
3,163,0.223446,0.018268,74.456547
4,163,0.223446,0.018420,74.158049
5,163,0.223446,0.017710,74.551814
6,163,0.223446,0.017702,74.576578
7,163,0.223446,0.018647,74.819983
8,163,0.223446,0.018647,74.819983
9,163,0.223446,0.018654,75.057858
10,163,0.223446,0.018545,74.663292
1,164,0.223446,0.011024,73.434945
2,164,0.223446,0.010496,73.495506
3,164,0.223446,0.011029,74.119875
4,164,0.223446,0.011532,73.710338
5,164,0.223446,0.011248,73.346540
6,164,0.223446,0.010930,73.964889
7,164,0.223446,0.011216,73.953359
8,164,0.223446,0.011441,73.166998
9,164,0.223446,0.010895,73.166998
10,164,0.223446,0.011288,73.456452
1,165,0.223446,0.044661,67.065471
2,165,0.223446,0.044661,67.128506
3,165,0.223446,0.044670,67.128506
4,165,0.223446,0.044670,67.128506
5,165,0.223446,0.046425,67.166811
6,165,0.223446,0.047481,67.166811
7,165,0.223446,0.046029,66.994670
8,165,0.223446,0.044089,66.776406
9,165,0.223446,0.044089,66.886746
10,165,0.223446,0.044089,66.886746
1,166,0.223446,0.021982,72.653307
2,166,0.223446,0.021494,72.413053
3,166,0.223446,0.021494,72.413053
4,166,0.223446,0.021181,72.462420
5,166,0.223446,0.021675,72.486805
6,166,0.223446,0.021462,72.711156
7,166,0.223446,0.021462,72.826569
8,166,0.223446,0.021910,72.722430
9,166,0.223446,0.021477,72.722430
10,166,0.223446,0.022320,72.722430
1,167,0.223446,0.007234,74.946438
2,167,0.223446,0.007444,75.405620
3,167,0.223446,0.006848,74.458645
4,167,0.223446,0.006764,74.311775
5,167,0.223446,0.007297,75.087995
6,167,0.223446,0.007350,75.300092
7,167,0.223446,0.007766,75.805863
8,167,0.223446,0.006791,75.805095
9,167,0.223446,0.007253,75.832563
10,167,0.223446,0.006765,76.271719
1,168,0.223446,0.058118,86.749212
2,168,0.223446,0.077228,85.548492
3,168,0.223446,0.071158,84.767711
4,168,0.223446,0.071158,84.174617
5,168,0.223446,0.080907,84.228867
6,168,0.223446,0.069605,86.376294
7,168,0.223446,0.074038,84.266278
8,168,0.223446,0.085493,84.726132
9,168,0.223446,0.081313,84.353462
10,168,0.223446,0.067761,85.663216
1,169,0.223446,0.059519,63.269663
2,169,0.223446,0.059519,63.269663
3,169,0.223446,0.061092,63.532820
4,169,0.223446,0.063642,63.532820
5,169,0.223446,0.062144,63.112967
6,169,0.223446,0.061459,63.026647
7,169,0.223446,0.057296,63.109723
8,169,0.223446,0.063162,63.437609
9,169,0.223446,0.060577,63.206301
10,169,0.223446,0.058243,63.220463
1,170,0.223446,0.033177,69.571063
2,170,0.223446,0.033845,69.920737
3,170,0.223446,0.034127,69.920737
4,170,0.223446,0.034713,69.908383
5,170,0.223446,0.034903,69.908383
6,170,0.223446,0.035012,70.022236
7,170,0.223446,0.035012,70.022236
8,170,0.223446,0.035012,70.079868
9,170,0.223446,0.035012,70.079868
10,170,0.223446,0.035012,70.033027
1,171,0.223446,0.011726,65.894132
2,171,0.223446,0.011726,65.734027
3,171,0.223446,0.011377,65.676009
4,171,0.223446,0.011377,65.647136
5,171,0.223446,0.011232,65.424123
6,171,0.223446,0.011232,65.424123
7,171,0.223446,0.010952,65.197011
8,171,0.223446,0.010864,64.933299
9,171,0.223446,0.011218,65.392325
10,171,0.223446,0.010996,65.474548
1,172,0.223446,0.025473,68.375360
2,172,0.223446,0.027977,68.155409
3,172,0.223446,0.027615,68.155409
4,172,0.223446,0.027301,68.155409
5,172,0.223446,0.027354,68.504746
6,172,0.223446,0.027818,68.349723
7,172,0.223446,0.027004,68.228492
8,172,0.223446,0.025528,68.302314
9,172,0.223446,0.026149,68.021904
10,172,0.223446,0.025181,68.021904
1,173,0.223446,0.057150,64.872934
2,173,0.223446,0.055293,64.865238
3,173,0.223446,0.056931,64.861339
4,173,0.223446,0.056931,64.861339
5,173,0.223446,0.056931,64.861339
6,173,0.223446,0.056135,64.862429
7,173,0.223446,0.056135,64.862429
8,173,0.223446,0.056135,64.844061
9,173,0.223446,0.056135,64.844061
10,173,0.223446,0.056296,64.806405
1,174,0.223446,0.011196,66.732654
2,174,0.223446,0.011150,66.177094
3,174,0.223446,0.013038,66.585346
4,174,0.223446,0.012568,67.073042
5,174,0.223446,0.012451,67.093335
6,174,0.223446,0.011480,66.308400
7,174,0.223446,0.012518,66.455171
8,174,0.223446,0.012246,66.443205
9,174,0.223446,0.012667,66.508100
10,174,0.223446,0.012955,66.508100
1,175,0.223446,0.018420,66.120243
2,175,0.223446,0.018390,66.167184
3,175,0.223446,0.018837,65.864899
4,175,0.223446,0.018837,65.909241
5,175,0.223446,0.019403,66.096065
6,175,0.223446,0.019403,66.306758
7,175,0.223446,0.019403,66.306758
8,175,0.223446,0.019403,66.306758
9,175,0.223446,0.018874,66.131294
10,175,0.223446,0.019036,66.506686
1,176,0.223446,0.033150,63.077517
2,176,0.223446,0.033150,63.077517
3,176,0.223446,0.033059,62.935899
4,176,0.223446,0.033059,62.935899
5,176,0.223446,0.033059,63.121723
6,176,0.223446,0.031916,63.121723
7,176,0.223446,0.031916,63.121723
8,176,0.223446,0.031916,63.051748
9,176,0.223446,0.033303,63.050418
10,176,0.223446,0.033303,63.050418
1,177,0.223446,0.084190,74.701535
2,177,0.223446,0.078264,75.944083
3,177,0.223446,0.072226,75.191663
4,177,0.223446,0.072493,75.036927
5,177,0.223446,0.063496,75.643720
6,177,0.223446,0.068892,76.639981
7,177,0.223446,0.066454,77.270712
8,177,0.223446,0.059853,77.185128
9,177,0.223446,0.051014,78.629882
10,177,0.223446,0.049789,77.672446
1,178,0.223446,0.034647,79.735547
2,178,0.223446,0.035920,79.949023
3,178,0.223446,0.035920,79.949023
4,178,0.223446,0.035920,79.949023
5,178,0.223446,0.032146,79.335256
6,178,0.223446,0.033477,79.193540
7,178,0.223446,0.032701,79.193540
8,178,0.223446,0.032701,79.155098
9,178,0.223446,0.032701,79.155098
10,178,0.223446,0.032999,79.273140
1,179,0.223446,0.038757,65.450225
2,179,0.223446,0.040594,65.450225
3,179,0.223446,0.040594,65.450225
4,179,0.223446,0.038867,65.259913
5,179,0.223446,0.038414,65.111819
6,179,0.223446,0.038414,65.179082
7,179,0.223446,0.038216,65.174433
8,179,0.223446,0.039978,65.174433
9,179,0.223446,0.038928,65.440341
10,179,0.223446,0.038628,65.263220
1,180,0.223446,0.030428,59.955410
2,180,0.223446,0.029883,59.955410
3,180,0.223446,0.029524,59.852239
4,180,0.223446,0.029359,59.852239
5,180,0.223446,0.027876,59.863139
6,180,0.223446,0.028434,59.863139
7,180,0.223446,0.030314,60.127222
8,180,0.223446,0.030160,60.033856
9,180,0.223446,0.029944,60.132039
10,180,0.223446,0.031484,60.082836
1,181,0.223446,0.066770,70.888470
2,181,0.223446,0.066828,70.916273
3,181,0.223446,0.066828,70.893086
4,181,0.223446,0.067204,70.977670
5,181,0.223446,0.068074,70.977670
6,181,0.223446,0.068074,70.977670
7,181,0.223446,0.070716,71.157390
8,181,0.223446,0.070231,71.084160
9,181,0.223446,0.069328,70.825555
10,181,0.223446,0.069328,70.825555
1,182,0.223446,0.012086,61.322113
2,182,0.223446,0.011030,61.062635
3,182,0.223446,0.011030,60.756961
4,182,0.223446,0.011754,60.649120
5,182,0.223446,0.011283,60.946606
6,182,0.223446,0.011283,60.946606
7,182,0.223446,0.011778,60.946606
8,182,0.223446,0.011778,60.946606
9,182,0.223446,0.012135,61.322185
10,182,0.223446,0.012135,61.322185
1,183,0.223446,0.022690,68.632007
2,183,0.223446,0.024457,68.583409
3,183,0.223446,0.020050,67.975946
4,183,0.223446,0.020524,67.989745
5,183,0.223446,0.020998,68.603460
6,183,0.223446,0.020998,68.530793
7,183,0.223446,0.020746,68.306455
8,183,0.223446,0.021015,68.273321
9,183,0.223446,0.020266,68.266343
10,183,0.223446,0.021828,68.279320
1,184,0.223446,0.031366,67.762424
2,184,0.223446,0.031366,67.597732
3,184,0.223446,0.030621,67.607590
4,184,0.223446,0.030698,67.607590
5,184,0.223446,0.030698,67.607590
6,184,0.223446,0.030698,67.607590
7,184,0.223446,0.030698,67.607590
8,184,0.223446,0.030156,67.455475
9,184,0.223446,0.030156,67.655675
10,184,0.223446,0.030843,67.919877
1,185,0.223446,0.056568,72.783278
2,185,0.223446,0.056568,72.782314
3,185,0.223446,0.055320,72.777860
4,185,0.223446,0.055320,72.777860
5,185,0.223446,0.055320,72.792052
6,185,0.223446,0.055320,72.792052
7,185,0.223446,0.055320,72.792052
8,185,0.223446,0.055128,72.792052
9,185,0.223446,0.056128,72.792052
10,185,0.223446,0.057684,72.903880
1,186,0.223446,0.033727,68.389831
2,186,0.223446,0.033396,68.619452
3,186,0.223446,0.032453,68.300320
4,186,0.223446,0.036134,68.487814
5,186,0.223446,0.036059,68.487814
6,186,0.223446,0.036059,68.487814
7,186,0.223446,0.036103,68.524179
8,186,0.223446,0.033374,68.387659
9,186,0.223446,0.035202,68.341244
10,186,0.223446,0.033869,68.325269
1,187,0.223446,0.092506,62.007071
2,187,0.223446,0.092506,62.007071
3,187,0.223446,0.092506,62.007071
4,187,0.223446,0.092506,62.007071
5,187,0.223446,0.092506,61.898005
6,187,0.223446,0.091896,61.898005
7,187,0.223446,0.092779,61.865502
8,187,0.223446,0.092779,61.865502
9,187,0.223446,0.092779,61.965748
10,187,0.223446,0.092847,61.890439
1,188,0.223446,0.034535,73.508076
2,188,0.223446,0.035469,73.473290
3,188,0.223446,0.035469,73.881870
4,188,0.223446,0.033852,73.273930
5,188,0.223446,0.035386,73.350961
6,188,0.223446,0.035314,73.350961
7,188,0.223446,0.035243,73.640124
8,188,0.223446,0.035088,73.640124
9,188,0.223446,0.035088,73.640124
10,188,0.223446,0.035088,73.733092
1,189,0.223446,0.015233,67.280440
2,189,0.223446,0.015084,67.501311
3,189,0.223446,0.015084,67.720959
4,189,0.223446,0.015368,67.748838
5,189,0.223446,0.015234,67.805841
6,189,0.223446,0.015865,67.557271
7,189,0.223446,0.015158,67.663802
8,189,0.223446,0.015936,67.662933
9,189,0.223446,0.015131,66.974277
10,189,0.223446,0.015131,67.871872
1,190,0.223446,0.072524,70.703636
2,190,0.223446,0.071830,70.703636
3,190,0.223446,0.072336,70.654561
4,190,0.223446,0.072336,70.751146
5,190,0.223446,0.072336,70.751146
6,190,0.223446,0.072336,70.751146
7,190,0.223446,0.072336,70.751146
8,190,0.223446,0.072336,70.751146
9,190,0.223446,0.072336,70.751146
10,190,0.223446,0.072336,70.751146
1,191,0.223446,0.026626,68.913127
2,191,0.223446,0.026620,68.623374
3,191,0.223446,0.025862,68.623374
4,191,0.223446,0.025862,68.623374
5,191,0.223446,0.025862,68.623374
6,191,0.223446,0.025922,68.791114
7,191,0.223446,0.026485,68.753009
8,191,0.223446,0.026485,68.968051
9,191,0.223446,0.025415,68.565503
10,191,0.223446,0.026259,68.864436
1,192,0.223446,0.041719,57.521486
2,192,0.223446,0.041605,57.428619
3,192,0.223446,0.041325,57.419338
4,192,0.223446,0.041325,57.419338
5,192,0.223446,0.041511,57.336547
6,192,0.223446,0.041511,57.336547
7,192,0.223446,0.041001,57.284465
8,192,0.223446,0.040214,57.284465
9,192,0.223446,0.040642,57.169128
10,192,0.223446,0.040642,57.169128
1,193,0.223446,0.016132,82.495143
2,193,0.223446,0.016448,83.060916
3,193,0.223446,0.018105,82.523888
4,193,0.223446,0.017186,82.972421
5,193,0.223446,0.016761,83.231905
6,193,0.223446,0.017181,82.763655
7,193,0.223446,0.016727,82.902341
8,193,0.223446,0.017232,82.766091
9,193,0.223446,0.016663,82.567091
10,193,0.223446,0.016476,82.963411
1,194,0.223446,0.041150,66.485873
2,194,0.223446,0.041150,66.485873
3,194,0.223446,0.041150,66.485873
4,194,0.223446,0.041150,66.485873
5,194,0.223446,0.041150,66.485873
6,194,0.223446,0.041150,66.485873
7,194,0.223446,0.041150,66.485873
8,194,0.223446,0.041150,66.485873
9,194,0.223446,0.041157,66.485873
10,194,0.223446,0.041571,66.485873
1,195,0.223446,0.030871,64.719038
2,195,0.223446,0.031708,65.155677
3,195,0.223446,0.031708,65.155677
4,195,0.223446,0.031708,64.853588
5,195,0.223446,0.031708,64.853588
6,195,0.223446,0.031708,64.961011
7,195,0.223446,0.031708,64.961011
8,195,0.223446,0.031708,64.961011
9,195,0.223446,0.031708,64.961011
10,195,0.223446,0.031708,64.967548
1,196,0.223446,0.037743,63.120416
2,196,0.223446,0.039495,63.387943
3,196,0.223446,0.039009,63.266466
4,196,0.223446,0.039009,63.266466
5,196,0.223446,0.039009,63.633397
6,196,0.223446,0.039009,63.633397
7,196,0.223446,0.038801,63.183227
8,196,0.223446,0.038801,63.446054
9,196,0.223446,0.039893,63.487060
10,196,0.223446,0.039857,63.487060
1,197,0.223446,0.046389,70.813540
2,197,0.223446,0.046376,70.813540
3,197,0.223446,0.046511,70.813540
4,197,0.223446,0.045028,70.793328
5,197,0.223446,0.047799,70.793328
6,197,0.223446,0.049970,70.800847
7,197,0.223446,0.045276,70.800847
8,197,0.223446,0.047941,70.800847
9,197,0.223446,0.046477,70.800847
10,197,0.223446,0.051338,70.848464
1,198,0.223446,0.108678,72.446447
2,198,0.223446,0.108241,72.161350
3,198,0.223446,0.106728,72.161350
4,198,0.223446,0.115659,72.453488
5,198,0.223446,0.122849,71.915817
6,198,0.223446,0.110217,71.955433
7,198,0.223446,0.103575,72.257989
8,198,0.223446,0.104089,72.594778
9,198,0.223446,0.106490,72.594778
10,198,0.223446,0.112829,72.002068
1,199,0.223446,0.042472,63.645546
2,199,0.223446,0.041529,63.603364
3,199,0.223446,0.041816,63.475444
4,199,0.223446,0.041816,63.475444
5,199,0.223446,0.041816,63.411056
6,199,0.223446,0.041816,63.434697
7,199,0.223446,0.041816,63.299600
8,199,0.223446,0.040951,63.299600
9,199,0.223446,0.042286,63.496875
10,199,0.223446,0.042286,63.496875
1,200,0.223446,0.020274,63.858370
2,200,0.223446,0.020525,63.858370
3,200,0.223446,0.020560,63.992431
4,200,0.223446,0.020560,64.108240
5,200,0.223446,0.020294,63.477677
6,200,0.223446,0.020383,63.726403
7,200,0.223446,0.020480,63.546357
8,200,0.223446,0.020868,63.859787
9,200,0.223446,0.020089,63.867195
10,200,0.223446,0.020358,63.443087
1,201,0.223446,0.016219,77.082159
2,201,0.223446,0.016854,77.007365
3,201,0.223446,0.016854,76.976549
4,201,0.223446,0.016499,76.863701
5,201,0.223446,0.017437,77.093354
6,201,0.223446,0.017667,77.429167
7,201,0.223446,0.016628,76.959702
8,201,0.223446,0.016628,77.044057
9,201,0.223446,0.017006,77.365877
10,201,0.223446,0.016374,77.365877
1,202,0.223446,0.011741,66.967705
2,202,0.223446,0.012519,67.054040
3,202,0.223446,0.012654,67.266523
4,202,0.223446,0.012699,67.443181
5,202,0.223446,0.012111,66.675503
6,202,0.223446,0.011862,66.722582
7,202,0.223446,0.011862,66.571276
8,202,0.223446,0.011555,66.288092
9,202,0.223446,0.011346,66.222149
10,202,0.223446,0.011504,66.398891
1,203,0.223446,0.020017,62.520992
2,203,0.223446,0.020017,62.520992
3,203,0.223446,0.019738,62.579153
4,203,0.223446,0.020010,62.579153
5,203,0.223446,0.019845,62.472154
6,203,0.223446,0.019586,62.567210
7,203,0.223446,0.019494,62.388940
8,203,0.223446,0.019399,62.467381
9,203,0.223446,0.019867,62.454245
10,203,0.223446,0.019658,62.454245
1,204,0.223446,0.022359,62.454243
2,204,0.223446,0.022058,62.330049
3,204,0.223446,0.022342,62.674197
4,204,0.223446,0.022342,62.674197
5,204,0.223446,0.021881,62.474341
6,204,0.223446,0.021829,62.382036
7,204,0.223446,0.021829,62.382036
8,204,0.223446,0.021014,62.376340
9,204,0.223446,0.021014,62.149119
10,204,0.223446,0.020531,61.993361
1,205,0.223446,0.084194,69.566940
2,205,0.223446,0.083012,69.616434
3,205,0.223446,0.082385,69.634101
4,205,0.223446,0.082385,69.634101
5,205,0.223446,0.082385,69.634101
6,205,0.223446,0.082385,69.634101
7,205,0.223446,0.082385,69.716481
8,205,0.223446,0.087188,69.770228
9,205,0.223446,0.085798,69.704833
10,205,0.223446,0.085798,69.704833
1,206,0.223446,0.043789,76.843166
2,206,0.223446,0.043789,77.107425
3,206,0.223446,0.043789,76.994514
4,206,0.223446,0.043741,77.005617
5,206,0.223446,0.042978,77.119355
6,206,0.223446,0.045746,77.419190
7,206,0.223446,0.044750,77.057815
8,206,0.223446,0.043369,76.937810
9,206,0.223446,0.044720,77.045785
10,206,0.223446,0.043831,77.069194
1,207,0.223446,0.022726,72.835192
2,207,0.223446,0.023186,72.985623
3,207,0.223446,0.023480,73.073388
4,207,0.223446,0.023053,72.970330
5,207,0.223446,0.022778,72.844018
6,207,0.223446,0.022448,72.818642
7,207,0.223446,0.023940,73.053544
8,207,0.223446,0.023429,73.027235
9,207,0.223446,0.023429,73.027235
10,207,0.223446,0.023275,72.715241
1,208,0.223446,0.042959,77.726077
2,208,0.223446,0.042928,77.483112
3,208,0.223446,0.041874,77.645159
4,208,0.223446,0.039723,77.680234
5,208,0.223446,0.038625,78.353152
6,208,0.223446,0.037315,78.287601
7,208,0.223446,0.038932,77.804812
8,208,0.223446,0.040331,77.792464
9,208,0.223446,0.039664,77.844105
10,208,0.223446,0.039664,78.151831
1,209,0.223446,0.043346,74.203706
2,209,0.223446,0.042989,74.203706
3,209,0.223446,0.042014,73.663136
4,209,0.223446,0.041881,73.664005
5,209,0.223446,0.041881,73.916205
6,209,0.223446,0.041881,73.916205
7,209,0.223446,0.041881,73.916205
8,209,0.223446,0.041216,73.666999
9,209,0.223446,0.042891,74.037237
10,209,0.223446,0.042891,74.180184
1,210,0.223446,0.014899,61.061442
2,210,0.223446,0.015580,61.548148
3,210,0.223446,0.015470,61.600010
4,210,0.223446,0.015838,61.600010
5,210,0.223446,0.015838,61.600010
6,210,0.223446,0.016142,62.185406
7,210,0.223446,0.015536,62.003398
8,210,0.223446,0.015129,61.317926
9,210,0.223446,0.015318,61.221340
10,210,0.223446,0.014900,61.221340
1,211,0.223446,0.017493,67.618740
2,211,0.223446,0.017544,67.618740
3,211,0.223446,0.017544,67.618740
4,211,0.223446,0.018241,67.958815
5,211,0.223446,0.018162,68.265400
6,211,0.223446,0.017455,67.829336
7,211,0.223446,0.017455,67.609196
8,211,0.223446,0.017161,67.644028
9,211,0.223446,0.017304,67.926263
10,211,0.223446,0.016814,67.408123
1,212,0.223446,0.046342,61.693104
2,212,0.223446,0.048351,61.914938
3,212,0.223446,0.047374,61.942849
4,212,0.223446,0.047817,61.927796
5,212,0.223446,0.047724,61.779769
6,212,0.223446,0.045392,61.524740
7,212,0.223446,0.045370,61.524740
8,212,0.223446,0.043943,61.003440
9,212,0.223446,0.043943,61.086132
10,212,0.223446,0.043943,61.530886
1,213,0.223446,0.028423,75.808429
2,213,0.223446,0.028151,75.808429
3,213,0.223446,0.028151,75.808429
4,213,0.223446,0.028668,76.009643
5,213,0.223446,0.027462,75.964761
6,213,0.223446,0.029223,76.303623
7,213,0.223446,0.028692,76.440292
8,213,0.223446,0.028319,75.947374
9,213,0.223446,0.027867,76.102000
10,213,0.223446,0.028996,76.102000
1,214,0.223446,0.054848,77.457525
2,214,0.223446,0.054848,77.494754
3,214,0.223446,0.054848,77.494754
4,214,0.223446,0.054848,77.373058
5,214,0.223446,0.054845,77.293038
6,214,0.223446,0.054845,77.541103
7,214,0.223446,0.054845,77.541103
8,214,0.223446,0.056387,77.445837
9,214,0.223446,0.056387,77.445837
10,214,0.223446,0.056387,77.654594
1,215,0.223446,0.063768,61.782134
2,215,0.223446,0.063768,61.782134
3,215,0.223446,0.062863,61.717580
4,215,0.223446,0.063559,61.822767
5,215,0.223446,0.063569,61.822767
6,215,0.223446,0.063569,61.794129
7,215,0.223446,0.064529,61.794129
8,215,0.223446,0.064529,61.794129
9,215,0.223446,0.064909,61.760285
10,215,0.223446,0.064239,61.728355
1,216,0.223446,0.045274,71.308961
2,216,0.223446,0.045274,71.308961
3,216,0.223446,0.043438,71.171135
4,216,0.223446,0.044991,71.171135
5,216,0.223446,0.042042,71.197704
6,216,0.223446,0.042042,71.197704
7,216,0.223446,0.043101,71.197704
8,216,0.223446,0.043101,71.197704
9,216,0.223446,0.042779,70.953840
10,216,0.223446,0.039796,70.953840
1,217,0.223446,0.051503,65.166854
2,217,0.223446,0.054015,65.354302
3,217,0.223446,0.056186,65.189838
4,217,0.223446,0.053092,65.181573
5,217,0.223446,0.054417,65.164372
6,217,0.223446,0.054417,65.164372
7,217,0.223446,0.053683,64.981774
8,217,0.223446,0.054262,65.140906
9,217,0.223446,0.066345,67.076721
10,217,0.223446,0.066254,67.049280
1,218,0.223446,0.033088,70.260352
2,218,0.223446,0.033088,69.986125
3,218,0.223446,0.033088,70.118632
4,218,0.223446,0.033088,70.118632
5,218,0.223446,0.031584,70.026471
6,218,0.223446,0.031219,69.900905
7,218,0.223446,0.032185,69.787736
8,218,0.223446,0.031810,70.063843
9,218,0.223446,0.032431,70.007800
10,218,0.223446,0.032431,70.007800
1,219,0.223446,0.020664,75.506982
2,219,0.223446,0.021552,75.532172
3,219,0.223446,0.021458,75.604127
4,219,0.223446,0.021920,75.438238
5,219,0.223446,0.027911,74.792286
6,219,0.223446,0.028398,74.494923
7,219,0.223446,0.024924,74.575478
8,219,0.223446,0.024265,74.575478
9,219,0.223446,0.024650,74.874428
10,219,0.223446,0.023549,74.877330
1,220,0.223446,0.039329,72.245729
2,220,0.223446,0.039329,72.533109
3,220,0.223446,0.039329,72.533109
4,220,0.223446,0.039240,72.418112
5,220,0.223446,0.039240,72.418112
6,220,0.223446,0.039240,72.418112
7,220,0.223446,0.041102,72.411827
8,220,0.223446,0.040374,72.411827
9,220,0.223446,0.040181,72.411827
10,220,0.223446,0.040181,72.411827
1,221,0.223446,0.017237,65.672228
2,221,0.223446,0.017237,65.672228
3,221,0.223446,0.016864,65.332550
4,221,0.223446,0.017067,65.342427
5,221,0.223446,0.017121,65.822757
6,221,0.223446,0.017121,65.822757
7,221,0.223446,0.017121,65.822757
8,221,0.223446,0.017299,65.822757
9,221,0.223446,0.017299,65.822757
10,221,0.223446,0.017299,65.822757
1,222,0.223446,0.051424,77.749826
2,222,0.223446,0.051131,78.645075
3,222,0.223446,0.048273,78.372097
4,222,0.223446,0.059962,77.518825
5,222,0.223446,0.058266,77.844854
6,222,0.223446,0.056600,77.988282
7,222,0.223446,0.052491,78.517745
8,222,0.223446,0.052491,78.246307
9,222,0.223446,0.060015,77.915814
10,222,0.223446,0.059629,77.793039
1,223,0.223446,0.015629,66.967383
2,223,0.223446,0.015629,66.967383
3,223,0.223446,0.015804,66.854919
4,223,0.223446,0.015804,66.926253
5,223,0.223446,0.015804,66.882373
6,223,0.223446,0.015596,66.930391
7,223,0.223446,0.015396,67.266052
8,223,0.223446,0.016133,67.547478
9,223,0.223446,0.016133,67.689399
10,223,0.223446,0.016133,67.274294
1,224,0.223446,0.013158,72.981626
2,224,0.223446,0.012233,72.657512
3,224,0.223446,0.012233,73.051844
4,224,0.223446,0.012944,73.978322
5,224,0.223446,0.012891,74.026152
6,224,0.223446,0.011825,75.322361
7,224,0.223446,0.011295,74.845884
8,224,0.223446,0.011687,74.801657
9,224,0.223446,0.011537,75.311194
10,224,0.223446,0.010152,76.049046
1,225,0.223446,0.009086,66.950597
2,225,0.223446,0.008874,67.007038
3,225,0.223446,0.009763,66.934633
4,225,0.223446,0.009269,66.992888
5,225,0.223446,0.009726,67.530798
6,225,0.223446,0.009162,67.180246
7,225,0.223446,0.009357,67.029824
8,225,0.223446,0.009734,67.105041
9,225,0.223446,0.008791,67.003263
10,225,0.223446,0.008668,67.049760
1,226,0.223446,0.044667,63.481176
2,226,0.223446,0.044516,63.464240
3,226,0.223446,0.044516,63.592403
4,226,0.223446,0.046426,63.609354
5,226,0.223446,0.045314,63.797104
6,226,0.223446,0.045698,63.691632
7,226,0.223446,0.044388,63.574835
8,226,0.223446,0.044388,63.574835
9,226,0.223446,0.044388,63.574835
10,226,0.223446,0.045647,63.574835
1,227,0.223446,0.015955,67.893812
2,227,0.223446,0.016141,68.000675
3,227,0.223446,0.016141,68.000675
4,227,0.223446,0.015306,67.850886
5,227,0.223446,0.015306,68.118253
6,227,0.223446,0.015306,68.118253
7,227,0.223446,0.015644,68.192877
8,227,0.223446,0.015593,67.920994
9,227,0.223446,0.015817,68.247794
10,227,0.223446,0.015817,68.247794
1,228,0.223446,0.016478,67.941378
2,228,0.223446,0.016736,68.093075
3,228,0.223446,0.015795,67.581401
4,228,0.223446,0.015575,67.581401
5,228,0.223446,0.016077,67.687572
6,228,0.223446,0.016610,67.888839
7,228,0.223446,0.016610,67.888839
8,228,0.223446,0.016610,68.130492
9,228,0.223446,0.016895,68.130492
10,228,0.223446,0.016895,68.130492
1,229,0.223446,0.017964,62.624604
2,229,0.223446,0.017991,62.624604
3,229,0.223446,0.017991,62.624604
4,229,0.223446,0.018420,62.624604
5,229,0.223446,0.018420,62.920117
6,229,0.223446,0.018324,62.650670
7,229,0.223446,0.018620,62.753572
8,229,0.223446,0.018620,62.929489
9,229,0.223446,0.018437,62.539759
10,229,0.223446,0.017978,62.539759
1,230,0.223446,0.035407,81.351803
2,230,0.223446,0.040201,80.950082
3,230,0.223446,0.032937,81.599923
4,230,0.223446,0.036671,80.954949
5,230,0.223446,0.036590,81.068025
6,230,0.223446,0.043623,81.061963
7,230,0.223446,0.041744,81.483731
8,230,0.223446,0.042694,81.006330
9,230,0.223446,0.042922,80.956220
10,230,0.223446,0.042922,80.991697
1,231,0.223446,0.032638,68.394417
2,231,0.223446,0.031926,68.296671
3,231,0.223446,0.031529,68.296671
4,231,0.223446,0.031529,68.296671
5,231,0.223446,0.032420,68.296671
6,231,0.223446,0.031063,68.236443
7,231,0.223446,0.030470,68.236443
8,231,0.223446,0.030585,68.080291
9,231,0.223446,0.031908,68.110839
10,231,0.223446,0.031207,68.110839
1,232,0.223446,0.050062,70.044749
2,232,0.223446,0.050062,70.044749
3,232,0.223446,0.050496,69.984436
4,232,0.223446,0.050496,70.166925
5,232,0.223446,0.050496,70.078869
6,232,0.223446,0.050496,70.078869
7,232,0.223446,0.050496,69.974095
8,232,0.223446,0.050165,69.978462
9,232,0.223446,0.049693,69.978462
10,232,0.223446,0.049451,69.876861
1,233,0.223446,0.042216,63.339406
2,233,0.223446,0.042216,63.339406
3,233,0.223446,0.041739,63.281147
4,233,0.223446,0.041854,63.321625
5,233,0.223446,0.042766,63.405529
6,233,0.223446,0.042766,63.405529
7,233,0.223446,0.042766,63.405529
8,233,0.223446,0.041841,63.134890
9,233,0.223446,0.043044,63.196861
10,233,0.223446,0.040399,63.196861
1,234,0.223446,0.027766,61.023930
2,234,0.223446,0.027766,61.619834
3,234,0.223446,0.027766,61.237305
4,234,0.223446,0.028015,61.188080
5,234,0.223446,0.029405,61.696798
6,234,0.223446,0.029377,61.870986
7,234,0.223446,0.029377,61.870986
8,234,0.223446,0.029377,61.870986
9,234,0.223446,0.029397,61.915158
10,234,0.223446,0.029397,61.915158
1,235,0.223446,0.019134,60.774241
2,235,0.223446,0.019134,60.774241
3,235,0.223446,0.019134,60.506242
4,235,0.223446,0.019134,60.290421
5,235,0.223446,0.018894,60.389527
6,235,0.223446,0.018654,60.327135
7,235,0.223446,0.018887,60.327135
8,235,0.223446,0.018887,60.641553
9,235,0.223446,0.018887,60.817713
10,235,0.223446,0.018887,60.939652
1,236,0.223446,0.030107,70.407981
2,236,0.223446,0.030520,70.407981
3,236,0.223446,0.031524,70.655356
4,236,0.223446,0.031524,70.655356
5,236,0.223446,0.031147,70.631274
6,236,0.223446,0.031031,70.698278
7,236,0.223446,0.031031,70.599746
8,236,0.223446,0.031031,70.599746
9,236,0.223446,0.031031,70.599746
10,236,0.223446,0.031043,70.599746
1,237,0.223446,0.045547,59.740430
2,237,0.223446,0.044034,59.797351
3,237,0.223446,0.044337,59.601486
4,237,0.223446,0.042851,59.537427
5,237,0.223446,0.042851,59.455391
6,237,0.223446,0.042851,59.476318
7,237,0.223446,0.042655,59.692384
8,237,0.223446,0.043864,59.499580
9,237,0.223446,0.043864,59.576894
10,237,0.223446,0.043654,59.736993
1,238,0.223446,0.035692,74.883187
2,238,0.223446,0.034602,74.823630
3,238,0.223446,0.031249,74.293934
4,238,0.223446,0.033463,74.674088
5,238,0.223446,0.034792,74.657835
6,238,0.223446,0.032648,74.752962
7,238,0.223446,0.032648,74.847726
8,238,0.223446,0.033878,74.658004
9,238,0.223446,0.032974,74.661676
10,238,0.223446,0.032449,74.661676
1,239,0.223446,0.026084,71.905523
2,239,0.223446,0.026084,71.905523
3,239,0.223446,0.026869,72.120157
4,239,0.223446,0.026582,72.310638
5,239,0.223446,0.026527,71.814391
6,239,0.223446,0.026527,71.912343
7,239,0.223446,0.026527,71.912343
8,239,0.223446,0.026527,71.912343
9,239,0.223446,0.025868,71.743398
10,239,0.223446,0.026210,71.743398
1,240,0.223446,0.015035,65.987533
2,240,0.223446,0.015653,65.987533
3,240,0.223446,0.016489,66.435494
4,240,0.223446,0.017299,66.496239
5,240,0.223446,0.016238,66.124483
6,240,0.223446,0.015975,66.099479
7,240,0.223446,0.015980,66.099479
8,240,0.223446,0.016593,66.226475
9,240,0.223446,0.016688,66.030460
10,240,0.223446,0.016688,66.030460
1,241,0.223446,0.024341,58.162559
2,241,0.223446,0.024643,58.727482
3,241,0.223446,0.024286,58.646889
4,241,0.223446,0.023580,58.254262
5,241,0.223446,0.023580,57.833837
6,241,0.223446,0.023580,57.893307
7,241,0.223446,0.023580,58.093754
8,241,0.223446,0.023914,58.093754
9,241,0.223446,0.023047,57.916487
10,241,0.223446,0.022736,57.611232
1,242,0.223446,0.026030,70.035011
2,242,0.223446,0.026030,70.035011
3,242,0.223446,0.025690,69.774732
4,242,0.223446,0.025690,70.017506
5,242,0.223446,0.026610,70.017506
6,242,0.223446,0.026610,70.324111
7,242,0.223446,0.026610,70.324111
8,242,0.223446,0.026085,70.229508
9,242,0.223446,0.026514,70.134997
10,242,0.223446,0.026282,69.996429
1,243,0.223446,0.018551,76.864571
2,243,0.223446,0.020333,76.831256
3,243,0.223446,0.020890,77.106467
4,243,0.223446,0.021041,76.968888
5,243,0.223446,0.018932,76.968888
6,243,0.223446,0.018581,76.677577
7,243,0.223446,0.019550,76.912128
8,243,0.223446,0.018952,76.847488
9,243,0.223446,0.020366,76.640042
10,243,0.223446,0.020026,76.645975
1,244,0.223446,0.017562,68.479374
2,244,0.223446,0.017439,68.318091
3,244,0.223446,0.017439,68.318091
4,244,0.223446,0.017422,68.417252
5,244,0.223446,0.017220,68.318596
6,244,0.223446,0.017220,68.557227
7,244,0.223446,0.017795,68.640833
8,244,0.223446,0.017118,68.277378
9,244,0.223446,0.016866,68.277378
10,244,0.223446,0.017300,68.264307
1,245,0.223446,0.015953,58.776701
2,245,0.223446,0.016402,59.324624
3,245,0.223446,0.016016,58.373931
4,245,0.223446,0.016016,58.373931
5,245,0.223446,0.015838,58.382731
6,245,0.223446,0.015838,58.382731
7,245,0.223446,0.015742,58.586433
8,245,0.223446,0.016294,58.586433
9,245,0.223446,0.016091,58.269809
10,245,0.223446,0.015880,58.709490
1,246,0.223446,0.045382,68.055421
2,246,0.223446,0.045382,68.055421
3,246,0.223446,0.043286,67.961063
4,246,0.223446,0.042232,67.976011
5,246,0.223446,0.043356,68.012332
6,246,0.223446,0.043356,68.134709
7,246,0.223446,0.043231,68.134709
8,246,0.223446,0.045491,68.134709
9,246,0.223446,0.044627,68.134709
10,246,0.223446,0.047424,68.288399
1,247,0.223446,0.012058,66.394167
2,247,0.223446,0.012899,66.792416
3,247,0.223446,0.012879,66.788204
4,247,0.223446,0.013254,67.066947
5,247,0.223446,0.013090,67.093070
6,247,0.223446,0.013248,67.581791
7,247,0.223446,0.013024,67.581791
8,247,0.223446,0.013060,67.641932
9,247,0.223446,0.012714,67.174164
10,247,0.223446,0.012843,67.139699
1,248,0.223446,0.026966,67.969436
2,248,0.223446,0.026966,67.969436
3,248,0.223446,0.027041,67.918377
4,248,0.223446,0.026867,67.965264
5,248,0.223446,0.026597,67.733123
6,248,0.223446,0.026825,67.993655
7,248,0.223446,0.027139,67.993655
8,248,0.223446,0.028403,68.108269
9,248,0.223446,0.028403,68.108269
10,248,0.223446,0.027014,68.064600
1,249,0.223446,0.039106,59.975900
2,249,0.223446,0.039106,59.975900
3,249,0.223446,0.038267,59.975900
4,249,0.223446,0.037799,59.660979
5,249,0.223446,0.037632,59.660979
6,249,0.223446,0.038094,59.706921
7,249,0.223446,0.038094,59.818164
8,249,0.223446,0.038094,59.843998
9,249,0.223446,0.038094,59.797018
10,249,0.223446,0.038094,59.797018
1,250,0.223446,0.038374,60.335329
2,250,0.223446,0.038374,60.335329
3,250,0.223446,0.038374,60.335329
4,250,0.223446,0.039794,60.746345
5,250,0.223446,0.039794,60.746345
6,250,0.223446,0.039794,60.746345
7,250,0.223446,0.039794,60.676406
8,250,0.223446,0.039794,60.676406
9,250,0.223446,0.039701,60.676406
10,250,0.223446,0.040584,60.744782