rep,id,eta_p0,eta_alpha,eta_tau
1,1,0.000000,-0.202896,0.136593
2,1,0.000000,-0.210818,0.184771
3,1,0.000000,-0.170968,0.184771
4,1,0.000000,-0.236325,-0.468072
5,1,0.000000,-0.198855,0.289765
6,1,0.000000,-0.204552,-0.045742
7,1,0.000000,-0.207261,0.119344
8,1,0.000000,-0.236465,0.119344
9,1,0.000000,-0.245003,-0.066880
10,1,0.000000,-0.177754,0.218561
1,2,0.000000,0.212343,2.998153
2,2,0.000000,0.212343,2.998153
3,2,0.000000,0.212693,2.833590
4,2,0.000000,0.212693,2.833590
5,2,0.000000,0.212693,2.833590
6,2,0.000000,0.157559,2.833590
7,2,0.000000,0.173820,2.833590
8,2,0.000000,0.170107,2.686096
9,2,0.000000,0.191047,2.992018
10,2,0.000000,0.212159,2.924909
1,3,0.000000,-0.579317,0.965834
2,3,0.000000,-0.544283,1.419370
3,3,0.000000,-0.440975,1.321411
4,3,0.000000,-0.461171,1.488157
5,3,0.000000,-0.475979,1.177045
6,3,0.000000,-0.512224,1.500963
7,3,0.000000,-0.542974,2.108108
8,3,0.000000,-0.564636,1.080419
9,3,0.000000,-0.594224,1.080419
10,3,0.000000,-0.589628,1.794995
1,4,0.000000,0.236811,-7.994186
2,4,0.000000,0.236811,-7.994186
3,4,0.000000,0.240546,-7.994186
4,4,0.000000,0.229032,-7.996450
5,4,0.000000,0.230580,-7.961745
6,4,0.000000,0.230580,-8.112145
7,4,0.000000,0.202035,-8.112145
8,4,0.000000,0.236892,-8.065977
9,4,0.000000,0.236892,-8.065977
10,4,0.000000,0.222767,-8.132211
1,5,0.000000,-0.220895,4.980628
2,5,0.000000,-0.220895,4.980628
3,5,0.000000,-0.223034,4.716320
4,5,0.000000,-0.254329,4.716320
5,5,0.000000,-0.214249,4.716320
6,5,0.000000,-0.239400,4.811948
7,5,0.000000,-0.183681,4.809235
8,5,0.000000,-0.165070,4.924540
9,5,0.000000,-0.165070,4.924540
10,5,0.000000,-0.166209,4.724108
1,6,0.000000,0.673018,-10.194860
2,6,0.000000,0.637204,-10.194860
3,6,0.000000,0.637204,-9.972049
4,6,0.000000,0.658192,-9.966173
5,6,0.000000,0.705721,-9.979251
6,6,0.000000,0.717354,-9.571714
7,6,0.000000,0.730893,-9.729092
8,6,0.000000,0.763301,-9.516119
9,6,0.000000,0.763301,-9.516119
10,6,0.000000,0.737599,-9.603294
1,7,0.000000,0.104840,-8.005529
2,7,0.000000,0.100486,-8.005529
3,7,0.000000,0.061260,-8.379830
4,7,0.000000,0.061260,-8.260247
5,7,0.000000,0.061260,-8.260247
6,7,0.000000,0.055972,-7.954740
7,7,0.000000,0.135765,-7.548741
8,7,0.000000,0.125887,-7.548741
9,7,0.000000,0.148995,-7.669393
10,7,0.000000,0.148995,-7.669393
1,8,0.000000,0.116229,-12.516055
2,8,0.000000,0.104841,-12.388501
3,8,0.000000,0.149718,-12.388501
4,8,0.000000,0.159430,-12.123025
5,8,0.000000,0.049357,-12.171302
6,8,0.000000,0.068945,-12.626401
7,8,0.000000,0.105196,-12.626401
8,8,0.000000,0.127744,-12.217514
9,8,0.000000,0.119738,-12.498936
10,8,0.000000,0.075759,-12.337404
1,9,0.000000,0.226860,-6.956159
2,9,0.000000,0.181967,-7.000788
3,9,0.000000,0.145221,-7.131437
4,9,0.000000,0.237636,-6.783747
5,9,0.000000,0.188927,-6.946031
6,9,0.000000,0.188927,-6.946031
7,9,0.000000,0.183721,-6.946031
8,9,0.000000,0.176636,-7.165281
9,9,0.000000,0.176636,-7.165281
10,9,0.000000,0.194235,-6.899984
1,10,0.000000,-0.615370,4.446470
2,10,0.000000,-0.630286,4.597234
3,10,0.000000,-0.619643,5.135596
4,10,0.000000,-0.610950,4.692513
5,10,0.000000,-0.629013,4.537934
6,10,0.000000,-0.684276,4.701884
7,10,0.000000,-0.574575,4.553458
8,10,0.000000,-0.574575,4.553458
9,10,0.000000,-0.574575,4.597699
10,10,0.000000,-0.580516,4.656333
1,11,0.000000,0.851836,-4.986839
2,11,0.000000,0.750158,-4.986839
3,11,0.000000,0.753698,-5.351692
4,11,0.000000,0.863028,-4.785613
5,11,0.000000,0.749226,-4.958086
6,11,0.000000,0.719759,-4.958086
7,11,0.000000,0.833664,-5.229695
8,11,0.000000,0.812025,-5.229695
9,11,0.000000,0.836293,-4.869439
10,11,0.000000,0.764123,-5.149765
1,12,0.000000,0.002889,4.494179
2,12,0.000000,-0.006461,4.313020
3,12,0.000000,0.015426,4.486235
4,12,0.000000,-0.043822,4.361899
5,12,0.000000,-0.047021,4.679408
6,12,0.000000,-0.058364,4.315186
7,12,0.000000,-0.013425,4.271965
8,12,0.000000,-0.016848,4.487919
9,12,0.000000,-0.031004,4.566014
10,12,0.000000,-0.066218,4.505789
1,13,0.000000,0.436697,-0.060903
2,13,0.000000,0.436697,-0.105273
3,13,0.000000,0.436697,-0.105273
4,13,0.000000,0.436697,-0.105273
5,13,0.000000,0.436697,-0.105273
6,13,0.000000,0.436697,-0.105273
7,13,0.000000,0.432074,-0.210780
8,13,0.000000,0.420425,-0.175813
9,13,0.000000,0.420425,-0.175813
10,13,0.000000,0.420425,-0.175813
1,14,0.000000,0.767891,-1.995025
2,14,0.000000,0.767891,-1.995025
3,14,0.000000,0.768660,-2.146801
4,14,0.000000,0.763317,-1.879452
5,14,0.000000,0.829356,-2.082504
6,14,0.000000,0.735008,-2.378554
7,14,0.000000,0.735008,-2.378554
8,14,0.000000,0.735008,-2.378554
9,14,0.000000,0.735008,-2.239207
10,14,0.000000,0.798165,-1.897010
1,15,0.000000,0.391808,10.952464
2,15,0.000000,0.207635,10.442547
3,15,0.000000,0.185249,10.474076
4,15,0.000000,0.190729,10.465159
5,15,0.000000,0.237380,10.566943
6,15,0.000000,0.304920,10.743887
7,15,0.000000,0.304920,10.679784
8,15,0.000000,0.261342,10.446836
9,15,0.000000,0.251279,10.719768
10,15,0.000000,0.235022,10.454081
1,16,0.000000,-0.045384,-12.406573
2,16,0.000000,-0.034970,-12.481179
3,16,0.000000,-0.067979,-12.567936
4,16,0.000000,-0.067979,-12.567936
5,16,0.000000,-0.067979,-12.674015
6,16,0.000000,-0.067979,-12.674015
7,16,0.000000,-0.067979,-12.674015
8,16,0.000000,-0.060064,-12.386786
9,16,0.000000,-0.050284,-12.531606
10,16,0.000000,-0.054875,-12.251991
1,17,0.000000,0.270553,0.937089
2,17,0.000000,0.270553,0.937089
3,17,0.000000,0.270553,0.937089
4,17,0.000000,0.270553,0.937089
5,17,0.000000,0.270553,0.962135
6,17,0.000000,0.273075,0.957185
7,17,0.000000,0.290042,0.780857
8,17,0.000000,0.256735,0.861833
9,17,0.000000,0.256735,0.861833
10,17,0.000000,0.273300,0.861833
1,18,0.000000,0.009736,-13.210518
2,18,0.000000,0.009736,-13.210518
3,18,0.000000,0.002149,-13.414517
4,18,0.000000,-0.034267,-13.648843
5,18,0.000000,-0.034267,-13.648843
6,18,0.000000,-0.024522,-13.553779
7,18,0.000000,0.000405,-13.242696
8,18,0.000000,-0.027999,-13.781637
9,18,0.000000,-0.027999,-13.421671
10,18,0.000000,-0.006741,-13.305206
1,19,0.000000,0.090407,5.508790
2,19,0.000000,0.079874,5.460883
3,19,0.000000,0.078758,5.485513
4,19,0.000000,0.078758,5.485513
5,19,0.000000,0.047941,5.263170
6,19,0.000000,0.042205,5.246092
7,19,0.000000,0.036822,4.954732
8,19,0.000000,0.036822,4.954732
9,19,0.000000,0.036822,4.954732
10,19,0.000000,0.036822,4.954732
1,20,0.000000,-0.012771,-6.750834
2,20,0.000000,-0.012771,-6.750834
3,20,0.000000,-0.012771,-6.750834
4,20,0.000000,-0.012771,-6.750834
5,20,0.000000,0.006441,-6.596975
6,20,0.000000,-0.017361,-6.714458
7,20,0.000000,-0.017361,-6.714458
8,20,0.000000,-0.020448,-6.714458
9,20,0.000000,-0.020448,-6.904074
10,20,0.000000,-0.045880,-7.278872
1,21,0.000000,0.089495,-4.334362
2,21,0.000000,0.089495,-4.334362
3,21,0.000000,0.112982,-4.295033
4,21,0.000000,0.112982,-4.299723
5,21,0.000000,0.112982,-4.457570
6,21,0.000000,0.112982,-4.142590
7,21,0.000000,0.112645,-4.525684
8,21,0.000000,0.104418,-4.698993
9,21,0.000000,0.130543,-4.275552
10,21,0.000000,0.130543,-4.275552
1,22,0.000000,-0.894715,5.895140
2,22,0.000000,-1.126359,6.094264
3,22,0.000000,-1.110970,5.983213
4,22,0.000000,-1.116160,5.980930
5,22,0.000000,-1.048113,6.853742
6,22,0.000000,-0.991380,6.663383
7,22,0.000000,-1.032238,6.018669
8,22,0.000000,-1.167230,5.973995
9,22,0.000000,-1.082084,5.705484
10,22,0.000000,-1.075257,5.894844
1,23,0.000000,-0.228400,-2.266540
2,23,0.000000,-0.240581,-2.266540
3,23,0.000000,-0.240581,-2.340343
4,23,0.000000,-0.281466,-2.502576
5,23,0.000000,-0.279015,-2.899802
6,23,0.000000,-0.279015,-2.841803
7,23,0.000000,-0.279015,-2.841803
8,23,0.000000,-0.278702,-2.634315
9,23,0.000000,-0.278702,-2.638325
10,23,0.000000,-0.302443,-2.856064
1,24,0.000000,-1.159507,4.397129
2,24,0.000000,-1.159507,4.763543
3,24,0.000000,-1.299841,4.618999
4,24,0.000000,-1.209684,5.012100
5,24,0.000000,-1.258676,5.194077
6,24,0.000000,-1.128117,4.442547
7,24,0.000000,-1.163921,4.362577
8,24,0.000000,-1.171188,4.401034
9,24,0.000000,-1.213388,4.536912
10,24,0.000000,-1.186449,3.931739
1,25,0.000000,-0.248890,3.805028
2,25,0.000000,-0.248890,3.054315
3,25,0.000000,-0.332341,3.107594
4,25,0.000000,-0.255846,3.050276
5,25,0.000000,-0.312883,3.121930
6,25,0.000000,-0.262347,3.239251
7,25,0.000000,-0.262347,3.239251
8,25,0.000000,-0.274735,3.481389
9,25,0.000000,-0.313592,3.409255
10,25,0.000000,-0.287297,3.202743
1,26,0.000000,0.939337,4.458812
2,26,0.000000,0.939337,4.458812
3,26,0.000000,0.852563,4.458812
4,26,0.000000,0.936235,4.662121
5,26,0.000000,0.874548,4.662121
6,26,0.000000,0.776601,4.723445
7,26,0.000000,0.702567,4.723445
8,26,0.000000,0.720995,4.723445
9,26,0.000000,0.766711,4.723445
10,26,0.000000,0.682537,4.772942
1,27,0.000000,-0.296816,-2.973282
2,27,0.000000,-0.298784,-2.871954
3,27,0.000000,-0.257739,-2.871954
4,27,0.000000,-0.255968,-2.795400
5,27,0.000000,-0.255568,-2.795400
6,27,0.000000,-0.308211,-3.048639
7,27,0.000000,-0.310972,-3.329176
8,27,0.000000,-0.303405,-3.177858
9,27,0.000000,-0.308429,-3.305099
10,27,0.000000,-0.320284,-3.095980
1,28,0.000000,0.281151,1.331811
2,28,0.000000,0.280312,1.259709
3,28,0.000000,0.280312,1.407970
4,28,0.000000,0.277509,1.407970
5,28,0.000000,0.277509,1.407970
6,28,0.000000,0.277509,1.407970
7,28,0.000000,0.265173,1.193537
8,28,0.000000,0.265173,1.358517
9,28,0.000000,0.265173,1.358517
10,28,0.000000,0.267054,1.265420
1,29,0.000000,0.619161,8.123782
2,29,0.000000,0.619161,8.123782
3,29,0.000000,0.619161,8.183193
4,29,0.000000,0.619161,8.183193
5,29,0.000000,0.619161,8.183193
6,29,0.000000,0.619161,8.183193
7,29,0.000000,0.627305,8.089524
8,29,0.000000,0.645254,8.273847
9,29,0.000000,0.645254,8.273847
10,29,0.000000,0.645254,8.257228
1,30,0.000000,-0.410602,-4.129875
2,30,0.000000,-0.410602,-4.129875
3,30,0.000000,-0.410602,-4.217023
4,30,0.000000,-0.416846,-3.984346
5,30,0.000000,-0.421706,-3.834886
6,30,0.000000,-0.434672,-4.204040
7,30,0.000000,-0.413220,-4.204040
8,30,0.000000,-0.413220,-4.113264
9,30,0.000000,-0.405913,-4.200538
10,30,0.000000,-0.380691,-3.577658
1,31,0.000000,0.473137,-5.945394
2,31,0.000000,0.473137,-5.945394
3,31,0.000000,0.470603,-5.945394
4,31,0.000000,0.503540,-5.945394
5,31,0.000000,0.503540,-5.945394
6,31,0.000000,0.492227,-5.982181
7,31,0.000000,0.492227,-5.982181
8,31,0.000000,0.487426,-6.115675
9,31,0.000000,0.465259,-6.219566
10,31,0.000000,0.491157,-6.230131
1,32,0.000000,0.361610,1.963099
2,32,0.000000,0.332960,1.963099
3,32,0.000000,0.354589,1.813804
4,32,0.000000,0.328530,1.934046
5,32,0.000000,0.338523,1.738167
6,32,0.000000,0.353293,1.738167
7,32,0.000000,0.368910,1.676777
8,32,0.000000,0.362316,1.883777
9,32,0.000000,0.362316,1.883777
10,32,0.000000,0.358589,2.192005
1,33,0.000000,-0.279913,1.577721
2,33,0.000000,-0.262328,1.497541
3,33,0.000000,-0.276758,1.421766
4,33,0.000000,-0.289682,1.296062
5,33,0.000000,-0.289682,1.376268
6,33,0.000000,-0.265584,1.664840
7,33,0.000000,-0.249586,1.627605
8,33,0.000000,-0.249586,1.618517
9,33,0.000000,-0.271168,1.618517
10,33,0.000000,-0.257316,1.570269
1,34,0.000000,0.150131,-4.430293
2,34,0.000000,0.150131,-4.009164
3,34,0.000000,0.158777,-4.009164
4,34,0.000000,0.151918,-4.057954
5,34,0.000000,0.151918,-4.028174
6,34,0.000000,0.151918,-4.028174
7,34,0.000000,0.151918,-4.059473
8,34,0.000000,0.151918,-4.059473
9,34,0.000000,0.167059,-3.887592
10,34,0.000000,0.175451,-4.101509
1,35,0.000000,0.098309,2.565418
2,35,0.000000,0.116256,2.435013
3,35,0.000000,0.116256,2.527625
4,35,0.000000,0.116256,2.527625
5,35,0.000000,0.105379,2.603018
6,35,0.000000,0.105379,2.603018
7,35,0.000000,0.096436,2.603018
8,35,0.000000,0.147070,2.603018
9,35,0.000000,0.147070,2.603018
10,35,0.000000,0.140464,2.617122
1,36,0.000000,-0.028519,-2.831559
2,36,0.000000,-0.028519,-2.831559
3,36,0.000000,-0.040272,-2.923539
4,36,0.000000,-0.050916,-3.071316
5,36,0.000000,-0.050916,-3.071316
6,36,0.000000,-0.060823,-2.803328
7,36,0.000000,-0.089132,-3.145789
8,36,0.000000,-0.028813,-3.165289
9,36,0.000000,-0.048289,-3.323584
10,36,0.000000,-0.064700,-3.465580
1,37,0.000000,-0.379950,-8.119143
2,37,0.000000,-0.317119,-7.717894
3,37,0.000000,-0.318346,-7.780386
4,37,0.000000,-0.318346,-7.780386
5,37,0.000000,-0.318346,-7.820052
6,37,0.000000,-0.376053,-8.014364
7,37,0.000000,-0.341841,-7.889240
8,37,0.000000,-0.345119,-7.925121
9,37,0.000000,-0.345119,-7.925121
10,37,0.000000,-0.345119,-7.925121
1,38,0.000000,0.636576,-2.537119
2,38,0.000000,0.675358,-2.506378
3,38,0.000000,0.669194,-2.325287
4,38,0.000000,0.686297,-2.284577
5,38,0.000000,0.686297,-2.727261
6,38,0.000000,0.679698,-2.634425
7,38,0.000000,0.679698,-2.713931
8,38,0.000000,0.691383,-2.295419
9,38,0.000000,0.695084,-2.425319
10,38,0.000000,0.689827,-2.387410
1,39,0.000000,-0.066005,1.420822
2,39,0.000000,-0.066005,1.420822
3,39,0.000000,-0.080621,1.178522
4,39,0.000000,-0.060933,1.446639
5,39,0.000000,-0.027810,1.562174
6,39,0.000000,-0.078688,1.180336
7,39,0.000000,-0.113263,1.094837
8,39,0.000000,-0.113263,1.203066
9,39,0.000000,-0.113263,1.203066
10,39,0.000000,-0.087791,1.524145
1,40,0.000000,0.601808,-5.091485
2,40,0.000000,0.600147,-5.091485
3,40,0.000000,0.600147,-5.091485
4,40,0.000000,0.617460,-5.091485
5,40,0.000000,0.627833,-5.061138
6,40,0.000000,0.632616,-5.043993
7,40,0.000000,0.632616,-5.043993
8,40,0.000000,0.620748,-5.108069
9,40,0.000000,0.620748,-5.108069
10,40,0.000000,0.611372,-4.983918
1,41,0.000000,-0.345141,-2.057885
2,41,0.000000,-0.347409,-2.093053
3,41,0.000000,-0.327981,-2.093053
4,41,0.000000,-0.326232,-2.254346
5,41,0.000000,-0.343048,-2.081839
6,41,0.000000,-0.320639,-1.872288
7,41,0.000000,-0.309593,-1.946065
8,41,0.000000,-0.352189,-2.183766
9,41,0.000000,-0.321483,-1.961008
10,41,0.000000,-0.337834,-2.065244
1,42,0.000000,0.931683,-0.406517
2,42,0.000000,0.905256,-0.552949
3,42,0.000000,0.912970,-0.485764
4,42,0.000000,0.942626,-0.219101
5,42,0.000000,0.904097,-0.589805
6,42,0.000000,0.887790,-0.589805
7,42,0.000000,0.887790,-0.589805
8,42,0.000000,0.887790,-0.589805
9,42,0.000000,0.883282,-0.569102
10,42,0.000000,0.883282,-0.569102
1,43,0.000000,0.476981,1.343594
2,43,0.000000,0.476981,1.343594
3,43,0.000000,0.476981,1.343594
4,43,0.000000,0.476981,1.343594
5,43,0.000000,0.492260,1.343594
6,43,0.000000,0.449260,1.085513
7,43,0.000000,0.449260,1.085513
8,43,0.000000,0.427223,1.099651
9,43,0.000000,0.427223,1.051711
10,43,0.000000,0.401137,0.929060
1,44,0.000000,0.100918,-10.741493
2,44,0.000000,0.108195,-10.745528
3,44,0.000000,0.108195,-10.745528
4,44,0.000000,0.108195,-10.757350
5,44,0.000000,0.108195,-10.824899
6,44,0.000000,0.083761,-10.877552
7,44,0.000000,0.102857,-10.870022
8,44,0.000000,0.102857,-10.870022
9,44,0.000000,0.089410,-10.928498
10,44,0.000000,0.094493,-10.928498
1,45,0.000000,0.516186,0.964286
2,45,0.000000,0.516186,0.922038
3,45,0.000000,0.517003,0.922038
4,45,0.000000,0.517003,1.037836
5,45,0.000000,0.517003,1.037836
6,45,0.000000,0.517003,1.037836
7,45,0.000000,0.485985,0.942396
8,45,0.000000,0.506646,1.042963
9,45,0.000000,0.506646,1.042963
10,45,0.000000,0.483641,0.785948
1,46,0.000000,0.179469,-3.162993
2,46,0.000000,0.179469,-3.162993
3,46,0.000000,0.179469,-3.162993
4,46,0.000000,0.179469,-3.146087
5,46,0.000000,0.179469,-3.146087
6,46,0.000000,0.155765,-3.146087
7,46,0.000000,0.189692,-3.146087
8,46,0.000000,0.189692,-3.112763
9,46,0.000000,0.189692,-2.979890
10,46,0.000000,0.189692,-2.979890
1,47,0.000000,0.442822,0.845975
2,47,0.000000,0.442822,0.845975
3,47,0.000000,0.463921,0.845975
4,47,0.000000,0.441123,0.921992
5,47,0.000000,0.441123,0.921992
6,47,0.000000,0.441123,0.921992
7,47,0.000000,0.441123,0.921992
8,47,0.000000,0.441123,0.921992
9,47,0.000000,0.419650,0.762053
10,47,0.000000,0.438032,0.814947
1,48,0.000000,-0.361366,3.299225
2,48,0.000000,-0.328667,3.259049
3,48,0.000000,-0.328667,3.259049
4,48,0.000000,-0.313195,3.240506
5,48,0.000000,-0.275537,3.511808
6,48,0.000000,-0.377411,3.511808
7,48,0.000000,-0.313482,3.511808
8,48,0.000000,-0.313482,3.511808
9,48,0.000000,-0.305234,3.511808
10,48,0.000000,-0.354403,3.220766
1,49,0.000000,0.531187,4.653293
2,49,0.000000,0.512025,4.653293
3,49,0.000000,0.514925,4.805394
4,49,0.000000,0.496884,4.725905
5,49,0.000000,0.493634,4.584796
6,49,0.000000,0.400244,4.584796
7,49,0.000000,0.413010,4.584796
8,49,0.000000,0.339434,4.574920
9,49,0.000000,0.345692,4.629072
10,49,0.000000,0.372954,4.564336
1,50,0.000000,0.558390,1.271373
2,50,0.000000,0.598539,1.317832
3,50,0.000000,0.581846,1.341166
4,50,0.000000,0.571103,1.216553
5,50,0.000000,0.586657,1.360381
6,50,0.000000,0.586657,1.360381
7,50,0.000000,0.580747,1.229415
8,50,0.000000,0.580747,1.396904
9,50,0.000000,0.588340,1.396904
10,50,0.000000,0.588340,1.396904
1,51,0.000000,0.096888,-2.473108
2,51,0.000000,0.096888,-2.473108
3,51,0.000000,0.096888,-2.473108
4,51,0.000000,0.096888,-2.473108
5,51,0.000000,0.096888,-2.473108
6,51,0.000000,0.066147,-2.434394
7,51,0.000000,0.078589,-2.434394
8,51,0.000000,0.078589,-2.434394
9,51,0.000000,0.070508,-2.577874
10,51,0.000000,0.074968,-2.577874
1,52,0.000000,0.414912,-3.752452
2,52,0.000000,0.414912,-3.877311
3,52,0.000000,0.377444,-3.877311
4,52,0.000000,0.377444,-3.877311
5,52,0.000000,0.377444,-3.877311
6,52,0.000000,0.377444,-3.877311
7,52,0.000000,0.420175,-3.877311
8,52,0.000000,0.420175,-3.877311
9,52,0.000000,0.420175,-3.575325
10,52,0.000000,0.420175,-3.789247
1,53,0.000000,0.433754,-3.466431
2,53,0.000000,0.433754,-3.466431
3,53,0.000000,0.411834,-3.739133
4,53,0.000000,0.412496,-3.590026
5,53,0.000000,0.412496,-3.590026
6,53,0.000000,0.448492,-3.365023
7,53,0.000000,0.448492,-3.365023
8,53,0.000000,0.418272,-3.684028
9,53,0.000000,0.405411,-3.756973
10,53,0.000000,0.405411,-3.756973
1,54,0.000000,-0.040039,2.868807
2,54,0.000000,-0.040039,2.726631
3,54,0.000000,-0.043505,2.726631
4,54,0.000000,-0.043505,2.726631
5,54,0.000000,-0.052747,2.606551
6,54,0.000000,-0.047052,2.858655
7,54,0.000000,-0.047052,2.858655
8,54,0.000000,-0.047052,2.858655
9,54,0.000000,-0.033559,2.858655
10,54,0.000000,-0.045036,2.735449
1,55,0.000000,0.625646,-6.524156
2,55,0.000000,0.600003,-6.767667
3,55,0.000000,0.581240,-6.617423
4,55,0.000000,0.588405,-6.766768
5,55,0.000000,0.578571,-6.768290
6,55,0.000000,0.578571,-6.768290
7,55,0.000000,0.581762,-6.768290
8,55,0.000000,0.582616,-6.729464
9,55,0.000000,0.582616,-6.729464
10,55,0.000000,0.592862,-6.612245
1,56,0.000000,0.452848,1.229257
2,56,0.000000,0.452848,0.912551
3,56,0.000000,0.451136,1.015807
4,56,0.000000,0.467741,1.410390
5,56,0.000000,0.481542,1.014271
6,56,0.000000,0.460374,1.026179
7,56,0.000000,0.460374,1.026179
8,56,0.000000,0.513458,1.005307
9,56,0.000000,0.521661,1.322761
10,56,0.000000,0.548095,1.561090
1,57,0.000000,0.054243,-0.117624
2,57,0.000000,0.054243,-0.117624
3,57,0.000000,0.045164,-0.020483
4,57,0.000000,0.045164,-0.020483
5,57,0.000000,0.045900,-0.020483
6,57,0.000000,0.045900,-0.020483
7,57,0.000000,0.064778,-0.020483
8,57,0.000000,0.064778,-0.020483
9,57,0.000000,0.064778,0.104151
10,57,0.000000,0.064778,0.104151
1,58,0.000000,-0.510828,-10.239840
2,58,0.000000,-0.522670,-10.105529
3,58,0.000000,-0.531683,-10.572694
4,58,0.000000,-0.553478,-10.572694
5,58,0.000000,-0.500032,-10.203721
6,58,0.000000,-0.550298,-10.203721
7,58,0.000000,-0.531629,-10.810614
8,58,0.000000,-0.544780,-10.843910
9,58,0.000000,-0.560175,-10.716524
10,58,0.000000,-0.519357,-10.404042
1,59,0.000000,0.117820,6.953971
2,59,0.000000,0.123951,6.764676
3,59,0.000000,0.123951,6.764676
4,59,0.000000,0.113490,7.072512
5,59,0.000000,0.137824,7.072512
6,59,0.000000,0.121080,6.940632
7,59,0.000000,0.121080,6.940632
8,59,0.000000,0.121080,6.912855
9,59,0.000000,0.142480,6.882550
10,59,0.000000,0.142480,6.799566
1,60,0.000000,0.645615,2.109173
2,60,0.000000,0.645615,2.431820
3,60,0.000000,0.645615,2.203937
4,60,0.000000,0.645615,2.391133
5,60,0.000000,0.656375,2.391133
6,60,0.000000,0.656375,2.391133
7,60,0.000000,0.663265,2.261781
8,60,0.000000,0.626518,2.261781
9,60,0.000000,0.667966,2.347845
10,60,0.000000,0.689153,2.348304
1,61,0.000000,0.545081,-6.197769
2,61,0.000000,0.565438,-6.197769
3,61,0.000000,0.558828,-6.196674
4,61,0.000000,0.558828,-6.196674
5,61,0.000000,0.534698,-6.200507
6,61,0.000000,0.534698,-6.200507
7,61,0.000000,0.573472,-6.263716
8,61,0.000000,0.510818,-6.179949
9,61,0.000000,0.510818,-6.179949
10,61,0.000000,0.477131,-6.468986
1,62,0.000000,0.780809,12.038583
2,62,0.000000,0.798119,12.038583
3,62,0.000000,0.830794,12.038583
4,62,0.000000,0.830794,12.038583
5,62,0.000000,0.830794,12.102614
6,62,0.000000,0.830794,12.102614
7,62,0.000000,0.830794,12.012376
8,62,0.000000,0.778800,11.740468
9,62,0.000000,0.782005,12.100584
10,62,0.000000,0.782005,12.030933
1,63,0.000000,-0.603016,-6.841950
2,63,0.000000,-0.617567,-6.782555
3,63,0.000000,-0.632030,-7.590504
4,63,0.000000,-0.650359,-7.494759
5,63,0.000000,-0.650359,-7.492633
6,63,0.000000,-0.645382,-7.307598
7,63,0.000000,-0.630164,-7.213555
8,63,0.000000,-0.613485,-7.213555
9,63,0.000000,-0.613485,-7.016251
10,63,0.000000,-0.632218,-7.128249
1,64,0.000000,0.047936,1.304683
2,64,0.000000,0.037530,1.538598
3,64,0.000000,0.037530,1.538598
4,64,0.000000,0.047554,1.533419
5,64,0.000000,0.045712,1.605553
6,64,0.000000,0.045712,2.019444
7,64,0.000000,0.043197,1.176292
8,64,0.000000,0.081517,1.466807
9,64,0.000000,0.073174,1.466807
10,64,0.000000,0.061586,1.520757
1,65,0.000000,0.008251,8.357813
2,65,0.000000,0.008251,8.546484
3,65,0.000000,0.008251,8.546484
4,65,0.000000,0.076645,8.675334
5,65,0.000000,0.076645,8.675334
6,65,0.000000,0.084431,9.173332
7,65,0.000000,0.023092,8.817545
8,65,0.000000,0.023092,8.722575
9,65,0.000000,0.048154,8.722575
10,65,0.000000,0.048154,8.722575
1,66,0.000000,0.578332,1.403803
2,66,0.000000,0.602572,1.300768
3,66,0.000000,0.592676,1.338405
4,66,0.000000,0.592676,1.338405
5,66,0.000000,0.620800,1.566328
6,66,0.000000,0.620800,1.566328
7,66,0.000000,0.606009,1.214021
8,66,0.000000,0.595601,1.586511
9,66,0.000000,0.624816,1.541059
10,66,0.000000,0.596025,1.511653
1,67,0.000000,0.152853,14.013195
2,67,0.000000,0.171012,13.839042
3,67,0.000000,0.227923,13.522161
4,67,0.000000,0.217245,14.355750
5,67,0.000000,0.105367,14.159275
6,67,0.000000,0.139822,13.852059
7,67,0.000000,0.228888,14.124314
8,67,0.000000,0.147564,14.219180
9,67,0.000000,0.035803,14.974768
10,67,0.000000,0.073200,15.441337
1,68,0.000000,-0.479410,3.447112
2,68,0.000000,-0.479410,3.447112
3,68,0.000000,-0.491497,3.490172
4,68,0.000000,-0.491497,3.490172
5,68,0.000000,-0.450609,3.584695
6,68,0.000000,-0.450609,3.984322
7,68,0.000000,-0.495145,3.257415
8,68,0.000000,-0.482806,3.393135
9,68,0.000000,-0.497077,3.681849
10,68,0.000000,-0.470065,4.076301
1,69,0.000000,-0.190291,5.477153
2,69,0.000000,-0.240671,5.244372
3,69,0.000000,-0.289071,4.884609
4,69,0.000000,-0.289071,4.864758
5,69,0.000000,-0.270901,4.826991
6,69,0.000000,-0.270901,4.826991
7,69,0.000000,-0.256167,4.907200
8,69,0.000000,-0.256167,4.907200
9,69,0.000000,-0.235684,5.210069
10,69,0.000000,-0.235684,5.416868
1,70,0.000000,-0.522709,4.006461
2,70,0.000000,-0.524775,4.006461
3,70,0.000000,-0.483922,4.179090
4,70,0.000000,-0.578662,4.179090
5,70,0.000000,-0.578662,3.198646
6,70,0.000000,-0.540531,3.359283
7,70,0.000000,-0.540531,3.472808
8,70,0.000000,-0.540531,3.246397
9,70,0.000000,-0.540531,3.341365
10,70,0.000000,-0.510336,3.815181
1,71,0.000000,-0.870781,4.509836
2,71,0.000000,-0.796652,4.112680
3,71,0.000000,-0.881114,4.435457
4,71,0.000000,-0.823266,3.876049
5,71,0.000000,-0.857835,3.707997
6,71,0.000000,-0.840006,3.878979
7,71,0.000000,-0.897153,4.045863
8,71,0.000000,-0.767833,3.931683
9,71,0.000000,-0.797191,3.518351
10,71,0.000000,-0.940728,3.621913
1,72,0.000000,-0.765715,-4.532303
2,72,0.000000,-0.767146,-4.490746
3,72,0.000000,-0.767146,-4.490746
4,72,0.000000,-0.779201,-4.407198
5,72,0.000000,-0.763101,-4.899487
6,72,0.000000,-0.775619,-4.844778
7,72,0.000000,-0.775619,-4.595466
8,72,0.000000,-0.704863,-4.359191
9,72,0.000000,-0.767107,-4.364364
10,72,0.000000,-0.767107,-4.498501
1,73,0.000000,0.103295,-0.703101
2,73,0.000000,0.067813,-0.971300
3,73,0.000000,0.067813,-0.971300
4,73,0.000000,0.092691,-0.712845
5,73,0.000000,0.089885,-0.533419
6,73,0.000000,0.088162,-0.535526
7,73,0.000000,0.096048,-0.535526
8,73,0.000000,0.075889,-1.000428
9,73,0.000000,0.140222,-0.296677
10,73,0.000000,0.144761,-0.417234
1,74,0.000000,0.225259,5.481085
2,74,0.000000,0.238166,5.481085
3,74,0.000000,0.238166,5.592701
4,74,0.000000,0.229629,5.644678
5,74,0.000000,0.203860,5.477848
6,74,0.000000,0.226721,5.470871
7,74,0.000000,0.226721,5.470871
8,74,0.000000,0.226721,5.470871
9,74,0.000000,0.236750,5.361964
10,74,0.000000,0.236750,5.395739
1,75,0.000000,-0.675445,-0.856188
2,75,0.000000,-0.675445,-0.988461
3,75,0.000000,-0.675445,-0.988461
4,75,0.000000,-0.682483,-1.034977
5,75,0.000000,-0.695930,-1.292924
6,75,0.000000,-0.653992,-1.142272
7,75,0.000000,-0.718300,-1.771474
8,75,0.000000,-0.741233,-1.582969
9,75,0.000000,-0.695366,-1.497706
10,75,0.000000,-0.695366,-1.093249
1,76,0.000000,0.141135,3.096027
2,76,0.000000,0.164007,2.793824
3,76,0.000000,0.176907,2.877804
4,76,0.000000,0.194561,2.645121
5,76,0.000000,0.286746,2.826544
6,76,0.000000,0.178772,3.398879
7,76,0.000000,0.087555,3.176137
8,76,0.000000,0.151711,3.064590
9,76,0.000000,0.138971,3.283365
10,76,0.000000,0.073736,3.517554
1,77,0.000000,0.252507,-7.776256
2,77,0.000000,0.252507,-7.604938
3,77,0.000000,0.252507,-7.604938
4,77,0.000000,0.252507,-8.008643
5,77,0.000000,0.271825,-7.502579
6,77,0.000000,0.271825,-7.524094
7,77,0.000000,0.271825,-7.609489
8,77,0.000000,0.287269,-7.722885
9,77,0.000000,0.304291,-7.596826
10,77,0.000000,0.267102,-7.573197
1,78,0.000000,0.598947,5.667308
2,78,0.000000,0.633765,5.796801
3,78,0.000000,0.624265,5.802804
4,78,0.000000,0.634890,5.871404
5,78,0.000000,0.634890,5.871404
6,78,0.000000,0.625842,5.703304
7,78,0.000000,0.586746,5.704821
8,78,0.000000,0.579012,5.567836
9,78,0.000000,0.579012,5.256500
10,78,0.000000,0.512713,5.256294
1,79,0.000000,-0.407511,-3.646955
2,79,0.000000,-0.424913,-3.646955
3,79,0.000000,-0.424913,-3.733324
4,79,0.000000,-0.424913,-3.733324
5,79,0.000000,-0.440187,-3.733324
6,79,0.000000,-0.445823,-3.824390
7,79,0.000000,-0.446107,-4.059570
8,79,0.000000,-0.465634,-3.984763
9,79,0.000000,-0.465634,-4.085935
10,79,0.000000,-0.478124,-4.384254
1,80,0.000000,0.042471,19.229757
2,80,0.000000,0.208048,18.054456
3,80,0.000000,0.353768,17.593256
4,80,0.000000,0.141742,18.024610
5,80,0.000000,-0.005040,18.341295
6,80,0.000000,0.073246,17.575631
7,80,0.000000,0.091462,16.993903
8,80,0.000000,0.247895,17.445642
9,80,0.000000,0.195989,15.995684
10,80,0.000000,0.225670,16.360252
1,81,0.000000,-0.364893,-7.884798
2,81,0.000000,-0.352857,-7.615297
3,81,0.000000,-0.352857,-7.327574
4,81,0.000000,-0.362865,-7.605917
5,81,0.000000,-0.358950,-7.556018
6,81,0.000000,-0.358950,-7.714170
7,81,0.000000,-0.393068,-7.979469
8,81,0.000000,-0.469456,-8.869960
9,81,0.000000,-0.493537,-8.733425
10,81,0.000000,-0.476223,-8.891094
1,82,0.000000,-0.246338,0.210872
2,82,0.000000,-0.274436,-0.058436
3,82,0.000000,-0.322637,0.067990
4,82,0.000000,-0.300126,-0.006393
5,82,0.000000,-0.297948,-0.163579
6,82,0.000000,-0.297948,-0.163579
7,82,0.000000,-0.260580,-0.035880
8,82,0.000000,-0.260580,-0.087508
9,82,0.000000,-0.314879,-0.082788
10,82,0.000000,-0.340174,-0.082788
1,83,0.000000,-0.353987,-0.137081
2,83,0.000000,-0.263580,-0.048048
3,83,0.000000,-0.172326,-0.081672
4,83,0.000000,-0.344756,-0.416537
5,83,0.000000,-0.367329,-0.376706
6,83,0.000000,-0.367329,-0.596116
7,83,0.000000,-0.353004,-0.522761
8,83,0.000000,-0.286406,-0.365344
9,83,0.000000,-0.289874,-0.254421
10,83,0.000000,-0.329531,-0.254421
1,84,0.000000,-0.452012,-8.332789
2,84,0.000000,-0.476280,-8.149841
3,84,0.000000,-0.476280,-8.149841
4,84,0.000000,-0.510517,-8.862070
5,84,0.000000,-0.510517,-8.687571
6,84,0.000000,-0.561086,-9.090033
7,84,0.000000,-0.561086,-9.476775
8,84,0.000000,-0.580005,-9.410301
9,84,0.000000,-0.580005,-9.420213
10,84,0.000000,-0.493018,-8.399325
1,85,0.000000,-0.887885,-1.687067
2,85,0.000000,-0.886379,-1.906361
3,85,0.000000,-0.916825,-1.496791
4,85,0.000000,-0.890873,-1.451132
5,85,0.000000,-0.908947,-1.947135
6,85,0.000000,-0.908947,-2.027441
7,85,0.000000,-0.929731,-1.760245
8,85,0.000000,-0.902322,-2.200958
9,85,0.000000,-0.998618,-2.859328
10,85,0.000000,-1.100495,-3.038166
1,86,0.000000,0.300511,4.370975
2,86,0.000000,0.300511,4.370975
3,86,0.000000,0.300511,4.314510
4,86,0.000000,0.268029,4.154445
5,86,0.000000,0.321177,4.523728
6,86,0.000000,0.332556,4.527954
7,86,0.000000,0.324285,4.527954
8,86,0.000000,0.324285,4.527954
9,86,0.000000,0.301743,4.342690
10,86,0.000000,0.301743,4.342363
1,87,0.000000,0.552256,-6.949428
2,87,0.000000,0.598732,-6.949428
3,87,0.000000,0.598732,-6.824409
4,87,0.000000,0.598732,-6.840178
5,87,0.000000,0.655362,-6.775373
6,87,0.000000,0.599350,-6.847075
7,87,0.000000,0.585330,-6.863738
8,87,0.000000,0.540064,-6.769307
9,87,0.000000,0.540064,-6.769307
10,87,0.000000,0.698243,-6.730706
1,88,0.000000,-0.000243,-0.378659
2,88,0.000000,-0.000243,-0.378659
3,88,0.000000,-0.035707,-0.814756
4,88,0.000000,-0.046697,-0.624634
5,88,0.000000,-0.040335,-0.615323
6,88,0.000000,-0.035763,-0.676392
7,88,0.000000,-0.048621,-0.691902
8,88,0.000000,-0.048621,-0.691902
9,88,0.000000,-0.048621,-0.691902
10,88,0.000000,-0.096869,-1.149556
1,89,0.000000,-0.051784,-12.841142
2,89,0.000000,-0.048465,-12.739448
3,89,0.000000,-0.048465,-12.725571
4,89,0.000000,-0.048465,-12.725571
5,89,0.000000,-0.048465,-12.725571
6,89,0.000000,-0.048465,-12.734203
7,89,0.000000,-0.074824,-12.934293
8,89,0.000000,-0.074824,-12.934293
9,89,0.000000,-0.074824,-13.001667
10,89,0.000000,-0.085420,-13.194077
1,90,0.000000,0.320816,7.889219
2,90,0.000000,0.295282,7.949506
3,90,0.000000,0.385190,8.076053
4,90,0.000000,0.385190,8.076053
5,90,0.000000,0.378294,8.028061
6,90,0.000000,0.361421,8.028061
7,90,0.000000,0.428626,8.028061
8,90,0.000000,0.309483,7.986845
9,90,0.000000,0.377074,7.933257
10,90,0.000000,0.345910,7.831031
1,91,0.000000,-0.238649,9.117206
2,91,0.000000,-0.176182,9.014850
3,91,0.000000,-0.200394,8.671449
4,91,0.000000,-0.214850,9.089789
5,91,0.000000,-0.273837,9.173919
6,91,0.000000,-0.238140,8.414684
7,91,0.000000,-0.112141,8.020904
8,91,0.000000,-0.072792,8.198210
9,91,0.000000,-0.043139,8.095907
10,91,0.000000,-0.072943,7.799035
1,92,0.000000,-0.465032,-9.121059
2,92,0.000000,-0.454415,-9.007673
3,92,0.000000,-0.454415,-9.007673
4,92,0.000000,-0.457885,-9.120353
5,92,0.000000,-0.457885,-9.120353
6,92,0.000000,-0.457885,-8.965859
7,92,0.000000,-0.461708,-9.201085
8,92,0.000000,-0.456272,-9.048722
9,92,0.000000,-0.479084,-9.181512
10,92,0.000000,-0.445750,-8.856880
1,93,0.000000,-0.117150,-9.378390
2,93,0.000000,-0.089460,-9.378390
3,93,0.000000,-0.089460,-9.378390
4,93,0.000000,-0.089460,-9.351684
5,93,0.000000,-0.089460,-9.351684
6,93,0.000000,-0.117852,-9.775472
7,93,0.000000,-0.111555,-9.457651
8,93,0.000000,-0.111555,-9.457651
9,93,0.000000,-0.101136,-9.562920
10,93,0.000000,-0.110317,-9.562920
1,94,0.000000,-0.018593,8.440157
2,94,0.000000,0.015990,8.402224
3,94,0.000000,0.015990,8.636521
4,94,0.000000,0.060843,8.999261
5,94,0.000000,0.108115,9.039338
6,94,0.000000,0.108115,9.039338
7,94,0.000000,0.108115,9.201208
8,94,0.000000,0.108115,8.832930
9,94,0.000000,0.086226,8.713212
10,94,0.000000,0.012519,8.423855
1,95,0.000000,-0.076935,-6.285972
2,95,0.000000,-0.083093,-6.285972
3,95,0.000000,-0.083093,-6.285972
4,95,0.000000,-0.078123,-6.338595
5,95,0.000000,-0.078123,-6.338595
6,95,0.000000,-0.078123,-6.338595
7,95,0.000000,-0.078123,-6.338595
8,95,0.000000,-0.078123,-6.338595
9,95,0.000000,-0.078123,-6.338595
10,95,0.000000,-0.078123,-6.338595
1,96,0.000000,0.187158,-4.085977
2,96,0.000000,0.172546,-4.135053
3,96,0.000000,0.159587,-4.280778
4,96,0.000000,0.178337,-3.959662
5,96,0.000000,0.185135,-4.005721
6,96,0.000000,0.185135,-4.005721
7,96,0.000000,0.185135,-3.574177
8,96,0.000000,0.185135,-3.772398
9,96,0.000000,0.185135,-3.885813
10,96,0.000000,0.161581,-3.994017
1,97,0.000000,0.028180,1.114250
2,97,0.000000,0.042038,1.114250
3,97,0.000000,0.028007,1.203777
4,97,0.000000,0.044705,1.290201
5,97,0.000000,0.044455,1.218633
6,97,0.000000,0.045552,1.450444
7,97,0.000000,0.045552,1.462444
8,97,0.000000,0.043548,1.393448
9,97,0.000000,0.032590,1.190643
10,97,0.000000,0.032590,1.190643
1,98,0.000000,0.397463,-7.481191
2,98,0.000000,0.397463,-7.481191
3,98,0.000000,0.397463,-7.481191
4,98,0.000000,0.397463,-7.481191
5,98,0.000000,0.397463,-7.481191
6,98,0.000000,0.397463,-7.481191
7,98,0.000000,0.383014,-7.481191
8,98,0.000000,0.383014,-7.481191
9,98,0.000000,0.368703,-7.695996
10,98,0.000000,0.350371,-7.847968
1,99,0.000000,-0.131884,6.220820
2,99,0.000000,-0.096198,5.865085
3,99,0.000000,-0.056357,5.638485
4,99,0.000000,-0.065709,6.232174
5,99,0.000000,-0.043268,6.101790
6,99,0.000000,-0.074596,6.224489
7,99,0.000000,-0.206004,6.497985
8,99,0.000000,-0.167413,6.247574
9,99,0.000000,-0.060367,6.846094
10,99,0.000000,-0.173428,6.276699
1,100,0.000000,0.336808,-2.498984
2,100,0.000000,0.332630,-2.356824
3,100,0.000000,0.332630,-2.356824
4,100,0.000000,0.352274,-2.327406
5,100,0.000000,0.352274,-2.327406
6,100,0.000000,0.352274,-2.469489
7,100,0.000000,0.352170,-2.316137
8,100,0.000000,0.352170,-2.316137
9,100,0.000000,0.368108,-2.316137
10,100,0.000000,0.353733,-2.229046
1,101,0.000000,0.558185,-2.943119
2,101,0.000000,0.608460,-2.770847
3,101,0.000000,0.629874,-3.070239
4,101,0.000000,0.597186,-2.906033
5,101,0.000000,0.597186,-2.906033
6,101,0.000000,0.633963,-2.906033
7,101,0.000000,0.619338,-2.645162
8,101,0.000000,0.619338,-2.645162
9,101,0.000000,0.642130,-2.675779
10,101,0.000000,0.642130,-2.675779
1,102,0.000000,-0.068281,6.824388
2,102,0.000000,-0.068486,7.002548
3,102,0.000000,-0.079972,7.002548
4,102,0.000000,-0.123172,6.245546
5,102,0.000000,-0.091254,5.976862
6,102,0.000000,-0.026223,4.789256
7,102,0.000000,-0.057749,6.289419
8,102,0.000000,-0.035546,6.135859
9,102,0.000000,-0.120786,5.987262
10,102,0.000000,0.011155,5.528554
1,103,0.000000,0.165335,10.276147
2,103,0.000000,0.158696,10.449001
3,103,0.000000,0.165418,10.449001
4,103,0.000000,0.113596,11.155851
5,103,0.000000,0.157207,10.398786
6,103,0.000000,0.157207,10.642202
7,103,0.000000,0.233436,10.297042
8,103,0.000000,0.148523,10.297042
9,103,0.000000,0.147295,10.501922
10,103,0.000000,0.110037,10.501922
1,104,0.000000,0.465746,-4.018420
2,104,0.000000,0.455456,-3.987434
3,104,0.000000,0.455456,-3.987434
4,104,0.000000,0.455456,-3.987434
5,104,0.000000,0.455456,-3.987434
6,104,0.000000,0.454853,-3.987434
7,104,0.000000,0.454853,-3.987434
8,104,0.000000,0.445213,-4.074409
9,104,0.000000,0.445213,-4.074409
10,104,0.000000,0.435765,-4.166262
1,105,0.000000,-0.015861,10.905857
2,105,0.000000,-0.063577,11.507452
3,105,0.000000,-0.123364,11.136055
4,105,0.000000,-0.102493,11.326898
5,105,0.000000,-0.090555,10.828869
6,105,0.000000,-0.111925,10.870918
7,105,0.000000,0.094340,11.099917
8,105,0.000000,-0.014873,11.092120
9,105,0.000000,-0.068494,11.040058
10,105,0.000000,0.044928,10.761499
1,106,0.000000,1.238696,3.621925
2,106,0.000000,1.237531,3.621925
3,106,0.000000,1.220327,3.641050
4,106,0.000000,1.231150,3.641050
5,106,0.000000,1.231150,3.656215
6,106,0.000000,1.228943,3.627636
7,106,0.000000,1.228943,3.627636
8,106,0.000000,1.188333,3.627636
9,106,0.000000,1.174604,3.462491
10,106,0.000000,1.174604,3.462491
1,107,0.000000,-0.620973,-13.159167
2,107,0.000000,-0.647388,-13.709917
3,107,0.000000,-0.633784,-13.316707
4,107,0.000000,-0.633784,-13.125190
5,107,0.000000,-0.629357,-13.442813
6,107,0.000000,-0.608095,-12.883902
7,107,0.000000,-0.599783,-12.588682
8,107,0.000000,-0.599783,-13.118850
9,107,0.000000,-0.597807,-13.118850
10,107,0.000000,-0.615145,-12.983196
1,108,0.000000,0.781265,-1.661525
2,108,0.000000,0.773768,-1.635517
3,108,0.000000,0.787584,-1.851434
4,108,0.000000,0.642837,-1.851434
5,108,0.000000,0.684267,-2.165030
6,108,0.000000,0.657129,-1.933083
7,108,0.000000,0.579211,-1.697422
8,108,0.000000,0.580126,-1.697422
9,108,0.000000,0.657864,-1.697422
10,108,0.000000,0.657864,-1.697422
1,109,0.000000,0.416441,-3.169091
2,109,0.000000,0.402570,-3.338220
3,109,0.000000,0.405890,-3.338220
4,109,0.000000,0.447856,-3.051464
5,109,0.000000,0.441250,-3.056805
6,109,0.000000,0.442383,-3.068773
7,109,0.000000,0.463438,-3.124060
8,109,0.000000,0.382128,-3.317502
9,109,0.000000,0.382128,-3.317502
10,109,0.000000,0.382128,-3.182949
1,110,0.000000,-0.788800,-10.463255
2,110,0.000000,-0.759977,-9.914526
3,110,0.000000,-0.786729,-10.131329
4,110,0.000000,-0.790440,-10.085136
5,110,0.000000,-0.808820,-10.189851
6,110,0.000000,-0.787389,-10.189851
7,110,0.000000,-0.781737,-9.537219
8,110,0.000000,-0.587175,-7.978861
9,110,0.000000,-0.622359,-8.192667
10,110,0.000000,-0.607812,-8.077416
1,111,0.000000,0.381931,-13.315846
2,111,0.000000,0.290313,-13.640033
3,111,0.000000,0.274370,-13.720395
4,111,0.000000,0.274370,-13.720395
5,111,0.000000,0.274370,-13.572935
6,111,0.000000,0.274370,-13.572935
7,111,0.000000,0.311441,-13.572935
8,111,0.000000,0.364903,-13.549861
9,111,0.000000,0.349005,-13.549861
10,111,0.000000,0.307333,-13.549861
1,112,0.000000,-0.473711,-3.464694
2,112,0.000000,-0.508977,-3.677470
3,112,0.000000,-0.500567,-3.601621
4,112,0.000000,-0.499211,-3.406372
5,112,0.000000,-0.499564,-3.572195
6,112,0.000000,-0.499564,-3.615090
7,112,0.000000,-0.499564,-3.615090
8,112,0.000000,-0.504366,-3.615090
9,112,0.000000,-0.504366,-3.566688
10,112,0.000000,-0.504366,-3.616992
1,113,0.000000,0.294989,-1.700865
2,113,0.000000,0.294989,-1.700865
3,113,0.000000,0.320764,-1.558837
4,113,0.000000,0.313411,-1.558837
5,113,0.000000,0.313411,-1.558837
6,113,0.000000,0.313411,-1.517500
7,113,0.000000,0.306964,-1.517500
8,113,0.000000,0.306964,-1.431009
9,113,0.000000,0.306964,-1.621973
10,113,0.000000,0.306964,-1.621973
1,114,0.000000,-0.826492,-6.691392
2,114,0.000000,-0.826492,-6.691392
3,114,0.000000,-0.826492,-6.577534
4,114,0.000000,-0.862779,-6.871033
5,114,0.000000,-0.818784,-6.881768
6,114,0.000000,-0.818784,-6.601661
7,114,0.000000,-0.830953,-6.619960
8,114,0.000000,-0.834123,-6.619960
9,114,0.000000,-0.792162,-6.184654
10,114,0.000000,-0.795202,-6.072548
1,115,0.000000,-0.184065,-1.363950
2,115,0.000000,-0.191529,-1.289727
3,115,0.000000,-0.191529,-1.289727
4,115,0.000000,-0.132338,-1.289727
5,115,0.000000,-0.123227,-0.903719
6,115,0.000000,-0.123227,-0.903719
7,115,0.000000,-0.115981,-0.574001
8,115,0.000000,-0.097670,-0.545346
9,115,0.000000,-0.117557,-0.887617
10,115,0.000000,-0.132690,-0.989005
1,116,0.000000,0.206407,-7.728825
2,116,0.000000,0.206459,-7.728825
3,116,0.000000,0.206459,-7.728825
4,116,0.000000,0.200272,-7.872478
5,116,0.000000,0.207394,-7.853569
6,116,0.000000,0.236601,-7.461450
7,116,0.000000,0.226681,-7.420052
8,116,0.000000,0.199365,-7.691117
9,116,0.000000,0.232117,-7.562936
10,116,0.000000,0.232117,-7.389401
1,117,0.000000,0.120941,9.686143
2,117,0.000000,0.066508,9.103272
3,117,0.000000,0.023346,9.033424
4,117,0.000000,0.145392,9.243922
5,117,0.000000,0.102312,9.395972
6,117,0.000000,0.139389,9.840908
7,117,0.000000,0.162382,9.867326
8,117,0.000000,0.084578,9.591137
9,117,0.000000,0.232444,10.022745
10,117,0.000000,0.192227,9.495541
1,118,0.000000,-1.032437,12.529034
2,118,0.000000,-0.931016,12.585059
3,118,0.000000,-0.936182,12.095621
4,118,0.000000,-0.893782,11.698767
5,118,0.000000,-0.987116,10.791401
6,118,0.000000,-0.784546,11.618308
7,118,0.000000,-0.835754,10.959008
8,118,0.000000,-0.961933,11.652034
9,118,0.000000,-0.969904,11.081769
10,118,0.000000,-0.777118,10.600300
1,119,0.000000,1.118718,-5.358911
2,119,0.000000,1.136851,-5.358911
3,119,0.000000,1.136851,-5.358911
4,119,0.000000,1.136851,-5.358911
5,119,0.000000,1.136851,-5.358911
6,119,0.000000,1.136851,-5.358911
7,119,0.000000,1.136851,-5.358911
8,119,0.000000,1.136851,-5.358911
9,119,0.000000,1.136851,-5.358911
10,119,0.000000,1.136851,-5.358911
1,120,0.000000,0.989534,12.453677
2,120,0.000000,0.926691,11.875182
3,120,0.000000,0.742895,12.255476
4,120,0.000000,0.735676,12.703630
5,120,0.000000,0.744673,13.014054
6,120,0.000000,0.750073,12.780881
7,120,0.000000,0.589656,13.183824
8,120,0.000000,0.444654,13.194605
9,120,0.000000,0.491871,13.459187
10,120,0.000000,0.512138,13.471499
1,121,0.000000,0.002191,-3.420978
2,121,0.000000,0.018216,-3.420978
3,121,0.000000,0.031259,-3.585670
4,121,0.000000,0.000133,-3.307705
5,121,0.000000,0.008234,-3.562957
6,121,0.000000,0.022389,-3.587361
7,121,0.000000,0.004156,-3.620634
8,121,0.000000,0.004156,-3.620634
9,121,0.000000,0.004156,-3.620634
10,121,0.000000,0.004156,-3.571317
1,122,0.000000,-0.149192,12.222305
2,122,0.000000,-0.158260,12.806011
3,122,0.000000,-0.248470,12.801928
4,122,0.000000,-0.268486,12.666406
5,122,0.000000,-0.232744,12.388735
6,122,0.000000,-0.145183,12.395083
7,122,0.000000,-0.145183,12.395083
8,122,0.000000,-0.078597,12.733826
9,122,0.000000,-0.063894,12.475481
10,122,0.000000,-0.080742,12.500967
1,123,0.000000,0.032133,15.548877
2,123,0.000000,0.089839,15.548877
3,123,0.000000,0.057632,15.512418
4,123,0.000000,0.140214,15.611522
5,123,0.000000,-0.033274,15.529239
6,123,0.000000,-0.017441,15.476837
7,123,0.000000,0.048642,15.245683
8,123,0.000000,0.030025,15.429236
9,123,0.000000,0.103160,15.374556
10,123,0.000000,0.018236,15.395770
1,124,0.000000,-0.054749,9.212482
2,124,0.000000,0.001704,9.212482
3,124,0.000000,-0.001727,8.740305
4,124,0.000000,-0.077215,8.983887
5,124,0.000000,-0.014694,8.910090
6,124,0.000000,-0.014694,8.795782
7,124,0.000000,-0.032088,9.414005
8,124,0.000000,0.041303,8.982770
9,124,0.000000,-0.072826,8.982770
10,124,0.000000,0.008067,8.982770
1,125,0.000000,0.115989,3.782004
2,125,0.000000,0.120973,3.996802
3,125,0.000000,0.164642,4.294717
4,125,0.000000,0.153409,4.294717
5,125,0.000000,0.153409,4.013611
6,125,0.000000,0.153409,4.013611
7,125,0.000000,0.151777,4.110947
8,125,0.000000,0.151777,4.110947
9,125,0.000000,0.183609,4.146165
10,125,0.000000,0.182364,3.799881
1,126,0.000000,-0.770126,-0.186726
2,126,0.000000,-0.706321,0.103259
3,126,0.000000,-0.673933,0.009842
4,126,0.000000,-0.673933,-0.061444
5,126,0.000000,-0.724865,-0.203382
6,126,0.000000,-0.759196,-0.487213
7,126,0.000000,-0.744732,-0.313486
8,126,0.000000,-0.722201,-0.500249
9,126,0.000000,-0.710200,-0.362615
10,126,0.000000,-0.659403,-0.050216
1,127,0.000000,-0.500494,8.111775
2,127,0.000000,-0.516195,7.843428
3,127,0.000000,-0.485112,7.701988
4,127,0.000000,-0.423950,7.468730
5,127,0.000000,-0.490810,7.653283
6,127,0.000000,-0.403876,7.384394
7,127,0.000000,-0.471410,7.384394
8,127,0.000000,-0.471410,7.384394
9,127,0.000000,-0.455389,7.627488
10,127,0.000000,-0.455389,7.997492
1,128,0.000000,-1.249506,7.272358
2,128,0.000000,-1.327501,7.274611
3,128,0.000000,-1.214095,8.428708
4,128,0.000000,-1.271879,8.054818
5,128,0.000000,-1.401770,7.721634
6,128,0.000000,-1.333987,7.592484
7,128,0.000000,-1.428528,6.066398
8,128,0.000000,-1.546891,6.811028
9,128,0.000000,-1.464462,6.218312
10,128,0.000000,-1.282444,5.679508
1,129,0.000000,0.361755,13.373811
2,129,0.000000,0.361755,13.373811
3,129,0.000000,0.351779,13.251494
4,129,0.000000,0.351779,13.251494
5,129,0.000000,0.273269,13.178545
6,129,0.000000,0.314369,13.178545
7,129,0.000000,0.360030,13.245351
8,129,0.000000,0.364258,13.342024
9,129,0.000000,0.340213,13.275191
10,129,0.000000,0.400346,13.707100
1,130,0.000000,-0.677269,10.815610
2,130,0.000000,-0.695045,11.522742
3,130,0.000000,-0.683206,10.700953
4,130,0.000000,-0.713399,11.239486
5,130,0.000000,-0.697034,10.657915
6,130,0.000000,-0.650951,10.878815
7,130,0.000000,-0.650951,11.044435
8,130,0.000000,-0.627735,10.841602
9,130,0.000000,-0.620577,10.689763
10,130,0.000000,-0.654903,11.410788
1,131,0.000000,0.416518,-8.111606
2,131,0.000000,0.416518,-8.111606
3,131,0.000000,0.416518,-8.111606
4,131,0.000000,0.416518,-8.111606
5,131,0.000000,0.416518,-8.111606
6,131,0.000000,0.416518,-8.295688
7,131,0.000000,0.409985,-8.265646
8,131,0.000000,0.426135,-8.100237
9,131,0.000000,0.401311,-8.100237
10,131,0.000000,0.401311,-8.100237
1,132,0.000000,-0.568723,-3.560450
2,132,0.000000,-0.531575,-3.560450
3,132,0.000000,-0.580842,-4.079798
4,132,0.000000,-0.573966,-4.107096
5,132,0.000000,-0.514293,-3.844107
6,132,0.000000,-0.599996,-3.883738
7,132,0.000000,-0.587765,-3.960007
8,132,0.000000,-0.582394,-4.275708
9,132,0.000000,-0.582394,-4.089787
10,132,0.000000,-0.590222,-4.089787
1,133,0.000000,0.297574,0.972951
2,133,0.000000,0.283309,0.755599
3,133,0.000000,0.248405,0.625743
4,133,0.000000,0.248405,0.625743
5,133,0.000000,0.231251,0.615767
6,133,0.000000,0.265123,0.822382
7,133,0.000000,0.265123,0.822382
8,133,0.000000,0.265123,0.822382
9,133,0.000000,0.277700,0.836832
10,133,0.000000,0.261202,0.786182
1,134,0.000000,0.448813,5.318456
2,134,0.000000,0.470068,5.136463
3,134,0.000000,0.423098,5.524364
4,134,0.000000,0.412049,5.512312
5,134,0.000000,0.311243,5.867302
6,134,0.000000,0.311243,5.467023
7,134,0.000000,0.446754,5.199384
8,134,0.000000,0.471499,5.096165
9,134,0.000000,0.419991,5.366400
10,134,0.000000,0.337914,5.626183
1,135,0.000000,-0.637629,2.622138
2,135,0.000000,-0.675444,3.066731
3,135,0.000000,-0.711755,2.086505
4,135,0.000000,-0.769623,2.627652
5,135,0.000000,-0.850390,3.141970
6,135,0.000000,-0.737282,3.179950
7,135,0.000000,-0.754179,2.871101
8,135,0.000000,-0.796257,2.691152
9,135,0.000000,-0.875027,2.693789
10,135,0.000000,-0.888593,3.737584
1,136,0.000000,1.554844,-0.234008
2,136,0.000000,1.554844,-0.234008
3,136,0.000000,1.520374,-0.234008
4,136,0.000000,1.356587,-0.402478
5,136,0.000000,1.308036,-0.363170
6,136,0.000000,1.355300,-0.327163
7,136,0.000000,1.435248,-0.327163
8,136,0.000000,1.198325,-0.448328
9,136,0.000000,1.277690,-0.448328
10,136,0.000000,1.254944,-0.448328
1,137,0.000000,0.083527,4.163050
2,137,0.000000,0.107381,4.118361
3,137,0.000000,0.078001,4.118361
4,137,0.000000,0.011529,4.475793
5,137,0.000000,0.004574,4.437721
6,137,0.000000,0.004574,4.415968
7,137,0.000000,-0.051713,4.364153
8,137,0.000000,-0.121073,4.510531
9,137,0.000000,-0.121073,4.504452
10,137,0.000000,-0.039542,4.504452
1,138,0.000000,1.348239,-3.283770
2,138,0.000000,1.354506,-3.283770
3,138,0.000000,1.354506,-3.283770
4,138,0.000000,1.295950,-3.396818
5,138,0.000000,1.282069,-3.396818
6,138,0.000000,1.258583,-3.396818
7,138,0.000000,1.284533,-3.382456
8,138,0.000000,1.364087,-3.303145
9,138,0.000000,1.364087,-3.303145
10,138,0.000000,1.364087,-3.303145
1,139,0.000000,-0.390519,-16.636232
2,139,0.000000,-0.390519,-16.636232
3,139,0.000000,-0.390519,-16.636232
4,139,0.000000,-0.421055,-16.676728
5,139,0.000000,-0.391103,-16.458207
6,139,0.000000,-0.391103,-16.458207
7,139,0.000000,-0.391103,-16.458207
8,139,0.000000,-0.383336,-16.392562
9,139,0.000000,-0.380435,-16.392562
10,139,0.000000,-0.380435,-16.392562
1,140,0.000000,-0.711955,6.271488
2,140,0.000000,-0.862391,6.298096
3,140,0.000000,-0.884318,7.845522
4,140,0.000000,-0.929438,7.026980
5,140,0.000000,-0.985884,7.692217
6,140,0.000000,-0.840251,7.244753
7,140,0.000000,-0.845922,7.156821
8,140,0.000000,-0.971753,7.081722
9,140,0.000000,-1.002748,7.515238
10,140,0.000000,-0.890930,7.232740
1,141,0.000000,-0.321598,-1.373759
2,141,0.000000,-0.321598,-1.373759
3,141,0.000000,-0.295811,-0.828991
4,141,0.000000,-0.295811,-0.828991
5,141,0.000000,-0.307067,-0.828991
6,141,0.000000,-0.286286,-0.828991
7,141,0.000000,-0.286286,-0.828991
8,141,0.000000,-0.309973,-1.150276
9,141,0.000000,-0.304741,-1.211335
10,141,0.000000,-0.300987,-0.912659
1,142,0.000000,0.105375,-12.596665
2,142,0.000000,0.105375,-12.596665
3,142,0.000000,0.105375,-12.596665
4,142,0.000000,0.122898,-12.596665
5,142,0.000000,0.105585,-12.852475
6,142,0.000000,0.075616,-12.884840
7,142,0.000000,0.075616,-12.906379
8,142,0.000000,0.075616,-12.737781
9,142,0.000000,0.072461,-12.878742
10,142,0.000000,0.072461,-12.878742
1,143,0.000000,0.245068,4.314962
2,143,0.000000,0.392635,4.314962
3,143,0.000000,0.346680,4.314962
4,143,0.000000,0.309025,4.314962
5,143,0.000000,0.192462,4.222367
6,143,0.000000,0.157720,4.614621
7,143,0.000000,0.247834,4.614621
8,143,0.000000,0.250540,4.308414
9,143,0.000000,0.330882,4.196547
10,143,0.000000,0.324811,4.196547
1,144,0.000000,-0.383731,-6.571145
2,144,0.000000,-0.389288,-6.468890
3,144,0.000000,-0.389288,-6.468890
4,144,0.000000,-0.389288,-6.468890
5,144,0.000000,-0.398082,-6.553951
6,144,0.000000,-0.406350,-6.771919
7,144,0.000000,-0.406350,-6.771919
8,144,0.000000,-0.406350,-6.679408
9,144,0.000000,-0.402507,-6.679408
10,144,0.000000,-0.402507,-6.637047
1,145,0.000000,0.436610,9.978229
2,145,0.000000,0.424243,11.317165
3,145,0.000000,0.257693,10.191425
4,145,0.000000,0.252827,9.560742
5,145,0.000000,0.210724,9.358423
6,145,0.000000,0.193872,10.642245
7,145,0.000000,0.187244,11.245646
8,145,0.000000,0.412428,10.110068
9,145,0.000000,0.501369,11.209111
10,145,0.000000,0.210304,11.440320
1,146,0.000000,0.155586,-3.121386
2,146,0.000000,0.156128,-2.883648
3,146,0.000000,0.156128,-2.989359
4,146,0.000000,0.093494,-3.783589
5,146,0.000000,0.093494,-3.573544
6,146,0.000000,0.079163,-3.940748
7,146,0.000000,0.079163,-3.940748
8,146,0.000000,0.098913,-3.271840
9,146,0.000000,0.098913,-3.436420
10,146,0.000000,0.098913,-3.436420
1,147,0.000000,0.485871,-12.000166
2,147,0.000000,0.473885,-12.096743
3,147,0.000000,0.497637,-11.722029
4,147,0.000000,0.500912,-11.891823
5,147,0.000000,0.500912,-11.806841
6,147,0.000000,0.479205,-11.923669
7,147,0.000000,0.560408,-11.469994
8,147,0.000000,0.561217,-11.469994
9,147,0.000000,0.561217,-11.469994
10,147,0.000000,0.561997,-11.542567
1,148,0.000000,-0.131745,-3.191390
2,148,0.000000,-0.131745,-3.191390
3,148,0.000000,-0.124669,-3.073929
4,148,0.000000,-0.124669,-3.073929
5,148,0.000000,-0.124669,-3.073929
6,148,0.000000,-0.124669,-3.073929
7,148,0.000000,-0.099679,-2.837792
8,148,0.000000,-0.080718,-2.821812
9,148,0.000000,-0.080718,-2.848532
10,148,0.000000,-0.080718,-2.747660
1,149,0.000000,0.058745,1.906132
2,149,0.000000,0.058745,1.906132
3,149,0.000000,0.082894,1.906132
4,149,0.000000,0.049665,1.691867
5,149,0.000000,0.049665,1.752412
6,149,0.000000,0.049665,1.705005
7,149,0.000000,0.049665,1.705005
8,149,0.000000,0.049665,1.705005
9,149,0.000000,0.049665,1.705005
10,149,0.000000,0.049665,1.820597
1,150,0.000000,-0.009046,1.727974
2,150,0.000000,0.005716,1.889338
3,150,0.000000,0.121879,1.886046
4,150,0.000000,-0.171225,2.028165
5,150,0.000000,-0.185050,1.810640
6,150,0.000000,-0.017604,1.810640
7,150,0.000000,0.022870,1.810640
8,150,0.000000,0.044176,1.810640
9,150,0.000000,-0.012900,1.962227
10,150,0.000000,0.071228,1.962227
1,151,0.000000,-0.939124,7.719902
2,151,0.000000,-0.934631,8.141218
3,151,0.000000,-0.886937,7.617516
4,151,0.000000,-0.877041,8.304069
5,151,0.000000,-1.025381,8.246089
6,151,0.000000,-1.083463,7.756863
7,151,0.000000,-1.064505,8.229595
8,151,0.000000,-1.025590,7.875511
9,151,0.000000,-1.053477,7.832348
10,151,0.000000,-1.032589,8.382978
1,152,0.000000,-0.259248,-0.460383
2,152,0.000000,-0.284165,-0.541267
3,152,0.000000,-0.273705,-0.455154
4,152,0.000000,-0.273705,-0.455154
5,152,0.000000,-0.295833,-0.488585
6,152,0.000000,-0.290383,-0.647159
7,152,0.000000,-0.290383,-0.647159
8,152,0.000000,-0.277697,-0.573449
9,152,0.000000,-0.277697,-0.737832
10,152,0.000000,-0.278793,-0.598195
1,153,0.000000,0.027661,4.393535
2,153,0.000000,0.051314,4.393535
3,153,0.000000,-0.012022,3.863121
4,153,0.000000,-0.023372,3.863121
5,153,0.000000,-0.011329,3.920133
6,153,0.000000,-0.025284,4.042742
7,153,0.000000,-0.053788,3.806560
8,153,0.000000,-0.070767,4.030239
9,153,0.000000,-0.033789,4.030239
10,153,0.000000,0.031856,4.250677
1,154,0.000000,1.551533,9.789520
2,154,0.000000,1.551533,9.575775
3,154,0.000000,1.518261,9.707313
4,154,0.000000,1.635501,9.559239
5,154,0.000000,1.632132,9.731334
6,154,0.000000,1.558031,9.864021
7,154,0.000000,1.315770,10.084407
8,154,0.000000,1.549122,10.039447
9,154,0.000000,1.489584,9.845205
10,154,0.000000,1.345571,9.952259
1,155,0.000000,-0.499041,2.338706
2,155,0.000000,-0.477282,2.868841
3,155,0.000000,-0.485442,2.868841
4,155,0.000000,-0.407597,2.901309
5,155,0.000000,-0.407718,2.704197
6,155,0.000000,-0.564884,2.274584
7,155,0.000000,-0.515396,2.698092
8,155,0.000000,-0.494384,2.485923
9,155,0.000000,-0.594394,1.946907
10,155,0.000000,-0.553348,2.686959
1,156,0.000000,0.023700,12.571314
2,156,0.000000,0.023700,12.917873
3,156,0.000000,0.023700,12.917873
4,156,0.000000,0.023700,12.917873
5,156,0.000000,0.004242,12.937895
6,156,0.000000,0.014666,12.914675
7,156,0.000000,0.024127,12.892576
8,156,0.000000,0.024127,12.892576
9,156,0.000000,-0.002552,12.766962
10,156,0.000000,0.078014,13.060897
1,157,0.000000,0.634029,-4.769413
2,157,0.000000,0.634029,-4.769413
3,157,0.000000,0.658037,-4.536926
4,157,0.000000,0.654137,-4.536766
5,157,0.000000,0.672177,-4.507513
6,157,0.000000,0.672177,-4.486962
7,157,0.000000,0.632225,-4.762495
8,157,0.000000,0.646362,-4.762495
9,157,0.000000,0.646362,-4.762495
10,157,0.000000,0.646362,-4.762495
1,158,0.000000,-0.094345,-10.282654
2,158,0.000000,-0.104589,-9.978060
3,158,0.000000,-0.104589,-9.978060
4,158,0.000000,-0.146605,-10.464025
5,158,0.000000,-0.153532,-10.977478
6,158,0.000000,-0.153532,-10.735695
7,158,0.000000,-0.173666,-11.141449
8,158,0.000000,-0.170184,-10.953101
9,158,0.000000,-0.161411,-11.097205
10,158,0.000000,-0.161411,-10.767108
1,159,0.000000,-0.107408,6.976120
2,159,0.000000,-0.107408,7.302202
3,159,0.000000,-0.122277,7.250307
4,159,0.000000,-0.106349,7.059482
5,159,0.000000,-0.116192,6.882869
6,159,0.000000,-0.132316,7.143569
7,159,0.000000,-0.117554,7.143569
8,159,0.000000,-0.117554,7.143569
9,159,0.000000,-0.117554,7.143569
10,159,0.000000,-0.117554,7.143569
1,160,0.000000,-0.179255,2.907935
2,160,0.000000,-0.121659,2.938356
3,160,0.000000,-0.121659,2.938356
4,160,0.000000,-0.218359,2.677699
5,160,0.000000,-0.167673,2.677699
6,160,0.000000,-0.163526,2.685457
7,160,0.000000,-0.196677,2.431149
8,160,0.000000,-0.215055,2.472735
9,160,0.000000,-0.232111,2.443017
10,160,0.000000,-0.229003,2.196882
1,161,0.000000,0.143210,6.177616
2,161,0.000000,0.143210,6.086428
3,161,0.000000,0.291832,5.562576
4,161,0.000000,0.225896,5.622289
5,161,0.000000,0.411697,5.275771
6,161,0.000000,0.409840,5.061357
7,161,0.000000,0.464215,5.362915
8,161,0.000000,0.348289,5.595786
9,161,0.000000,0.300920,5.469878
10,161,0.000000,0.387561,5.247337
1,162,0.000000,-0.096266,16.179346
2,162,0.000000,-0.096266,16.249117
3,162,0.000000,-0.164968,16.061268
4,162,0.000000,-0.220234,16.328982
5,162,0.000000,-0.326805,16.429841
6,162,0.000000,-0.293592,16.277028
7,162,0.000000,-0.339776,16.189288
8,162,0.000000,-0.372488,16.584575
9,162,0.000000,-0.385309,16.707535
10,162,0.000000,-0.313207,16.400604
1,163,0.000000,-0.543133,5.597173
2,163,0.000000,-0.534175,5.313466
3,163,0.000000,-0.531705,5.465050
4,163,0.000000,-0.523443,5.166553
5,163,0.000000,-0.562739,5.560318
6,163,0.000000,-0.563182,5.585082
7,163,0.000000,-0.511178,5.828486
8,163,0.000000,-0.511178,5.828486
9,163,0.000000,-0.510787,6.066362
10,163,0.000000,-0.516688,5.671796
1,164,0.000000,-1.036784,4.443448
2,164,0.000000,-1.085862,4.504010
3,164,0.000000,-1.036317,5.128379
4,164,0.000000,-0.991708,4.718842
5,164,0.000000,-1.016672,4.355043
6,164,0.000000,-1.045330,4.973393
7,164,0.000000,-1.019500,4.961862
8,164,0.000000,-0.999681,4.175502
9,164,0.000000,-1.048555,4.175502
10,164,0.000000,-1.013140,4.464955
1,165,0.000000,0.362232,-1.926025
2,165,0.000000,0.362232,-1.862990
3,165,0.000000,0.362431,-1.862990
4,165,0.000000,0.362431,-1.862990
5,165,0.000000,0.400983,-1.824685
6,165,0.000000,0.423463,-1.824685
7,165,0.000000,0.392406,-1.996827
8,165,0.000000,0.349342,-2.215090
9,165,0.000000,0.349342,-2.104750
10,165,0.000000,0.349342,-2.104750
1,166,0.000000,-0.346640,3.661811
2,166,0.000000,-0.369086,3.421557
3,166,0.000000,-0.369086,3.421557
4,166,0.000000,-0.383755,3.470924
5,166,0.000000,-0.360689,3.495309
6,166,0.000000,-0.370569,3.719660
7,166,0.000000,-0.370569,3.835073
8,166,0.000000,-0.349921,3.730934
9,166,0.000000,-0.369865,3.730934
10,166,0.000000,-0.331398,3.730934
1,167,0.000000,-1.458086,5.954942
2,167,0.000000,-1.429397,6.414123
3,167,0.000000,-1.512931,5.467148
4,167,0.000000,-1.525182,5.320279
5,167,0.000000,-1.449438,6.096499
6,167,0.000000,-1.442153,6.308595
7,167,0.000000,-1.387141,6.814367
8,167,0.000000,-1.521246,6.813599
9,167,0.000000,-1.455476,6.841066
10,167,0.000000,-1.525139,7.280223
1,168,0.000000,0.625620,17.757716
2,168,0.000000,0.909899,16.556996
3,168,0.000000,0.828037,15.776215
4,168,0.000000,0.828037,15.183121
5,168,0.000000,0.956440,15.237370
6,168,0.000000,0.805972,17.384798
7,168,0.000000,0.867721,15.274782
8,168,0.000000,1.011573,15.734636
9,168,0.000000,0.961438,15.361966
10,168,0.000000,0.779125,16.671720
1,169,0.000000,0.649440,-5.721833
2,169,0.000000,0.649440,-5.721833
3,169,0.000000,0.675520,-5.458676
4,169,0.000000,0.716417,-5.458676
5,169,0.000000,0.692585,-5.878530
6,169,0.000000,0.681511,-5.964849
7,169,0.000000,0.611368,-5.881773
8,169,0.000000,0.708845,-5.553887
9,169,0.000000,0.667055,-5.785196
10,169,0.000000,0.627754,-5.771033
1,170,0.000000,0.064982,0.579567
2,170,0.000000,0.084917,0.929241
3,170,0.000000,0.093216,0.929241
4,170,0.000000,0.110250,0.916886
5,170,0.000000,0.115696,0.916886
6,170,0.000000,0.118817,1.030740
7,170,0.000000,0.118817,1.030740
8,170,0.000000,0.118817,1.088372
9,170,0.000000,0.118817,1.088372
10,170,0.000000,0.118817,1.041530
1,171,0.000000,-0.975061,-3.097365
2,171,0.000000,-0.975061,-3.257469
3,171,0.000000,-1.005270,-3.315487
4,171,0.000000,-1.005270,-3.344360
5,171,0.000000,-1.018083,-3.567373
6,171,0.000000,-1.018083,-3.567373
7,171,0.000000,-1.043376,-3.794486
8,171,0.000000,-1.051422,-4.058197
9,171,0.000000,-1.019358,-3.599171
10,171,0.000000,-1.039344,-3.516948
1,172,0.000000,-0.199242,-0.616136
2,172,0.000000,-0.105479,-0.836088
3,172,0.000000,-0.118512,-0.836088
4,172,0.000000,-0.129934,-0.836088
5,172,0.000000,-0.128013,-0.486751
6,172,0.000000,-0.111177,-0.641773
7,172,0.000000,-0.140876,-0.763004
8,172,0.000000,-0.197101,-0.689182
9,172,0.000000,-0.173070,-0.969593
10,172,0.000000,-0.210759,-0.969593
1,173,0.000000,0.608820,-4.118563
2,173,0.000000,0.575778,-4.126258
3,173,0.000000,0.604977,-4.130157
4,173,0.000000,0.604977,-4.130157
5,173,0.000000,0.604977,-4.130157
6,173,0.000000,0.590902,-4.129067
7,173,0.000000,0.590902,-4.129067
8,173,0.000000,0.590902,-4.147435
9,173,0.000000,0.590902,-4.147435
10,173,0.000000,0.593757,-4.185091
1,174,0.000000,-1.021287,-2.258842
2,174,0.000000,-1.025402,-2.814402
3,174,0.000000,-0.868963,-2.406151
4,174,0.000000,-0.905735,-1.918454
5,174,0.000000,-0.915059,-1.898161
6,174,0.000000,-0.996243,-2.683096
7,174,0.000000,-0.909731,-2.536325
8,174,0.000000,-0.931629,-2.548291
9,174,0.000000,-0.897887,-2.483396
10,174,0.000000,-0.875418,-2.483396
1,175,0.000000,-0.523450,-2.871253
2,175,0.000000,-0.525075,-2.824312
3,175,0.000000,-0.501051,-3.126597
4,175,0.000000,-0.501051,-3.082255
5,175,0.000000,-0.471415,-2.895432
6,175,0.000000,-0.471415,-2.684738
7,175,0.000000,-0.471415,-2.684738
8,175,0.000000,-0.471415,-2.684738
9,175,0.000000,-0.499102,-2.860203
10,175,0.000000,-0.490546,-2.484810
1,176,0.000000,0.064180,-5.913979
2,176,0.000000,0.064180,-5.913979
3,176,0.000000,0.061434,-6.055597
4,176,0.000000,0.061434,-6.055597
5,176,0.000000,0.061434,-5.869774
6,176,0.000000,0.026237,-5.869774
7,176,0.000000,0.026237,-5.869774
8,176,0.000000,0.026237,-5.939748
9,176,0.000000,0.068791,-5.941078
10,176,0.000000,0.068791,-5.941078
1,177,0.000000,0.996207,5.710039
2,177,0.000000,0.923218,6.952587
3,177,0.000000,0.842934,6.200166
4,177,0.000000,0.846624,6.045431
5,177,0.000000,0.714108,6.652223
6,177,0.000000,0.795680,7.648485
7,177,0.000000,0.759642,8.279216
8,177,0.000000,0.655032,8.193631
9,177,0.000000,0.495242,9.638386
10,177,0.000000,0.470932,8.680949
1,178,0.000000,0.108348,10.744051
2,178,0.000000,0.144429,10.957526
3,178,0.000000,0.144429,10.957526
4,178,0.000000,0.144429,10.957526
5,178,0.000000,0.033439,10.343760
6,178,0.000000,0.073989,10.202044
7,178,0.000000,0.050543,10.202044
8,178,0.000000,0.050543,10.163602
9,178,0.000000,0.050543,10.163602
10,178,0.000000,0.059616,10.281644
1,179,0.000000,0.220448,-3.541271
2,179,0.000000,0.266761,-3.541271
3,179,0.000000,0.266761,-3.541271
4,179,0.000000,0.223277,-3.731584
5,179,0.000000,0.211545,-3.879677
6,179,0.000000,0.211545,-3.812414
7,179,0.000000,0.206397,-3.817063
8,179,0.000000,0.251475,-3.817063
9,179,0.000000,0.224862,-3.551156
10,179,0.000000,0.217114,-3.728276
1,180,0.000000,-0.021498,-9.036086
2,180,0.000000,-0.039588,-9.036086
3,180,0.000000,-0.051665,-9.139257
4,180,0.000000,-0.057270,-9.139257
5,180,0.000000,-0.109088,-9.128357
6,180,0.000000,-0.089296,-9.128357
7,180,0.000000,-0.025243,-8.864275
8,180,0.000000,-0.030348,-8.957640
9,180,0.000000,-0.037535,-8.859457
10,180,0.000000,0.012615,-8.908660
1,181,0.000000,0.764389,1.896974
2,181,0.000000,0.765252,1.924777
3,181,0.000000,0.765252,1.901590
4,181,0.000000,0.770868,1.986174
5,181,0.000000,0.783729,1.986174
6,181,0.000000,0.783729,1.986174
7,181,0.000000,0.821810,2.165894
8,181,0.000000,0.814932,2.092663
9,181,0.000000,0.801984,1.834059
10,181,0.000000,0.801984,1.834059
1,182,0.000000,-0.944853,-7.669383
2,182,0.000000,-1.036290,-7.928861
3,182,0.000000,-1.036290,-8.234536
4,182,0.000000,-0.972631,-8.342376
5,182,0.000000,-1.013526,-8.044890
6,182,0.000000,-1.013526,-8.044890
7,182,0.000000,-0.970607,-8.044890
8,182,0.000000,-0.970607,-8.044890
9,182,0.000000,-0.940731,-7.669311
10,182,0.000000,-0.940731,-7.669311
1,183,0.000000,-0.314953,-0.359489
2,183,0.000000,-0.239937,-0.408087
3,183,0.000000,-0.438617,-1.015550
4,183,0.000000,-0.415251,-1.001751
5,183,0.000000,-0.392444,-0.388036
6,183,0.000000,-0.392444,-0.460703
7,183,0.000000,-0.404490,-0.685041
8,183,0.000000,-0.391608,-0.718175
9,183,0.000000,-0.427919,-0.725153
10,183,0.000000,-0.353648,-0.712176
1,184,0.000000,0.008849,-1.229073
2,184,0.000000,0.008849,-1.393764
3,184,0.000000,-0.015171,-1.383906
4,184,0.000000,-0.012677,-1.383906
5,184,0.000000,-0.012677,-1.383906
6,184,0.000000,-0.012677,-1.383906
7,184,0.000000,-0.012677,-1.383906
8,184,0.000000,-0.030480,-1.536022
9,184,0.000000,-0.030480,-1.335822
10,184,0.000000,-0.007949,-1.071620
1,185,0.000000,0.598577,3.791782
2,185,0.000000,0.598577,3.790818
3,185,0.000000,0.576266,3.786364
4,185,0.000000,0.576266,3.786364
5,185,0.000000,0.576266,3.800556
6,185,0.000000,0.576266,3.800556
7,185,0.000000,0.576266,3.800556
8,185,0.000000,0.572795,3.800556
9,185,0.000000,0.590774,3.800556
10,185,0.000000,0.618113,3.912384
1,186,0.000000,0.081421,-0.601665
2,186,0.000000,0.071583,-0.372044
3,186,0.000000,0.042938,-0.691177
4,186,0.000000,0.150366,-0.503683
5,186,0.000000,0.148281,-0.503683
6,186,0.000000,0.148281,-0.503683
7,186,0.000000,0.149511,-0.467318
8,186,0.000000,0.070913,-0.603837
9,186,0.000000,0.124236,-0.650253
10,186,0.000000,0.085624,-0.666228
1,187,0.000000,1.090413,-6.984425
2,187,0.000000,1.090413,-6.984425
3,187,0.000000,1.090413,-6.984425
4,187,0.000000,1.090413,-6.984425
5,187,0.000000,1.090413,-7.093491
6,187,0.000000,1.083794,-7.093491
7,187,0.000000,1.093361,-7.125994
8,187,0.000000,1.093361,-7.125994
9,187,0.000000,1.093361,-7.025748
10,187,0.000000,1.094085,-7.101057
1,188,0.000000,0.105116,4.516580
2,188,0.000000,0.131809,4.481794
3,188,0.000000,0.131809,4.890373
4,188,0.000000,0.085135,4.282433
5,188,0.000000,0.129443,4.359464
6,188,0.000000,0.127426,4.359464
7,188,0.000000,0.125394,4.648627
8,188,0.000000,0.121006,4.648627
9,188,0.000000,0.121006,4.648627
10,188,0.000000,0.121006,4.741596
1,189,0.000000,-0.713406,-1.711056
2,189,0.000000,-0.723204,-1.490185
3,189,0.000000,-0.723204,-1.270537
4,189,0.000000,-0.704548,-1.242659
5,189,0.000000,-0.713328,-1.185655
6,189,0.000000,-0.672741,-1.434226
7,189,0.000000,-0.718323,-1.327695
8,189,0.000000,-0.668283,-1.328563
9,189,0.000000,-0.720113,-2.017219
10,189,0.000000,-0.720113,-1.119625
1,190,0.000000,0.847051,1.712140
2,190,0.000000,0.837435,1.712140
3,190,0.000000,0.844456,1.663065
4,190,0.000000,0.844456,1.759650
5,190,0.000000,0.844456,1.759650
6,190,0.000000,0.844456,1.759650
7,190,0.000000,0.844456,1.759650
8,190,0.000000,0.844456,1.759650
9,190,0.000000,0.844456,1.759650
10,190,0.000000,0.844456,1.759650
1,191,0.000000,-0.154966,-0.078369
2,191,0.000000,-0.155204,-0.368122
3,191,0.000000,-0.184105,-0.368122
4,191,0.000000,-0.184105,-0.368122
5,191,0.000000,-0.184105,-0.368122
6,191,0.000000,-0.181774,-0.200382
7,191,0.000000,-0.160284,-0.238488
8,191,0.000000,-0.160284,-0.023445
9,191,0.000000,-0.201516,-0.425993
10,191,0.000000,-0.168860,-0.127060
1,192,0.000000,0.294087,-11.470010
2,192,0.000000,0.291363,-11.562877
3,192,0.000000,0.284599,-11.572158
4,192,0.000000,0.284599,-11.572158
5,192,0.000000,0.289096,-11.654949
6,192,0.000000,0.289096,-11.654949
7,192,0.000000,0.276724,-11.707031
8,192,0.000000,0.257356,-11.707031
9,192,0.000000,0.267941,-11.822368
10,192,0.000000,0.267941,-11.822368
1,193,0.000000,-0.656081,13.503647
2,193,0.000000,-0.636638,14.069419
3,193,0.000000,-0.540678,13.532392
4,193,0.000000,-0.592761,13.980925
5,193,0.000000,-0.617795,14.240409
6,193,0.000000,-0.593073,13.772159
7,193,0.000000,-0.619869,13.910844
8,193,0.000000,-0.590090,13.774595
9,193,0.000000,-0.623691,13.575595
10,193,0.000000,-0.634954,13.971915
1,194,0.000000,0.280353,-2.505624
2,194,0.000000,0.280353,-2.505624
3,194,0.000000,0.280353,-2.505624
4,194,0.000000,0.280353,-2.505624
5,194,0.000000,0.280353,-2.505624
6,194,0.000000,0.280353,-2.505624
7,194,0.000000,0.280353,-2.505624
8,194,0.000000,0.280353,-2.505624
9,194,0.000000,0.280533,-2.505624
10,194,0.000000,0.290548,-2.505624
1,195,0.000000,-0.007036,-4.272458
2,195,0.000000,0.019699,-3.835820
3,195,0.000000,0.019699,-3.835820
4,195,0.000000,0.019699,-4.137908
5,195,0.000000,0.019699,-4.137908
6,195,0.000000,0.019699,-4.030485
7,195,0.000000,0.019699,-4.030485
8,195,0.000000,0.019699,-4.030485
9,195,0.000000,0.019699,-4.030485
10,195,0.000000,0.019699,-4.023948
1,196,0.000000,0.193935,-5.871080
2,196,0.000000,0.239312,-5.603554
3,196,0.000000,0.226934,-5.725030
4,196,0.000000,0.226934,-5.725030
5,196,0.000000,0.226934,-5.358099
6,196,0.000000,0.226934,-5.358099
7,196,0.000000,0.221595,-5.808269
8,196,0.000000,0.221595,-5.545442
9,196,0.000000,0.249330,-5.504436
10,196,0.000000,0.248429,-5.504436
1,197,0.000000,0.400198,1.822043
2,197,0.000000,0.399922,1.822043
3,197,0.000000,0.402823,1.822043
4,197,0.000000,0.370412,1.801832
5,197,0.000000,0.430137,1.801832
6,197,0.000000,0.474555,1.809351
7,197,0.000000,0.375920,1.809351
8,197,0.000000,0.433108,1.809351
9,197,0.000000,0.402093,1.809351
10,197,0.000000,0.501564,1.856967
1,198,0.000000,1.251529,3.454951
2,198,0.000000,1.247500,3.169853
3,198,0.000000,1.233424,3.169853
4,198,0.000000,1.313779,3.461992
5,198,0.000000,1.374089,2.924320
6,198,0.000000,1.265584,2.963937
7,198,0.000000,1.203430,3.266493
8,198,0.000000,1.208381,3.603281
9,198,0.000000,1.231192,3.603281
10,198,0.000000,1.289013,3.010571
1,199,0.000000,0.311983,-5.345951
2,199,0.000000,0.289518,-5.388132
3,199,0.000000,0.296416,-5.516052
4,199,0.000000,0.296416,-5.516052
5,199,0.000000,0.296416,-5.580441
6,199,0.000000,0.296416,-5.556799
7,199,0.000000,0.296416,-5.691896
8,199,0.000000,0.275522,-5.691896
9,199,0.000000,0.307593,-5.494621
10,199,0.000000,0.307593,-5.494621
1,200,0.000000,-0.427542,-5.133127
2,200,0.000000,-0.415234,-5.133127
3,200,0.000000,-0.413509,-4.999065
4,200,0.000000,-0.413509,-4.883257
5,200,0.000000,-0.426530,-5.513819
6,200,0.000000,-0.422162,-5.265094
7,200,0.000000,-0.417425,-5.445139
8,200,0.000000,-0.398655,-5.131709
9,200,0.000000,-0.436694,-5.124301
10,200,0.000000,-0.423395,-5.548409
1,201,0.000000,-0.650677,8.090663
2,201,0.000000,-0.612288,8.015868
3,201,0.000000,-0.612288,7.985052
4,201,0.000000,-0.633542,7.872204
5,201,0.000000,-0.578277,8.101857
6,201,0.000000,-0.565169,8.437671
7,201,0.000000,-0.625751,7.968206
8,201,0.000000,-0.625751,8.052560
9,201,0.000000,-0.603308,8.374381
10,201,0.000000,-0.641161,8.374381
1,202,0.000000,-0.973784,-2.023791
2,202,0.000000,-0.909621,-1.937457
3,202,0.000000,-0.898867,-1.724973
4,202,0.000000,-0.895369,-1.548315
5,202,0.000000,-0.942739,-2.315993
6,202,0.000000,-0.963500,-2.268914
7,202,0.000000,-0.963500,-2.420220
8,202,0.000000,-0.989716,-2.703404
9,202,0.000000,-1.008007,-2.769347
10,202,0.000000,-0.994172,-2.592606
1,203,0.000000,-0.440302,-6.470505
2,203,0.000000,-0.440302,-6.470505
3,203,0.000000,-0.454305,-6.412343
4,203,0.000000,-0.440653,-6.412343
5,203,0.000000,-0.448890,-6.519342
6,203,0.000000,-0.462051,-6.424286
7,203,0.000000,-0.466768,-6.602556
8,203,0.000000,-0.471628,-6.524115
9,203,0.000000,-0.447815,-6.537251
10,203,0.000000,-0.458388,-6.537251
1,204,0.000000,-0.329641,-6.537253
2,204,0.000000,-0.343174,-6.661447
3,204,0.000000,-0.330379,-6.317299
4,204,0.000000,-0.330379,-6.317299
5,204,0.000000,-0.351267,-6.517156
6,204,0.000000,-0.353615,-6.609460
7,204,0.000000,-0.353615,-6.609460
8,204,0.000000,-0.391698,-6.615156
9,204,0.000000,-0.391698,-6.842378
10,204,0.000000,-0.414926,-6.998135
1,205,0.000000,0.996261,0.575444
2,205,0.000000,0.982126,0.624938
3,205,0.000000,0.974536,0.642604
4,205,0.000000,0.974536,0.642604
5,205,0.000000,0.974536,0.642604
6,205,0.000000,0.974536,0.642604
7,205,0.000000,0.974536,0.724985
8,205,0.000000,1.031201,0.778731
9,205,0.000000,1.015135,0.713336
10,205,0.000000,1.015135,0.713336
1,206,0.000000,0.342516,7.851670
2,206,0.000000,0.342516,8.115929
3,206,0.000000,0.342516,8.003018
4,206,0.000000,0.341423,8.014121
5,206,0.000000,0.323818,8.127859
6,206,0.000000,0.386246,8.427694
7,206,0.000000,0.364219,8.066319
8,206,0.000000,0.332890,7.946314
9,206,0.000000,0.363563,8.054289
10,206,0.000000,0.343467,8.077698
1,207,0.000000,-0.313369,3.843696
2,207,0.000000,-0.293313,3.994127
3,207,0.000000,-0.280705,4.081892
4,207,0.000000,-0.299073,3.978834
5,207,0.000000,-0.311081,3.852521
6,207,0.000000,-0.325650,3.827145
7,207,0.000000,-0.261320,4.062048
8,207,0.000000,-0.282907,4.035739
9,207,0.000000,-0.282907,4.035739
10,207,0.000000,-0.289467,3.723745
1,208,0.000000,0.323374,8.734580
2,208,0.000000,0.322667,8.491615
3,208,0.000000,0.297791,8.653663
4,208,0.000000,0.245055,8.688738
5,208,0.000000,0.217024,9.361656
6,208,0.000000,0.182529,9.296105
7,208,0.000000,0.224959,8.813315
8,208,0.000000,0.260255,8.800967
9,208,0.000000,0.243576,8.852609
10,208,0.000000,0.243576,9.160335
1,209,0.000000,0.332344,5.212210
2,209,0.000000,0.324071,5.212210
3,209,0.000000,0.301144,4.671640
4,209,0.000000,0.297963,4.672509
5,209,0.000000,0.297963,4.924709
6,209,0.000000,0.297963,4.924709
7,209,0.000000,0.297963,4.924709
8,209,0.000000,0.281973,4.675502
9,209,0.000000,0.321789,5.045740
10,209,0.000000,0.321789,5.188687
1,210,0.000000,-0.735597,-7.930054
2,210,0.000000,-0.690849,-7.443349
3,210,0.000000,-0.697986,-7.391486
4,210,0.000000,-0.674450,-7.391486
5,210,0.000000,-0.674450,-7.391486
6,210,0.000000,-0.655454,-6.806091
7,210,0.000000,-0.693696,-6.988099
8,210,0.000000,-0.720219,-7.673570
9,210,0.000000,-0.707831,-7.770156
10,210,0.000000,-0.735473,-7.770156
1,211,0.000000,-0.575075,-1.372756
2,211,0.000000,-0.572126,-1.372756
3,211,0.000000,-0.572126,-1.372756
4,211,0.000000,-0.533213,-1.032682
5,211,0.000000,-0.537538,-0.726097
6,211,0.000000,-0.577215,-1.162161
7,211,0.000000,-0.577215,-1.382300
8,211,0.000000,-0.594211,-1.347468
9,211,0.000000,-0.585940,-1.065233
10,211,0.000000,-0.614670,-1.583373
1,212,0.000000,0.399182,-7.298392
2,212,0.000000,0.441629,-7.076558
3,212,0.000000,0.421207,-7.048647
4,212,0.000000,0.430508,-7.063700
5,212,0.000000,0.428567,-7.211727
6,212,0.000000,0.378472,-7.466756
7,212,0.000000,0.377991,-7.466756
8,212,0.000000,0.346035,-7.988056
9,212,0.000000,0.346035,-7.905364
10,212,0.000000,0.346035,-7.460611
1,213,0.000000,-0.089676,6.816933
2,213,0.000000,-0.099281,6.816933
3,213,0.000000,-0.099281,6.816933
4,213,0.000000,-0.081088,7.018147
5,213,0.000000,-0.124058,6.973264
6,213,0.000000,-0.061906,7.312127
7,213,0.000000,-0.080262,7.448796
8,213,0.000000,-0.093339,6.955877
9,213,0.000000,-0.109436,7.110503
10,213,0.000000,-0.069713,7.110503
1,214,0.000000,0.567700,8.466029
2,214,0.000000,0.567700,8.503258
3,214,0.000000,0.567700,8.503258
4,214,0.000000,0.567700,8.381561
5,214,0.000000,0.567648,8.301541
6,214,0.000000,0.567648,8.549607
7,214,0.000000,0.567648,8.549607
8,214,0.000000,0.595372,8.454341
9,214,0.000000,0.595372,8.454341
10,214,0.000000,0.595372,8.663097
1,215,0.000000,0.718391,-7.209363
2,215,0.000000,0.718391,-7.209363
3,215,0.000000,0.704100,-7.273917
4,215,0.000000,0.715103,-7.168729
5,215,0.000000,0.715258,-7.168729
6,215,0.000000,0.715258,-7.197367
7,215,0.000000,0.730255,-7.197367
8,215,0.000000,0.730255,-7.197367
9,215,0.000000,0.736123,-7.231212
10,215,0.000000,0.725753,-7.263141
1,216,0.000000,0.375875,2.317464
2,216,0.000000,0.375875,2.317464
3,216,0.000000,0.334472,2.179639
4,216,0.000000,0.369608,2.179639
5,216,0.000000,0.301799,2.206208
6,216,0.000000,0.301799,2.206208
7,216,0.000000,0.326681,2.206208
8,216,0.000000,0.326681,2.206208
9,216,0.000000,0.319193,1.962344
10,216,0.000000,0.246894,1.962344
1,217,0.000000,0.504782,-3.824642
2,217,0.000000,0.552394,-3.637194
3,217,0.000000,0.591805,-3.801658
4,217,0.000000,0.535171,-3.809923
5,217,0.000000,0.559810,-3.827125
6,217,0.000000,0.559810,-3.827125
7,217,0.000000,0.546226,-4.009723
8,217,0.000000,0.556957,-3.850590
9,217,0.000000,0.758006,-1.914776
10,217,0.000000,0.756628,-1.942217
1,218,0.000000,0.062309,1.268856
2,218,0.000000,0.062309,0.994629
3,218,0.000000,0.062309,1.127136
4,218,0.000000,0.062309,1.127136
5,218,0.000000,0.015795,1.034975
6,218,0.000000,0.004173,0.909408
7,218,0.000000,0.034634,0.796240
8,218,0.000000,0.022922,1.072347
9,218,0.000000,0.042246,1.016304
10,218,0.000000,0.042246,1.016304
1,219,0.000000,-0.408471,6.515486
2,219,0.000000,-0.366417,6.540676
3,219,0.000000,-0.370771,6.612630
4,219,0.000000,-0.349452,6.446742
5,219,0.000000,-0.107853,5.800790
6,219,0.000000,-0.090529,5.503427
7,219,0.000000,-0.221036,5.583982
8,219,0.000000,-0.247838,5.583982
9,219,0.000000,-0.232072,5.882932
10,219,0.000000,-0.277786,5.885834
1,220,0.000000,0.235086,3.254232
2,220,0.000000,0.235086,3.541613
3,220,0.000000,0.235086,3.541613
4,220,0.000000,0.232834,3.426616
5,220,0.000000,0.232834,3.426616
6,220,0.000000,0.232834,3.426616
7,220,0.000000,0.279189,3.420331
8,220,0.000000,0.261313,3.420331
9,220,0.000000,0.256536,3.420331
10,220,0.000000,0.256536,3.420331
1,221,0.000000,-0.589789,-3.319269
2,221,0.000000,-0.589789,-3.319269
3,221,0.000000,-0.611698,-3.658946
4,221,0.000000,-0.599731,-3.649069
5,221,0.000000,-0.596575,-3.168739
6,221,0.000000,-0.596575,-3.168739
7,221,0.000000,-0.596575,-3.168739
8,221,0.000000,-0.586221,-3.168739
9,221,0.000000,-0.586221,-3.168739
10,221,0.000000,-0.586221,-3.168739
1,222,0.000000,0.503235,8.758330
2,222,0.000000,0.497517,9.653578
3,222,0.000000,0.440018,9.380600
4,222,0.000000,0.656851,8.527328
5,222,0.000000,0.628156,8.853357
6,222,0.000000,0.599152,8.996785
7,222,0.000000,0.523773,9.526249
8,222,0.000000,0.523773,9.254810
9,222,0.000000,0.657727,8.924317
10,222,0.000000,0.651270,8.801543
1,223,0.000000,-0.687732,-2.024114
2,223,0.000000,-0.687732,-2.024114
3,223,0.000000,-0.676606,-2.136578
4,223,0.000000,-0.676606,-2.065243
5,223,0.000000,-0.676606,-2.109123
6,223,0.000000,-0.689836,-2.061105
7,223,0.000000,-0.702728,-1.725444
8,223,0.000000,-0.655997,-1.444019
9,223,0.000000,-0.655997,-1.302098
10,223,0.000000,-0.655997,-1.717202
1,224,0.000000,-0.859807,3.990130
2,224,0.000000,-0.932722,3.666015
3,224,0.000000,-0.932722,4.060348
4,224,0.000000,-0.876216,4.986825
5,224,0.000000,-0.880298,5.034655
6,224,0.000000,-0.966651,6.330864
7,224,0.000000,-1.012463,5.854388
8,224,0.000000,-0.978429,5.810161
9,224,0.000000,-0.991338,6.319698
10,224,0.000000,-1.119151,7.057549
1,225,0.000000,-1.230085,-2.040899
2,225,0.000000,-1.253771,-1.984458
3,225,0.000000,-1.158230,-2.056863
4,225,0.000000,-1.210147,-1.998608
5,225,0.000000,-1.162025,-1.460699
6,225,0.000000,-1.221754,-1.811251
7,225,0.000000,-1.200710,-1.961672
8,225,0.000000,-1.161232,-1.886455
9,225,0.000000,-1.263155,-1.988233
10,225,0.000000,-1.277254,-1.941736
1,226,0.000000,0.362377,-5.510320
2,226,0.000000,0.358978,-5.527256
3,226,0.000000,0.358978,-5.399093
4,226,0.000000,0.400993,-5.382142
5,226,0.000000,0.376758,-5.194392
6,226,0.000000,0.385195,-5.299865
7,226,0.000000,0.356102,-5.416662
8,226,0.000000,0.356102,-5.416662
9,226,0.000000,0.356102,-5.416662
10,226,0.000000,0.384067,-5.416662
1,227,0.000000,-0.667077,-1.097684
2,227,0.000000,-0.655481,-0.990821
3,227,0.000000,-0.655481,-0.990821
4,227,0.000000,-0.708616,-1.140611
5,227,0.000000,-0.708616,-0.873244
6,227,0.000000,-0.708616,-0.873244
7,227,0.000000,-0.686801,-0.798619
8,227,0.000000,-0.690038,-1.070503
9,227,0.000000,-0.675777,-0.743702
10,227,0.000000,-0.675777,-0.743702
1,228,0.000000,-0.634828,-1.050118
2,228,0.000000,-0.619280,-0.898422
3,228,0.000000,-0.677181,-1.410096
4,228,0.000000,-0.691171,-1.410096
5,228,0.000000,-0.659469,-1.303924
6,228,0.000000,-0.626849,-1.102658
7,228,0.000000,-0.626849,-1.102658
8,228,0.000000,-0.626849,-0.861005
9,228,0.000000,-0.609830,-0.861005
10,228,0.000000,-0.609830,-0.861005
1,229,0.000000,-0.548468,-6.366892
2,229,0.000000,-0.546981,-6.366892
3,229,0.000000,-0.546981,-6.366892
4,229,0.000000,-0.523447,-6.366892
5,229,0.000000,-0.523447,-6.071380
6,229,0.000000,-0.528654,-6.340826
7,229,0.000000,-0.512639,-6.237924
8,229,0.000000,-0.512639,-6.062008
9,229,0.000000,-0.522479,-6.451737
10,229,0.000000,-0.547729,-6.451737
1,230,0.000000,0.130035,12.360306
2,230,0.000000,0.257027,11.958586
3,230,0.000000,0.057747,12.608427
4,230,0.000000,0.165131,11.963453
5,230,0.000000,0.162903,12.076529
6,230,0.000000,0.338727,12.070467
7,230,0.000000,0.294690,12.492235
8,230,0.000000,0.317199,12.014834
9,230,0.000000,0.322520,11.964724
10,230,0.000000,0.322520,12.000201
1,231,0.000000,0.048619,-0.597079
2,231,0.000000,0.026555,-0.694825
3,231,0.000000,0.014049,-0.694825
4,231,0.000000,0.014049,-0.694825
5,231,0.000000,0.041917,-0.694825
6,231,0.000000,-0.000842,-0.755054
7,231,0.000000,-0.020115,-0.755054
8,231,0.000000,-0.016344,-0.911205
9,231,0.000000,0.025999,-0.880657
10,231,0.000000,0.003770,-0.880657
1,232,0.000000,0.476407,1.053252
2,232,0.000000,0.476407,1.053252
3,232,0.000000,0.485032,0.992939
4,232,0.000000,0.485032,1.175429
5,232,0.000000,0.485032,1.087373
6,232,0.000000,0.485032,1.087373
7,232,0.000000,0.485032,0.982599
8,232,0.000000,0.478453,0.986966
9,232,0.000000,0.468990,0.986966
10,232,0.000000,0.464112,0.885365
1,233,0.000000,0.305929,-5.652090
2,233,0.000000,0.305929,-5.652090
3,233,0.000000,0.294579,-5.710349
4,233,0.000000,0.297332,-5.669871
5,233,0.000000,0.318888,-5.585967
6,233,0.000000,0.318888,-5.585967
7,233,0.000000,0.318888,-5.585967
8,233,0.000000,0.297001,-5.856606
9,233,0.000000,0.325356,-5.794635
10,233,0.000000,0.261944,-5.794635
1,234,0.000000,-0.113067,-7.967567
2,234,0.000000,-0.113067,-7.371662
3,234,0.000000,-0.113067,-7.754191
4,234,0.000000,-0.104120,-7.803417
5,234,0.000000,-0.055712,-7.294698
6,234,0.000000,-0.056645,-7.120510
7,234,0.000000,-0.056645,-7.120510
8,234,0.000000,-0.056645,-7.120510
9,234,0.000000,-0.055959,-7.076338
10,234,0.000000,-0.055959,-7.076338
1,235,0.000000,-0.485383,-8.217255
2,235,0.000000,-0.485383,-8.217255
3,235,0.000000,-0.485383,-8.485254
4,235,0.000000,-0.485383,-8.701076
5,235,0.000000,-0.498037,-8.601969
6,235,0.000000,-0.510804,-8.664361
7,235,0.000000,-0.498378,-8.664361
8,235,0.000000,-0.498378,-8.349944
9,235,0.000000,-0.498378,-8.173783
10,235,0.000000,-0.498378,-8.051845
1,236,0.000000,-0.032097,1.416485
2,236,0.000000,-0.018477,1.416485
3,236,0.000000,0.013883,1.663860
4,236,0.000000,0.013883,1.663860
5,236,0.000000,0.001841,1.639778
6,236,0.000000,-0.001887,1.706782
7,236,0.000000,-0.001887,1.608249
8,236,0.000000,-0.001887,1.608249
9,236,0.000000,-0.001887,1.608249
10,236,0.000000,-0.001478,1.608249
1,237,0.000000,0.381884,-9.251066
2,237,0.000000,0.348095,-9.194145
3,237,0.000000,0.354958,-9.390010
4,237,0.000000,0.320862,-9.454069
5,237,0.000000,0.320862,-9.536105
6,237,0.000000,0.320862,-9.515178
7,237,0.000000,0.316289,-9.299112
8,237,0.000000,0.344230,-9.491916
9,237,0.000000,0.344230,-9.414603
10,237,0.000000,0.339428,-9.254503
1,238,0.000000,0.138068,5.891691
2,238,0.000000,0.107045,5.832134
3,238,0.000000,0.005122,5.302437
4,238,0.000000,0.073567,5.682591
5,238,0.000000,0.112527,5.666339
6,238,0.000000,0.048926,5.761466
7,238,0.000000,0.048926,5.856229
8,238,0.000000,0.085890,5.666508
9,238,0.000000,0.058849,5.670180
10,238,0.000000,0.042812,5.670180
1,239,0.000000,-0.175553,2.914027
2,239,0.000000,-0.175553,2.914027
3,239,0.000000,-0.145903,3.128661
4,239,0.000000,-0.156644,3.319141
5,239,0.000000,-0.158682,2.822895
6,239,0.000000,-0.158682,2.920847
7,239,0.000000,-0.158682,2.920847
8,239,0.000000,-0.158682,2.920847
9,239,0.000000,-0.183841,2.751902
10,239,0.000000,-0.170731,2.751902
1,240,0.000000,-0.726486,-3.003964
2,240,0.000000,-0.686209,-3.003964
3,240,0.000000,-0.634156,-2.556002
4,240,0.000000,-0.586229,-2.495257
5,240,0.000000,-0.649510,-2.867013
6,240,0.000000,-0.665815,-2.892017
7,240,0.000000,-0.665553,-2.892017
8,240,0.000000,-0.627871,-2.765021
9,240,0.000000,-0.622152,-2.961037
10,240,0.000000,-0.622152,-2.961037
1,241,0.000000,-0.244709,-10.828937
2,241,0.000000,-0.232379,-10.264015
3,241,0.000000,-0.246964,-10.344608
4,241,0.000000,-0.276461,-10.737235
5,241,0.000000,-0.276461,-11.157660
6,241,0.000000,-0.276461,-11.098190
7,241,0.000000,-0.276461,-10.897742
8,241,0.000000,-0.262386,-10.897742
9,241,0.000000,-0.299334,-11.075010
10,241,0.000000,-0.312906,-11.380265
1,242,0.000000,-0.177632,1.043514
2,242,0.000000,-0.177632,1.043514
3,242,0.000000,-0.190780,0.783235
4,242,0.000000,-0.190780,1.026010
5,242,0.000000,-0.155584,1.026010
6,242,0.000000,-0.155584,1.332614
7,242,0.000000,-0.155584,1.332614
8,242,0.000000,-0.175498,1.238012
9,242,0.000000,-0.159188,1.143501
10,242,0.000000,-0.167972,1.004932
1,243,0.000000,-0.516325,7.873074
2,243,0.000000,-0.424604,7.839759
3,243,0.000000,-0.397583,8.114971
4,243,0.000000,-0.390384,7.977391
5,243,0.000000,-0.496001,7.977391
6,243,0.000000,-0.514704,7.686081
7,243,0.000000,-0.463890,7.920632
8,243,0.000000,-0.494939,7.855992
9,243,0.000000,-0.422980,7.648545
10,243,0.000000,-0.439818,7.654479
1,244,0.000000,-0.571130,-0.512122
2,244,0.000000,-0.578168,-0.673405
3,244,0.000000,-0.578168,-0.673405
4,244,0.000000,-0.579114,-0.574244
5,244,0.000000,-0.590817,-0.672900
6,244,0.000000,-0.590817,-0.434269
7,244,0.000000,-0.557936,-0.350663
8,244,0.000000,-0.596715,-0.714118
9,244,0.000000,-0.611548,-0.714118
10,244,0.000000,-0.586185,-0.727189
1,245,0.000000,-0.667218,-10.214796
2,245,0.000000,-0.639444,-9.666872
3,245,0.000000,-0.663280,-10.617566
4,245,0.000000,-0.663280,-10.617566
5,245,0.000000,-0.674429,-10.608766
6,245,0.000000,-0.674429,-10.608766
7,245,0.000000,-0.680538,-10.405063
8,245,0.000000,-0.646048,-10.405063
9,245,0.000000,-0.658622,-10.721688
10,245,0.000000,-0.671829,-10.282006
1,246,0.000000,0.378255,-0.936075
2,246,0.000000,0.378255,-0.936075
3,246,0.000000,0.330972,-1.030433
4,246,0.000000,0.306320,-1.015485
5,246,0.000000,0.332574,-0.979165
6,246,0.000000,0.332574,-0.856788
7,246,0.000000,0.329683,-0.856788
8,246,0.000000,0.380661,-0.856788
9,246,0.000000,0.361467,-0.856788
10,246,0.000000,0.422267,-0.703097
1,247,0.000000,-0.947095,-2.597329
2,247,0.000000,-0.879706,-2.199080
3,247,0.000000,-0.881268,-2.203293
4,247,0.000000,-0.852574,-1.924549
5,247,0.000000,-0.865017,-1.898426
6,247,0.000000,-0.853022,-1.409705
7,247,0.000000,-0.870052,-1.409705
8,247,0.000000,-0.867346,-1.349564
9,247,0.000000,-0.894184,-1.817332
10,247,0.000000,-0.884080,-1.851797
1,248,0.000000,-0.142290,-1.022061
2,248,0.000000,-0.142290,-1.022061
3,248,0.000000,-0.139519,-1.073120
4,248,0.000000,-0.145980,-1.026232
5,248,0.000000,-0.156084,-1.258373
6,248,0.000000,-0.147526,-0.997841
7,248,0.000000,-0.135877,-0.997841
8,248,0.000000,-0.090357,-0.883228
9,248,0.000000,-0.090357,-0.883228
10,248,0.000000,-0.140496,-0.926896
1,249,0.000000,0.229420,-9.015597
2,249,0.000000,0.229420,-9.015597
3,249,0.000000,0.207717,-9.015597
4,249,0.000000,0.195419,-9.330518
5,249,0.000000,0.190995,-9.330518
6,249,0.000000,0.203186,-9.284575
7,249,0.000000,0.203186,-9.173333
8,249,0.000000,0.203186,-9.147499
9,249,0.000000,0.203186,-9.194478
10,249,0.000000,0.203186,-9.194478
1,250,0.000000,0.210515,-8.656168
2,250,0.000000,0.210515,-8.656168
3,250,0.000000,0.210515,-8.656168
4,250,0.000000,0.246847,-8.245152
5,250,0.000000,0.246847,-8.245152
6,250,0.000000,0.246847,-8.245152
7,250,0.000000,0.246847,-8.315090
8,250,0.000000,0.246847,-8.315090
9,250,0.000000,0.244517,-8.315090
10,250,0.000000,0.266499,-8.246714