rep,id,eta_p0,eta_alpha,eta_tau
1,1,0.000000,-0.285807,1.392146
2,1,0.000000,-0.240015,0.782520
3,1,0.000000,-0.209473,0.782520
4,1,0.000000,-0.211881,0.593251
5,1,0.000000,-0.219489,0.761569
6,1,0.000000,-0.212787,0.751013
7,1,0.000000,-0.216243,0.664675
8,1,0.000000,-0.216243,0.946608
9,1,0.000000,-0.246152,0.946608
10,1,0.000000,-0.221153,0.766119
1,2,0.000000,0.154906,0.507575
2,2,0.000000,0.154906,0.507575
3,2,0.000000,0.154906,0.507575
4,2,0.000000,0.247154,0.426408
5,2,0.000000,0.252604,0.621787
6,2,0.000000,0.208028,0.621787
7,2,0.000000,0.208028,0.621787
8,2,0.000000,0.209158,0.633723
9,2,0.000000,0.197964,0.453814
10,2,0.000000,0.204088,0.384450
1,3,0.000000,-0.568072,5.350641
2,3,0.000000,-0.515372,5.673302
3,3,0.000000,-0.559233,5.341024
4,3,0.000000,-0.554159,5.660803
5,3,0.000000,-0.554159,5.660803
6,3,0.000000,-0.563649,5.758455
7,3,0.000000,-0.600473,6.458573
8,3,0.000000,-0.657938,6.639440
9,3,0.000000,-0.606656,6.138738
10,3,0.000000,-0.617569,5.786852
1,4,0.000000,0.217276,-10.437703
2,4,0.000000,0.217276,-10.437703
3,4,0.000000,0.301899,-10.437703
4,4,0.000000,0.251661,-10.646537
5,4,0.000000,0.270089,-10.646537
6,4,0.000000,0.270089,-10.646537
7,4,0.000000,0.213360,-10.600221
8,4,0.000000,0.213360,-10.600221
9,4,0.000000,0.213360,-10.600221
10,4,0.000000,0.268609,-10.600221
1,5,0.000000,-0.241674,5.839454
2,5,0.000000,-0.241674,5.703019
3,5,0.000000,-0.144948,5.148009
4,5,0.000000,-0.192797,5.119498
5,5,0.000000,-0.169059,5.184222
6,5,0.000000,-0.225430,5.332608
7,5,0.000000,-0.217893,5.325635
8,5,0.000000,-0.218754,5.339088
9,5,0.000000,-0.205938,5.466430
10,5,0.000000,-0.229181,5.422996
1,6,0.000000,0.684870,-14.606220
2,6,0.000000,0.588169,-14.810198
3,6,0.000000,0.602727,-14.810198
4,6,0.000000,0.616238,-14.810198
5,6,0.000000,0.616238,-14.756336
6,6,0.000000,0.661375,-14.795919
7,6,0.000000,0.667468,-14.695820
8,6,0.000000,0.667468,-14.461169
9,6,0.000000,0.667468,-14.821490
10,6,0.000000,0.607697,-14.908976
1,7,0.000000,0.072762,-9.447110
2,7,0.000000,0.066668,-9.447110
3,7,0.000000,0.081593,-9.593553
4,7,0.000000,0.081593,-9.593553
5,7,0.000000,0.081593,-9.593553
6,7,0.000000,0.081593,-9.593553
7,7,0.000000,0.069761,-9.593553
8,7,0.000000,0.069761,-9.593553
9,7,0.000000,0.069761,-9.568157
10,7,0.000000,0.069761,-9.568157
1,8,0.000000,0.033132,-13.822609
2,8,0.000000,0.101086,-13.936066
3,8,0.000000,0.101086,-14.371975
4,8,0.000000,0.108348,-14.371989
5,8,0.000000,0.111780,-14.371989
6,8,0.000000,0.142059,-14.216666
7,8,0.000000,0.142059,-14.556238
8,8,0.000000,0.142059,-14.556238
9,8,0.000000,0.150308,-14.530720
10,8,0.000000,0.140782,-14.779208
1,9,0.000000,0.194399,-9.383912
2,9,0.000000,0.194399,-9.383912
3,9,0.000000,0.194399,-9.383912
4,9,0.000000,0.194399,-9.383912
5,9,0.000000,0.241464,-9.383912
6,9,0.000000,0.126471,-9.307935
7,9,0.000000,0.145191,-9.307935
8,9,0.000000,0.167916,-9.350229
9,9,0.000000,0.167916,-9.350229
10,9,0.000000,0.167916,-9.350229
1,10,0.000000,-0.668285,9.854373
2,10,0.000000,-0.612225,9.118137
3,10,0.000000,-0.604148,9.396101
4,10,0.000000,-0.625104,9.615591
5,10,0.000000,-0.625104,9.615591
6,10,0.000000,-0.625104,9.615591
7,10,0.000000,-0.625104,9.615591
8,10,0.000000,-0.625104,9.551504
9,10,0.000000,-0.625104,9.551504
10,10,0.000000,-0.675401,9.997843
1,11,0.000000,0.843862,-10.290760
2,11,0.000000,0.916695,-10.527221
3,11,0.000000,0.916695,-10.573931
4,11,0.000000,0.916695,-10.573931
5,11,0.000000,0.916695,-10.557584
6,11,0.000000,0.916695,-10.557584
7,11,0.000000,0.854457,-10.149826
8,11,0.000000,0.854457,-10.179376
9,11,0.000000,0.833070,-10.349009
10,11,0.000000,0.832004,-9.996226
1,12,0.000000,0.009077,3.316109
2,12,0.000000,0.062433,2.949663
3,12,0.000000,0.022797,3.062415
4,12,0.000000,0.055784,3.328229
5,12,0.000000,-0.006474,3.143056
6,12,0.000000,-0.006474,3.143056
7,12,0.000000,0.012174,3.157322
8,12,0.000000,0.015828,3.351533
9,12,0.000000,0.000092,3.104248
10,12,0.000000,0.068554,3.104248
1,13,0.000000,0.408862,-3.707073
2,13,0.000000,0.408862,-3.707073
3,13,0.000000,0.438551,-3.707073
4,13,0.000000,0.475861,-3.707073
5,13,0.000000,0.456195,-3.707073
6,13,0.000000,0.434604,-3.719840
7,13,0.000000,0.434604,-3.719840
8,13,0.000000,0.434118,-3.719840
9,13,0.000000,0.434118,-3.719840
10,13,0.000000,0.434118,-3.741847
1,14,0.000000,0.770024,-7.139509
2,14,0.000000,0.770908,-7.163351
3,14,0.000000,0.770908,-6.844676
4,14,0.000000,0.773409,-6.920028
5,14,0.000000,0.773409,-6.920028
6,14,0.000000,0.818986,-6.907816
7,14,0.000000,0.818986,-6.907816
8,14,0.000000,0.735854,-6.907816
9,14,0.000000,0.764979,-6.921710
10,14,0.000000,0.764979,-6.926923
1,15,0.000000,0.374979,7.727684
2,15,0.000000,0.401102,7.532353
3,15,0.000000,0.290459,7.946806
4,15,0.000000,0.273521,7.923645
5,15,0.000000,0.256650,7.798108
6,15,0.000000,0.282235,7.996230
7,15,0.000000,0.303807,7.784022
8,15,0.000000,0.303807,7.750465
9,15,0.000000,0.303807,7.750465
10,15,0.000000,0.303807,7.774448
1,16,0.000000,-0.124558,-13.245653
2,16,0.000000,-0.076983,-13.029273
3,16,0.000000,-0.034025,-13.029273
4,16,0.000000,-0.070920,-13.029273
5,16,0.000000,-0.046958,-13.197201
6,16,0.000000,-0.041759,-13.262064
7,16,0.000000,-0.075831,-12.835296
8,16,0.000000,-0.075831,-12.835296
9,16,0.000000,-0.079176,-12.894281
10,16,0.000000,-0.089909,-13.137710
1,17,0.000000,0.288110,-1.941167
2,17,0.000000,0.288110,-1.856290
3,17,0.000000,0.273135,-1.979560
4,17,0.000000,0.293512,-1.994999
5,17,0.000000,0.293512,-1.994999
6,17,0.000000,0.254241,-1.994999
7,17,0.000000,0.254241,-1.994999
8,17,0.000000,0.296065,-1.845661
9,17,0.000000,0.291557,-2.020088
10,17,0.000000,0.282114,-1.667050
1,18,0.000000,-0.046757,-14.505116
2,18,0.000000,-0.073762,-14.505116
3,18,0.000000,-0.002350,-14.573029
4,18,0.000000,-0.011322,-14.398968
5,18,0.000000,-0.010313,-14.251084
6,18,0.000000,-0.010313,-14.251084
7,18,0.000000,0.039669,-14.428358
8,18,0.000000,0.013848,-14.155101
9,18,0.000000,0.013848,-14.341502
10,18,0.000000,0.011149,-14.309018
1,19,0.000000,0.052145,3.664380
2,19,0.000000,0.086274,3.542172
3,19,0.000000,0.056703,3.514083
4,19,0.000000,0.055691,3.713597
5,19,0.000000,0.075489,3.713597
6,19,0.000000,0.045367,3.755659
7,19,0.000000,0.045367,3.755659
8,19,0.000000,0.045367,3.755659
9,19,0.000000,0.023262,3.854728
10,19,0.000000,0.087051,3.854728
1,20,0.000000,-0.019493,-7.934509
2,20,0.000000,-0.019493,-7.757232
3,20,0.000000,-0.019493,-7.757232
4,20,0.000000,-0.019493,-7.757232
5,20,0.000000,-0.019493,-7.757232
6,20,0.000000,-0.033068,-7.646093
7,20,0.000000,-0.024635,-7.784114
8,20,0.000000,-0.066176,-7.828343
9,20,0.000000,-0.044288,-7.828343
10,20,0.000000,-0.044288,-7.828343
1,21,0.000000,0.056782,-5.940405
2,21,0.000000,0.051738,-5.970539
3,21,0.000000,0.051738,-5.970539
4,21,0.000000,0.043460,-5.959737
5,21,0.000000,0.043460,-5.959737
6,21,0.000000,0.036547,-6.184146
7,21,0.000000,0.051601,-6.039828
8,21,0.000000,0.038727,-6.039828
9,21,0.000000,0.032951,-6.409114
10,21,0.000000,0.032951,-5.962107
1,22,0.000000,-0.896552,13.922251
2,22,0.000000,-0.931312,14.566106
3,22,0.000000,-0.923899,14.064366
4,22,0.000000,-0.997290,15.802445
5,22,0.000000,-0.981497,15.737638
6,22,0.000000,-0.949893,15.200917
7,22,0.000000,-0.951118,15.326447
8,22,0.000000,-0.929429,14.518897
9,22,0.000000,-0.917055,14.614318
10,22,0.000000,-0.917055,15.158319
1,23,0.000000,-0.276783,-1.530893
2,23,0.000000,-0.298968,-1.462779
3,23,0.000000,-0.298968,-1.462779
4,23,0.000000,-0.310844,-1.458553
5,23,0.000000,-0.265896,-1.405671
6,23,0.000000,-0.265866,-1.405671
7,23,0.000000,-0.342395,-1.405671
8,23,0.000000,-0.243482,-1.748536
9,23,0.000000,-0.264704,-1.678890
10,23,0.000000,-0.239569,-1.726628
1,24,0.000000,-1.155904,17.874316
2,24,0.000000,-1.155904,18.110949
3,24,0.000000,-1.142064,18.120909
4,24,0.000000,-1.177893,18.695315
5,24,0.000000,-1.172825,19.568500
6,24,0.000000,-1.172825,19.777511
7,24,0.000000,-1.192706,19.689050
8,24,0.000000,-1.213878,20.018652
9,24,0.000000,-1.182653,18.947734
10,24,0.000000,-1.158579,18.569609
1,25,0.000000,-0.296251,4.290082
2,25,0.000000,-0.286976,4.374537
3,25,0.000000,-0.359503,4.989616
4,25,0.000000,-0.337517,4.989616
5,25,0.000000,-0.303602,4.896715
6,25,0.000000,-0.269957,4.713495
7,25,0.000000,-0.322806,4.713495
8,25,0.000000,-0.353365,4.940167
9,25,0.000000,-0.353365,4.940167
10,25,0.000000,-0.302060,4.861189
1,26,0.000000,0.703333,-0.165269
2,26,0.000000,0.703333,0.069705
3,26,0.000000,0.703333,0.043178
4,26,0.000000,0.591961,0.455889
5,26,0.000000,0.591961,0.486351
6,26,0.000000,0.557166,0.701713
7,26,0.000000,0.628194,0.533712
8,26,0.000000,0.588692,0.714176
9,26,0.000000,0.551412,0.815104
10,26,0.000000,0.551412,0.815104
1,27,0.000000,-0.308534,-1.913562
2,27,0.000000,-0.302083,-1.695906
3,27,0.000000,-0.332616,-1.801648
4,27,0.000000,-0.332616,-1.778190
5,27,0.000000,-0.332616,-1.778190
6,27,0.000000,-0.332616,-1.878868
7,27,0.000000,-0.332616,-1.824259
8,27,0.000000,-0.332616,-1.824259
9,27,0.000000,-0.307506,-1.658049
10,27,0.000000,-0.280745,-1.658049
1,28,0.000000,0.256237,-1.480617
2,28,0.000000,0.257941,-1.265857
3,28,0.000000,0.257941,-1.265857
4,28,0.000000,0.257941,-1.265857
5,28,0.000000,0.233902,-1.569008
6,28,0.000000,0.224389,-1.569008
7,28,0.000000,0.257144,-1.196125
8,28,0.000000,0.257144,-1.413322
9,28,0.000000,0.250004,-1.544238
10,28,0.000000,0.229453,-1.544238
1,29,0.000000,0.611535,3.793840
2,29,0.000000,0.647791,3.793840
3,29,0.000000,0.647791,3.793840
4,29,0.000000,0.615018,3.780274
5,29,0.000000,0.615018,3.780274
6,29,0.000000,0.615018,3.857480
7,29,0.000000,0.609076,3.857480
8,29,0.000000,0.604117,3.857480
9,29,0.000000,0.604117,3.857480
10,29,0.000000,0.604117,3.840826
1,30,0.000000,-0.415996,-1.396653
2,30,0.000000,-0.415996,-1.396653
3,30,0.000000,-0.427450,-1.396653
4,30,0.000000,-0.427450,-1.826826
5,30,0.000000,-0.434090,-1.476812
6,30,0.000000,-0.423076,-1.385592
7,30,0.000000,-0.423076,-1.727065
8,30,0.000000,-0.456301,-1.571402
9,30,0.000000,-0.464418,-1.534648
10,30,0.000000,-0.466559,-1.743440
1,31,0.000000,0.500375,-9.859161
2,31,0.000000,0.507436,-9.661868
3,31,0.000000,0.446003,-9.778378
4,31,0.000000,0.489191,-9.778378
5,31,0.000000,0.484655,-9.869481
6,31,0.000000,0.452358,-9.812138
7,31,0.000000,0.516626,-9.812138
8,31,0.000000,0.454603,-9.812138
9,31,0.000000,0.502360,-9.926020
10,31,0.000000,0.502360,-9.863377
1,32,0.000000,0.356020,-1.078278
2,32,0.000000,0.334299,-1.124257
3,32,0.000000,0.413054,-1.353950
4,32,0.000000,0.407249,-1.522233
5,32,0.000000,0.407249,-1.522233
6,32,0.000000,0.415140,-1.522233
7,32,0.000000,0.369123,-1.340672
8,32,0.000000,0.412684,-1.300192
9,32,0.000000,0.351392,-1.582257
10,32,0.000000,0.359232,-1.147539
1,33,0.000000,-0.390517,4.382596
2,33,0.000000,-0.431048,4.779286
3,33,0.000000,-0.431048,4.787185
4,33,0.000000,-0.398228,3.889205
5,33,0.000000,-0.431592,4.467957
6,33,0.000000,-0.402751,4.486496
7,33,0.000000,-0.353668,4.161344
8,33,0.000000,-0.387573,3.973813
9,33,0.000000,-0.348699,3.600935
10,33,0.000000,-0.343665,3.659956
1,34,0.000000,0.174414,-6.157455
2,34,0.000000,0.134500,-5.989835
3,34,0.000000,0.139220,-6.020892
4,34,0.000000,0.144082,-6.020892
5,34,0.000000,0.144082,-6.020892
6,34,0.000000,0.173281,-6.087011
7,34,0.000000,0.140633,-6.087011
8,34,0.000000,0.140633,-6.087011
9,34,0.000000,0.130965,-6.084887
10,34,0.000000,0.130306,-6.084887
1,35,0.000000,0.106545,0.742716
2,35,0.000000,0.106545,0.801917
3,35,0.000000,0.107358,0.877828
4,35,0.000000,0.107358,0.877828
5,35,0.000000,0.107358,0.877828
6,35,0.000000,0.107358,0.877828
7,35,0.000000,0.078246,0.877828
8,35,0.000000,0.071516,0.947704
9,35,0.000000,0.071516,1.036866
10,35,0.000000,0.071516,1.036866
1,36,0.000000,-0.040041,-3.249294
2,36,0.000000,-0.037615,-3.968954
3,36,0.000000,-0.037615,-3.901824
4,36,0.000000,-0.010352,-4.131566
5,36,0.000000,-0.042475,-3.925558
6,36,0.000000,-0.042475,-3.759708
7,36,0.000000,-0.042475,-4.112003
8,36,0.000000,-0.027196,-3.616961
9,36,0.000000,-0.033992,-3.616961
10,36,0.000000,-0.015063,-3.648962
1,37,0.000000,-0.407760,-6.073163
2,37,0.000000,-0.333601,-6.079447
3,37,0.000000,-0.314262,-6.079447
4,37,0.000000,-0.314262,-6.085379
5,37,0.000000,-0.285262,-5.970231
6,37,0.000000,-0.304496,-6.274038
7,37,0.000000,-0.327716,-6.406378
8,37,0.000000,-0.317509,-6.240337
9,37,0.000000,-0.305325,-6.240337
10,37,0.000000,-0.305325,-6.240337
1,38,0.000000,0.645625,-7.270253
2,38,0.000000,0.602876,-7.313866
3,38,0.000000,0.509935,-7.692161
4,38,0.000000,0.509935,-7.692161
5,38,0.000000,0.566546,-7.043371
6,38,0.000000,0.560814,-7.134299
7,38,0.000000,0.606016,-7.278411
8,38,0.000000,0.610190,-7.187394
9,38,0.000000,0.610190,-7.649596
10,38,0.000000,0.609497,-7.454025
1,39,0.000000,-0.049003,0.555981
2,39,0.000000,-0.065953,0.650465
3,39,0.000000,-0.091894,0.577095
4,39,0.000000,-0.091894,0.577095
5,39,0.000000,-0.091894,0.600354
6,39,0.000000,-0.124946,0.538617
7,39,0.000000,-0.124946,0.538617
8,39,0.000000,-0.019869,0.538617
9,39,0.000000,-0.048356,0.668779
10,39,0.000000,-0.059298,0.908036
1,40,0.000000,0.596117,-9.342848
2,40,0.000000,0.596671,-9.442115
3,40,0.000000,0.596671,-9.442115
4,40,0.000000,0.631088,-9.442115
5,40,0.000000,0.631088,-9.442115
6,40,0.000000,0.597803,-9.442115
7,40,0.000000,0.597803,-9.442115
8,40,0.000000,0.597803,-9.442115
9,40,0.000000,0.599061,-9.442115
10,40,0.000000,0.564914,-9.339347
1,41,0.000000,-0.325201,-0.076338
2,41,0.000000,-0.315516,-0.509187
3,41,0.000000,-0.334097,-0.353540
4,41,0.000000,-0.328500,-0.353540
5,41,0.000000,-0.328500,-0.616925
6,41,0.000000,-0.329727,-0.164623
7,41,0.000000,-0.362724,-0.224700
8,41,0.000000,-0.362724,-0.128256
9,41,0.000000,-0.362724,-0.128256
10,41,0.000000,-0.355240,-0.155041
1,42,0.000000,0.913657,-5.866752
2,42,0.000000,0.913657,-5.733051
3,42,0.000000,0.913657,-5.733051
4,42,0.000000,0.924753,-5.733051
5,42,0.000000,0.936493,-5.705358
6,42,0.000000,0.944011,-5.705358
7,42,0.000000,0.910275,-5.762611
8,42,0.000000,0.910275,-5.762611
9,42,0.000000,0.899166,-5.754394
10,42,0.000000,0.940861,-5.754394
1,43,0.000000,0.411134,-2.392634
2,43,0.000000,0.473221,-2.392634
3,43,0.000000,0.449888,-2.431346
4,43,0.000000,0.396315,-2.431346
5,43,0.000000,0.477359,-2.431346
6,43,0.000000,0.513516,-2.431346
7,43,0.000000,0.477895,-2.484721
8,43,0.000000,0.477895,-2.484721
9,43,0.000000,0.477895,-2.446499
10,43,0.000000,0.404245,-2.446499
1,44,0.000000,0.121811,-12.328462
2,44,0.000000,0.167887,-12.328462
3,44,0.000000,0.092646,-12.551186
4,44,0.000000,0.123904,-12.462474
5,44,0.000000,0.123904,-12.462474
6,44,0.000000,0.081498,-12.507308
7,44,0.000000,0.119740,-12.507308
8,44,0.000000,0.119740,-12.507308
9,44,0.000000,0.119740,-12.508655
10,44,0.000000,0.119740,-12.508655
1,45,0.000000,0.495859,-2.929049
2,45,0.000000,0.495859,-2.844560
3,45,0.000000,0.518835,-2.844560
4,45,0.000000,0.496236,-2.932194
5,45,0.000000,0.496236,-2.932194
6,45,0.000000,0.509590,-2.867746
7,45,0.000000,0.532514,-2.867746
8,45,0.000000,0.549267,-2.867746
9,45,0.000000,0.513727,-2.730575
10,45,0.000000,0.514961,-2.794318
1,46,0.000000,0.154964,-5.321732
2,46,0.000000,0.167481,-5.094173
3,46,0.000000,0.170224,-5.336476
4,46,0.000000,0.173144,-5.492775
5,46,0.000000,0.137400,-5.366079
6,46,0.000000,0.139765,-5.368748
7,46,0.000000,0.131920,-5.461506
8,46,0.000000,0.140405,-5.443892
9,46,0.000000,0.153881,-5.237171
10,46,0.000000,0.182360,-5.315403
1,47,0.000000,0.425947,-2.787430
2,47,0.000000,0.401198,-2.787430
3,47,0.000000,0.437643,-2.787430
4,47,0.000000,0.437643,-2.787430
5,47,0.000000,0.437643,-2.787430
6,47,0.000000,0.437643,-2.787430
7,47,0.000000,0.426265,-2.787430
8,47,0.000000,0.426265,-2.787430
9,47,0.000000,0.426265,-2.787430
10,47,0.000000,0.426265,-2.772349
1,48,0.000000,-0.307006,5.006918
2,48,0.000000,-0.319818,5.006918
3,48,0.000000,-0.324245,4.898164
4,48,0.000000,-0.324245,4.925058
5,48,0.000000,-0.342294,5.215316
6,48,0.000000,-0.342294,5.215316
7,48,0.000000,-0.314824,4.862167
8,48,0.000000,-0.309308,4.862167
9,48,0.000000,-0.309308,4.833933
10,48,0.000000,-0.320760,4.771922
1,49,0.000000,0.386346,1.068485
2,49,0.000000,0.386346,1.206223
3,49,0.000000,0.364326,1.206223
4,49,0.000000,0.473740,1.166670
5,49,0.000000,0.403192,1.092322
6,49,0.000000,0.367778,1.317410
7,49,0.000000,0.381978,1.250640
8,49,0.000000,0.442254,1.112718
9,49,0.000000,0.391412,1.485780
10,49,0.000000,0.271702,1.542273
1,50,0.000000,0.602266,-2.778288
2,50,0.000000,0.563956,-2.963580
3,50,0.000000,0.563956,-2.963580
4,50,0.000000,0.563956,-2.963580
5,50,0.000000,0.557428,-3.117419
6,50,0.000000,0.596197,-2.744904
7,50,0.000000,0.596197,-2.744904
8,50,0.000000,0.562374,-2.744904
9,50,0.000000,0.603067,-2.744904
10,50,0.000000,0.603067,-2.744904
1,51,0.000000,0.106252,-4.196754
2,51,0.000000,0.106252,-4.196754
3,51,0.000000,0.064745,-4.120959
4,51,0.000000,0.064745,-4.120343
5,51,0.000000,0.095195,-4.189901
6,51,0.000000,0.110500,-4.043650
7,51,0.000000,0.074615,-4.043650
8,51,0.000000,0.074615,-4.043650
9,51,0.000000,0.120804,-4.120939
10,51,0.000000,0.138269,-4.104227
1,52,0.000000,0.417613,-7.274111
2,52,0.000000,0.386618,-7.061306
3,52,0.000000,0.417065,-7.320910
4,52,0.000000,0.417065,-7.173935
5,52,0.000000,0.417065,-7.173935
6,52,0.000000,0.417065,-7.173935
7,52,0.000000,0.419993,-7.362399
8,52,0.000000,0.419993,-7.120333
9,52,0.000000,0.406314,-7.011927
10,52,0.000000,0.406314,-7.011927
1,53,0.000000,0.281469,-7.739576
2,53,0.000000,0.246669,-7.676594
3,53,0.000000,0.216860,-7.454344
4,53,0.000000,0.293597,-7.454344
5,53,0.000000,0.360044,-7.387305
6,53,0.000000,0.360044,-7.189308
7,53,0.000000,0.336561,-7.168967
8,53,0.000000,0.336561,-7.309012
9,53,0.000000,0.334284,-7.307098
10,53,0.000000,0.367336,-7.329892
1,54,0.000000,-0.055885,2.005989
2,54,0.000000,-0.050746,1.843216
3,54,0.000000,-0.057082,1.927086
4,54,0.000000,-0.063048,2.253544
5,54,0.000000,-0.063048,2.253544
6,54,0.000000,-0.063048,2.253544
7,54,0.000000,-0.063048,1.984724
8,54,0.000000,-0.063048,1.984724
9,54,0.000000,-0.056232,2.112592
10,54,0.000000,-0.069152,2.112592
1,55,0.000000,0.600754,-10.786420
2,55,0.000000,0.674993,-10.786420
3,55,0.000000,0.658089,-10.789763
4,55,0.000000,0.632700,-10.789763
5,55,0.000000,0.648415,-10.770819
6,55,0.000000,0.651884,-10.943350
7,55,0.000000,0.671899,-10.890395
8,55,0.000000,0.620599,-10.830388
9,55,0.000000,0.662400,-10.882901
10,55,0.000000,0.635509,-10.747234
1,56,0.000000,0.520910,-1.732498
2,56,0.000000,0.520910,-2.401132
3,56,0.000000,0.489049,-2.609894
4,56,0.000000,0.502649,-2.519942
5,56,0.000000,0.518479,-2.948843
6,56,0.000000,0.499584,-2.705189
7,56,0.000000,0.499584,-2.268593
8,56,0.000000,0.541582,-2.268593
9,56,0.000000,0.541582,-2.268593
10,56,0.000000,0.505884,-2.159284
1,57,0.000000,0.066411,-1.577489
2,57,0.000000,0.066411,-1.598626
3,57,0.000000,0.066411,-1.598626
4,57,0.000000,0.066411,-1.598626
5,57,0.000000,-0.013007,-1.418998
6,57,0.000000,0.080928,-1.576935
7,57,0.000000,0.033018,-1.424639
8,57,0.000000,0.036986,-1.424639
9,57,0.000000,0.036986,-1.226813
10,57,0.000000,0.030278,-1.345989
1,58,0.000000,-0.548224,-6.244525
2,58,0.000000,-0.532479,-6.326119
3,58,0.000000,-0.532479,-6.326119
4,58,0.000000,-0.542673,-6.370698
5,58,0.000000,-0.556865,-6.821970
6,58,0.000000,-0.522386,-6.821970
7,58,0.000000,-0.535432,-6.614464
8,58,0.000000,-0.518719,-6.857233
9,58,0.000000,-0.520526,-6.782448
10,58,0.000000,-0.533659,-6.695079
1,59,0.000000,0.064486,5.279228
2,59,0.000000,0.211129,5.068096
3,59,0.000000,0.128391,4.932398
4,59,0.000000,0.151357,4.963476
5,59,0.000000,0.119791,5.328270
6,59,0.000000,0.119791,5.089751
7,59,0.000000,0.128824,5.099326
8,59,0.000000,0.128824,5.109413
9,59,0.000000,0.118747,5.160604
10,59,0.000000,0.118747,5.160604
1,60,0.000000,0.641663,-2.384722
2,60,0.000000,0.660168,-2.229298
3,60,0.000000,0.646318,-2.229298
4,60,0.000000,0.671535,-2.262014
5,60,0.000000,0.702080,-2.349965
6,60,0.000000,0.688122,-2.224966
7,60,0.000000,0.640422,-2.230293
8,60,0.000000,0.640422,-2.230293
9,60,0.000000,0.640422,-2.039460
10,60,0.000000,0.640422,-2.039460
1,61,0.000000,0.573334,-10.349955
2,61,0.000000,0.613657,-10.406809
3,61,0.000000,0.613657,-10.406809
4,61,0.000000,0.562681,-10.309420
5,61,0.000000,0.562681,-10.309420
6,61,0.000000,0.573293,-10.309420
7,61,0.000000,0.587504,-10.309420
8,61,0.000000,0.555453,-10.133152
9,61,0.000000,0.545963,-10.202732
10,61,0.000000,0.545963,-10.202732
1,62,0.000000,0.838715,6.936068
2,62,0.000000,0.862425,6.963242
3,62,0.000000,0.807674,6.963242
4,62,0.000000,0.807674,6.963242
5,62,0.000000,0.828796,6.963242
6,62,0.000000,0.795322,6.963242
7,62,0.000000,0.795322,6.963242
8,62,0.000000,0.800889,6.963242
9,62,0.000000,0.862630,6.963242
10,62,0.000000,0.862630,6.963242
1,63,0.000000,-0.657613,-1.960793
2,63,0.000000,-0.646238,-2.208416
3,63,0.000000,-0.608796,-2.187127
4,63,0.000000,-0.633727,-2.264413
5,63,0.000000,-0.633446,-1.970954
6,63,0.000000,-0.633446,-1.970954
7,63,0.000000,-0.600171,-1.842612
8,63,0.000000,-0.584599,-2.321048
9,63,0.000000,-0.595784,-2.086880
10,63,0.000000,-0.599704,-2.046385
1,64,0.000000,0.029069,0.119441
2,64,0.000000,0.022732,0.229906
3,64,0.000000,0.073590,0.279396
4,64,0.000000,0.101168,0.066046
5,64,0.000000,0.030799,-0.122523
6,64,0.000000,0.010731,0.270442
7,64,0.000000,0.046871,0.159702
8,64,0.000000,0.046871,0.159702
9,64,0.000000,0.046871,0.159702
10,64,0.000000,0.051360,0.159702
1,65,0.000000,0.089708,7.237534
2,65,0.000000,0.059271,7.237534
3,65,0.000000,0.059271,7.237534
4,65,0.000000,0.027152,7.183779
5,65,0.000000,0.027152,7.183779
6,65,0.000000,0.027152,7.183779
7,65,0.000000,0.091629,7.170645
8,65,0.000000,0.058700,7.170645
9,65,0.000000,0.058700,7.170645
10,65,0.000000,0.058700,7.170645
1,66,0.000000,0.605728,-2.933976
2,66,0.000000,0.589200,-3.014527
3,66,0.000000,0.654117,-2.808659
4,66,0.000000,0.654117,-2.808659
5,66,0.000000,0.595075,-2.680494
6,66,0.000000,0.605104,-3.234883
7,66,0.000000,0.601605,-2.590045
8,66,0.000000,0.611249,-2.800000
9,66,0.000000,0.639582,-2.966489
10,66,0.000000,0.599897,-2.966489
1,67,0.000000,-0.120181,16.554221
2,67,0.000000,-0.140087,16.542386
3,67,0.000000,-0.115550,16.434847
4,67,0.000000,-0.095744,17.638246
5,67,0.000000,-0.088263,17.010973
6,67,0.000000,-0.137020,17.429551
7,67,0.000000,-0.182051,17.711241
8,67,0.000000,-0.216129,18.581288
9,67,0.000000,-0.278300,19.219771
10,67,0.000000,-0.296068,18.988679
1,68,0.000000,-0.490202,6.923762
2,68,0.000000,-0.476823,6.759413
3,68,0.000000,-0.462383,6.766810
4,68,0.000000,-0.444777,6.581394
5,68,0.000000,-0.444777,6.663466
6,68,0.000000,-0.444777,6.663466
7,68,0.000000,-0.376428,6.218989
8,68,0.000000,-0.376428,6.820404
9,68,0.000000,-0.474988,7.181667
10,68,0.000000,-0.515382,6.830418
1,69,0.000000,-0.214946,5.947015
2,69,0.000000,-0.311067,6.049831
3,69,0.000000,-0.171356,5.717955
4,69,0.000000,-0.171356,5.717955
5,69,0.000000,-0.171356,5.578272
6,69,0.000000,-0.227380,5.992844
7,69,0.000000,-0.224409,5.995374
8,69,0.000000,-0.224522,5.621435
9,69,0.000000,-0.172779,5.621435
10,69,0.000000,-0.172779,5.838509
1,70,0.000000,-0.511397,7.763453
2,70,0.000000,-0.536339,8.183002
3,70,0.000000,-0.546626,8.020805
4,70,0.000000,-0.520996,7.721828
5,70,0.000000,-0.499845,7.245828
6,70,0.000000,-0.475868,7.031384
7,70,0.000000,-0.497123,7.343040
8,70,0.000000,-0.492416,7.013131
9,70,0.000000,-0.492416,7.258801
10,70,0.000000,-0.489535,6.961886
1,71,0.000000,-0.889511,13.251642
2,71,0.000000,-0.889511,13.287575
3,71,0.000000,-0.933128,13.406173
4,71,0.000000,-0.900736,13.979809
5,71,0.000000,-0.948323,13.977006
6,71,0.000000,-0.967552,13.969666
7,71,0.000000,-0.946899,14.270011
8,71,0.000000,-0.945941,13.990961
9,71,0.000000,-0.945941,14.244270
10,71,0.000000,-0.961385,14.323180
1,72,0.000000,-0.748662,3.020537
2,72,0.000000,-0.813560,3.020537
3,72,0.000000,-0.816646,2.814588
4,72,0.000000,-0.779367,2.948721
5,72,0.000000,-0.806337,2.769295
6,72,0.000000,-0.763992,3.036304
7,72,0.000000,-0.763992,3.036304
8,72,0.000000,-0.750443,2.492882
9,72,0.000000,-0.786750,3.241861
10,72,0.000000,-0.776136,2.613084
1,73,0.000000,0.113046,-2.316415
2,73,0.000000,0.097876,-2.532691
3,73,0.000000,0.097876,-2.556190
4,73,0.000000,0.097876,-2.674584
5,73,0.000000,0.090011,-2.517958
6,73,0.000000,0.095838,-2.351470
7,73,0.000000,0.072772,-2.351470
8,73,0.000000,0.121824,-2.255774
9,73,0.000000,0.117343,-2.428504
10,73,0.000000,0.105196,-2.523409
1,74,0.000000,0.220715,2.884133
2,74,0.000000,0.264844,2.884133
3,74,0.000000,0.269680,2.722887
4,74,0.000000,0.269680,2.722887
5,74,0.000000,0.269680,2.722887
6,74,0.000000,0.269680,2.722887
7,74,0.000000,0.269838,2.637633
8,74,0.000000,0.285896,2.674944
9,74,0.000000,0.254447,3.032250
10,74,0.000000,0.290502,2.640287
1,75,0.000000,-0.666582,4.595183
2,75,0.000000,-0.684940,4.635576
3,75,0.000000,-0.684940,4.635576
4,75,0.000000,-0.660170,4.512024
5,75,0.000000,-0.660170,4.512024
6,75,0.000000,-0.642162,4.381290
7,75,0.000000,-0.624160,4.329412
8,75,0.000000,-0.658061,4.495325
9,75,0.000000,-0.642692,4.348100
10,75,0.000000,-0.676399,4.847572
1,76,0.000000,0.370269,-0.676048
2,76,0.000000,0.338217,-0.499272
3,76,0.000000,0.270075,-0.143946
4,76,0.000000,0.270075,-0.143946
5,76,0.000000,0.270075,-0.143946
6,76,0.000000,0.261597,-0.250739
7,76,0.000000,0.239063,0.378624
8,76,0.000000,0.201872,0.423848
9,76,0.000000,0.188755,0.553521
10,76,0.000000,0.171323,0.302499
1,77,0.000000,0.203791,-10.138051
2,77,0.000000,0.277944,-10.389815
3,77,0.000000,0.277944,-10.389815
4,77,0.000000,0.278135,-10.670670
5,77,0.000000,0.278135,-10.670670
6,77,0.000000,0.278135,-10.310413
7,77,0.000000,0.262854,-10.409612
8,77,0.000000,0.277823,-10.302762
9,77,0.000000,0.277823,-10.391409
10,77,0.000000,0.277823,-10.575634
1,78,0.000000,0.560017,1.459057
2,78,0.000000,0.560017,1.459057
3,78,0.000000,0.556639,1.237735
4,78,0.000000,0.623867,1.422443
5,78,0.000000,0.623867,1.422443
6,78,0.000000,0.600668,1.422443
7,78,0.000000,0.600668,1.392387
8,78,0.000000,0.554419,1.424695
9,78,0.000000,0.529266,1.330047
10,78,0.000000,0.554822,1.330047
1,79,0.000000,-0.424828,-1.190040
2,79,0.000000,-0.424828,-1.190040
3,79,0.000000,-0.434889,-1.159685
4,79,0.000000,-0.451723,-1.060896
5,79,0.000000,-0.418045,-1.162067
6,79,0.000000,-0.404549,-1.162067
7,79,0.000000,-0.404549,-1.142971
8,79,0.000000,-0.449382,-1.105470
9,79,0.000000,-0.406258,-1.105470
10,79,0.000000,-0.406258,-1.105470
1,80,0.000000,0.134804,16.524015
2,80,0.000000,0.317210,14.680235
3,80,0.000000,0.393043,12.771603
4,80,0.000000,0.398720,11.555852
5,80,0.000000,0.575302,13.491943
6,80,0.000000,0.507768,12.493721
7,80,0.000000,0.525093,13.787977
8,80,0.000000,0.284715,13.882943
9,80,0.000000,0.191265,14.120165
10,80,0.000000,0.301744,12.925202
1,81,0.000000,-0.411637,-5.566131
2,81,0.000000,-0.341769,-5.529662
3,81,0.000000,-0.414228,-5.529662
4,81,0.000000,-0.402727,-5.649374
5,81,0.000000,-0.405267,-5.675809
6,81,0.000000,-0.482911,-5.312098
7,81,0.000000,-0.354753,-5.447892
8,81,0.000000,-0.404988,-5.447892
9,81,0.000000,-0.404988,-5.276712
10,81,0.000000,-0.412847,-5.789896
1,82,0.000000,-0.228410,1.130360
2,82,0.000000,-0.236803,1.130360
3,82,0.000000,-0.236803,1.179529
4,82,0.000000,-0.270890,1.263673
5,82,0.000000,-0.270890,1.263673
6,82,0.000000,-0.276467,1.201688
7,82,0.000000,-0.235054,1.137095
8,82,0.000000,-0.348259,1.244102
9,82,0.000000,-0.265509,1.406260
10,82,0.000000,-0.356181,1.575910
1,83,0.000000,-0.400804,2.099045
2,83,0.000000,-0.408745,2.538638
3,83,0.000000,-0.392830,1.947694
4,83,0.000000,-0.386828,1.874276
5,83,0.000000,-0.401342,2.494573
6,83,0.000000,-0.389081,1.847540
7,83,0.000000,-0.397301,2.246693
8,83,0.000000,-0.397301,2.246693
9,83,0.000000,-0.403832,2.385036
10,83,0.000000,-0.403832,2.385036
1,84,0.000000,-0.290637,-5.099864
2,84,0.000000,-0.390039,-4.990994
3,84,0.000000,-0.290173,-5.022674
4,84,0.000000,-0.323979,-4.879592
5,84,0.000000,-0.323979,-4.779553
6,84,0.000000,-0.355116,-4.779553
7,84,0.000000,-0.392887,-5.064597
8,84,0.000000,-0.378868,-5.064597
9,84,0.000000,-0.378868,-5.364069
10,84,0.000000,-0.378868,-5.364069
1,85,0.000000,-0.914436,7.735115
2,85,0.000000,-0.925067,7.736624
3,85,0.000000,-0.925067,7.354974
4,85,0.000000,-0.925067,7.354974
5,85,0.000000,-0.925067,7.690042
6,85,0.000000,-0.914007,7.690042
7,85,0.000000,-0.893293,7.366599
8,85,0.000000,-0.893293,7.366599
9,85,0.000000,-0.914540,7.339086
10,85,0.000000,-0.929449,7.518525
1,86,0.000000,0.294555,1.541168
2,86,0.000000,0.278129,1.519304
3,86,0.000000,0.278129,1.519304
4,86,0.000000,0.297583,1.519304
5,86,0.000000,0.319735,1.503554
6,86,0.000000,0.308584,1.503554
7,86,0.000000,0.276504,1.507446
8,86,0.000000,0.238162,1.494865
9,86,0.000000,0.282163,1.494865
10,86,0.000000,0.282163,1.494865
1,87,0.000000,0.584516,-11.098556
2,87,0.000000,0.587506,-11.098556
3,87,0.000000,0.588089,-11.069505
4,87,0.000000,0.635515,-11.050686
5,87,0.000000,0.622092,-11.101779
6,87,0.000000,0.622092,-11.101779
7,87,0.000000,0.622092,-11.101779
8,87,0.000000,0.622092,-11.101779
9,87,0.000000,0.604040,-11.018664
10,87,0.000000,0.597031,-11.018664
1,88,0.000000,-0.101022,-1.321365
2,88,0.000000,-0.092502,-1.574911
3,88,0.000000,-0.096009,-1.589671
4,88,0.000000,-0.055600,-1.483900
5,88,0.000000,-0.044996,-1.483900
6,88,0.000000,-0.083781,-1.289514
7,88,0.000000,-0.083781,-1.289514
8,88,0.000000,-0.083781,-1.509060
9,88,0.000000,-0.125249,-1.820667
10,88,0.000000,-0.125249,-1.820667
1,89,0.000000,-0.029766,-13.327937
2,89,0.000000,-0.029766,-13.196850
3,89,0.000000,-0.029766,-13.196850
4,89,0.000000,-0.030745,-13.424502
5,89,0.000000,-0.033617,-13.499679
6,89,0.000000,-0.083221,-13.499679
7,89,0.000000,-0.091522,-13.421108
8,89,0.000000,-0.067142,-13.326947
9,89,0.000000,-0.038622,-13.368620
10,89,0.000000,-0.037009,-13.384604
1,90,0.000000,0.368213,4.751066
2,90,0.000000,0.368213,4.751066
3,90,0.000000,0.419668,4.751066
4,90,0.000000,0.368120,4.575276
5,90,0.000000,0.368120,4.575276
6,90,0.000000,0.383190,4.803969
7,90,0.000000,0.220972,5.655290
8,90,0.000000,0.220972,5.358503
9,90,0.000000,0.276030,5.240327
10,90,0.000000,0.350381,5.084257
1,91,0.000000,0.005659,5.876520
2,91,0.000000,0.020423,6.187182
3,91,0.000000,-0.007931,6.118138
4,91,0.000000,0.027989,6.226966
5,91,0.000000,-0.043275,7.554206
6,91,0.000000,-0.043275,7.554206
7,91,0.000000,-0.167314,8.479793
8,91,0.000000,-0.160868,9.073552
9,91,0.000000,-0.155654,8.769199
10,91,0.000000,-0.100874,7.562816
1,92,0.000000,-0.478135,-5.843914
2,92,0.000000,-0.478135,-5.955285
3,92,0.000000,-0.478135,-5.955285
4,92,0.000000,-0.494725,-6.069138
5,92,0.000000,-0.465443,-6.045784
6,92,0.000000,-0.465443,-6.045784
7,92,0.000000,-0.460337,-6.374750
8,92,0.000000,-0.488438,-6.021956
9,92,0.000000,-0.478595,-5.981253
10,92,0.000000,-0.473356,-6.086735
1,93,0.000000,-0.185442,-9.907733
2,93,0.000000,-0.147118,-10.300738
3,93,0.000000,-0.147118,-10.300738
4,93,0.000000,-0.116042,-9.838425
5,93,0.000000,-0.102557,-9.340882
6,93,0.000000,-0.071622,-9.605334
7,93,0.000000,-0.138968,-9.907938
8,93,0.000000,-0.180750,-9.872421
9,93,0.000000,-0.176085,-10.193905
10,93,0.000000,-0.176085,-10.235486
1,94,0.000000,0.076004,7.261334
2,94,0.000000,0.076004,7.121887
3,94,0.000000,0.007587,7.234859
4,94,0.000000,0.007587,7.234859
5,94,0.000000,0.124050,7.234859
6,94,0.000000,0.012945,7.241955
7,94,0.000000,0.037916,7.243095
8,94,0.000000,0.076465,7.208005
9,94,0.000000,0.139376,7.208005
10,94,0.000000,0.157009,7.098464
1,95,0.000000,-0.082597,-6.785068
2,95,0.000000,-0.082597,-6.785068
3,95,0.000000,-0.082597,-6.785068
4,95,0.000000,-0.107282,-6.785068
5,95,0.000000,-0.107282,-6.785068
6,95,0.000000,-0.107282,-6.785068
7,95,0.000000,-0.105003,-6.924190
8,95,0.000000,-0.093700,-6.896431
9,95,0.000000,-0.103212,-6.904036
10,95,0.000000,-0.103212,-6.904036
1,96,0.000000,0.229557,-5.849742
2,96,0.000000,0.229557,-5.849742
3,96,0.000000,0.236502,-5.983141
4,96,0.000000,0.210999,-5.715483
5,96,0.000000,0.210999,-5.659172
6,96,0.000000,0.213536,-5.659172
7,96,0.000000,0.218052,-5.773685
8,96,0.000000,0.231445,-5.992061
9,96,0.000000,0.231445,-5.992061
10,96,0.000000,0.232961,-5.827008
1,97,0.000000,0.038736,0.045128
2,97,0.000000,0.038736,-0.078522
3,97,0.000000,-0.018014,-0.078522
4,97,0.000000,0.011296,0.134119
5,97,0.000000,0.050271,-0.087717
6,97,0.000000,0.050271,-0.087717
7,97,0.000000,0.050271,0.079892
8,97,0.000000,0.022766,0.079892
9,97,0.000000,0.017067,0.080771
10,97,0.000000,0.017067,-0.114743
1,98,0.000000,0.454023,-10.796648
2,98,0.000000,0.454023,-10.796648
3,98,0.000000,0.466738,-10.643284
4,98,0.000000,0.473157,-10.673842
5,98,0.000000,0.473157,-10.673842
6,98,0.000000,0.384310,-10.862794
7,98,0.000000,0.384310,-10.862794
8,98,0.000000,0.384310,-10.911453
9,98,0.000000,0.384310,-10.911453
10,98,0.000000,0.370440,-10.896238
1,99,0.000000,-0.079920,5.668777
2,99,0.000000,-0.074017,5.349027
3,99,0.000000,-0.103014,5.859317
4,99,0.000000,-0.079361,5.859317
5,99,0.000000,-0.114587,5.913971
6,99,0.000000,-0.073516,5.573934
7,99,0.000000,-0.019698,5.158316
8,99,0.000000,-0.019698,5.409735
9,99,0.000000,-0.059488,5.674436
10,99,0.000000,-0.059488,5.674436
1,100,0.000000,0.370635,-5.499254
2,100,0.000000,0.379474,-5.499254
3,100,0.000000,0.358557,-5.499254
4,100,0.000000,0.419357,-5.331152
5,100,0.000000,0.385005,-5.597488
6,100,0.000000,0.397160,-5.597488
7,100,0.000000,0.397160,-5.597488
8,100,0.000000,0.406657,-5.502172
9,100,0.000000,0.347706,-5.363689
10,100,0.000000,0.330431,-5.518703
1,101,0.000000,0.681662,-7.470352
2,101,0.000000,0.656279,-7.230555
3,101,0.000000,0.656279,-7.230555
4,101,0.000000,0.673461,-7.331318
5,101,0.000000,0.657504,-7.331318
6,101,0.000000,0.640390,-7.210226
7,101,0.000000,0.678184,-7.137706
8,101,0.000000,0.582481,-7.137706
9,101,0.000000,0.674454,-7.137706
10,101,0.000000,0.647004,-7.247664
1,102,0.000000,-0.075427,5.543248
2,102,0.000000,-0.118272,4.749687
3,102,0.000000,-0.036969,4.446816
4,102,0.000000,-0.031212,4.424334
5,102,0.000000,-0.133038,6.120077
6,102,0.000000,-0.125864,5.940565
7,102,0.000000,-0.102456,5.258451
8,102,0.000000,-0.140429,5.351772
9,102,0.000000,-0.049351,3.640836
10,102,0.000000,-0.064354,4.704829
1,103,0.000000,0.104761,9.108516
2,103,0.000000,0.039346,9.417341
3,103,0.000000,0.003923,9.985513
4,103,0.000000,-0.003144,9.771529
5,103,0.000000,0.058591,9.528177
6,103,0.000000,0.083533,8.959883
7,103,0.000000,0.101589,9.142080
8,103,0.000000,0.041405,9.603868
9,103,0.000000,0.035718,9.437206
10,103,0.000000,-0.012166,10.847799
1,104,0.000000,0.452835,-7.619850
2,104,0.000000,0.452835,-7.619850
3,104,0.000000,0.452835,-7.619850
4,104,0.000000,0.452835,-7.619850
5,104,0.000000,0.413543,-7.746515
6,104,0.000000,0.442532,-7.661043
7,104,0.000000,0.442532,-7.661043
8,104,0.000000,0.442532,-7.661043
9,104,0.000000,0.444425,-7.661043
10,104,0.000000,0.444425,-7.661043
1,105,0.000000,-0.002704,9.559650
2,105,0.000000,-0.023978,9.863710
3,105,0.000000,0.007851,9.608867
4,105,0.000000,-0.010564,9.604977
5,105,0.000000,0.033369,9.467189
6,105,0.000000,0.033369,9.355449
7,105,0.000000,0.060573,9.299362
8,105,0.000000,0.060573,9.299362
9,105,0.000000,-0.016677,9.563267
10,105,0.000000,-0.038457,10.205550
1,106,0.000000,1.209371,-2.516491
2,106,0.000000,1.191558,-2.516491
3,106,0.000000,1.191558,-2.516491
4,106,0.000000,1.191558,-2.516491
5,106,0.000000,1.127856,-2.223354
6,106,0.000000,1.127856,-2.223354
7,106,0.000000,1.153848,-2.361946
8,106,0.000000,1.153848,-2.361946
9,106,0.000000,1.153848,-2.361946
10,106,0.000000,1.164146,-2.361946
1,107,0.000000,-0.810287,-7.870619
2,107,0.000000,-0.851217,-9.015907
3,107,0.000000,-0.797633,-8.156239
4,107,0.000000,-0.686861,-8.269401
5,107,0.000000,-0.665909,-7.954020
6,107,0.000000,-0.665909,-8.234577
7,107,0.000000,-0.754894,-8.174773
8,107,0.000000,-0.668418,-8.174773
9,107,0.000000,-0.728403,-8.215937
10,107,0.000000,-0.742223,-8.290046
1,108,0.000000,0.742263,-6.492489
2,108,0.000000,0.742263,-6.492489
3,108,0.000000,0.657729,-6.275125
4,108,0.000000,0.693987,-5.906528
5,108,0.000000,0.654709,-5.906528
6,108,0.000000,0.564977,-5.979290
7,108,0.000000,0.576231,-5.628510
8,108,0.000000,0.589098,-6.098236
9,108,0.000000,0.596896,-6.061789
10,108,0.000000,0.701679,-6.181441
1,109,0.000000,0.424881,-6.865743
2,109,0.000000,0.424881,-6.865743
3,109,0.000000,0.414228,-6.637976
4,109,0.000000,0.377154,-6.487693
5,109,0.000000,0.342121,-6.485299
6,109,0.000000,0.342121,-6.460954
7,109,0.000000,0.379352,-6.645873
8,109,0.000000,0.379352,-6.645873
9,109,0.000000,0.426188,-6.715731
10,109,0.000000,0.409264,-6.715731
1,110,0.000000,-0.796482,-2.396536
2,110,0.000000,-0.694284,-3.221157
3,110,0.000000,-0.638779,-2.966847
4,110,0.000000,-0.675622,-3.069379
5,110,0.000000,-0.655823,-3.325912
6,110,0.000000,-0.692607,-2.785874
7,110,0.000000,-0.737816,-2.932181
8,110,0.000000,-0.721677,-3.040375
9,110,0.000000,-0.700047,-2.959584
10,110,0.000000,-0.745138,-2.965719
1,111,0.000000,0.291260,-16.384317
2,111,0.000000,0.282146,-16.509102
3,111,0.000000,0.301694,-16.738573
4,111,0.000000,0.270824,-16.583416
5,111,0.000000,0.229740,-16.583416
6,111,0.000000,0.300643,-16.586384
7,111,0.000000,0.191658,-16.527102
8,111,0.000000,0.271364,-16.249885
9,111,0.000000,0.176171,-16.249885
10,111,0.000000,0.128350,-16.249885
1,112,0.000000,-0.560154,0.233695
2,112,0.000000,-0.552053,-0.006963
3,112,0.000000,-0.495626,-0.006963
4,112,0.000000,-0.480639,0.052310
5,112,0.000000,-0.511016,0.052310
6,112,0.000000,-0.517167,0.109420
7,112,0.000000,-0.517167,0.109420
8,112,0.000000,-0.517167,0.109420
9,112,0.000000,-0.493818,-0.065728
10,112,0.000000,-0.495411,-0.198410
1,113,0.000000,0.322105,-4.281366
2,113,0.000000,0.337407,-4.644336
3,113,0.000000,0.337407,-4.602567
4,113,0.000000,0.303858,-4.408701
5,113,0.000000,0.303858,-4.408701
6,113,0.000000,0.300106,-4.416723
7,113,0.000000,0.300106,-4.416723
8,113,0.000000,0.262773,-4.416723
9,113,0.000000,0.280612,-4.361689
10,113,0.000000,0.302569,-4.361689
1,114,0.000000,-0.809686,0.966384
2,114,0.000000,-0.780142,1.083399
3,114,0.000000,-0.792332,1.083399
4,114,0.000000,-0.831547,1.517242
5,114,0.000000,-0.819663,1.424141
6,114,0.000000,-0.841973,1.352589
7,114,0.000000,-0.832474,1.583507
8,114,0.000000,-0.819511,1.162135
9,114,0.000000,-0.808514,1.273160
10,114,0.000000,-0.813848,1.021333
1,115,0.000000,-0.182557,-1.014230
2,115,0.000000,-0.132884,-1.202683
3,115,0.000000,-0.096683,-0.948049
4,115,0.000000,-0.149968,-0.852455
5,115,0.000000,-0.149968,-0.988987
6,115,0.000000,-0.149968,-0.988987
7,115,0.000000,-0.118798,-0.988987
8,115,0.000000,-0.118798,-0.988987
9,115,0.000000,-0.162845,-1.208515
10,115,0.000000,-0.181250,-1.208515
1,116,0.000000,0.203497,-10.165397
2,116,0.000000,0.216984,-10.165397
3,116,0.000000,0.216984,-10.165397
4,116,0.000000,0.230400,-10.165397
5,116,0.000000,0.227290,-10.165397
6,116,0.000000,0.227290,-10.165397
7,116,0.000000,0.250467,-10.158736
8,116,0.000000,0.250467,-10.158736
9,116,0.000000,0.191740,-10.158736
10,116,0.000000,0.218082,-10.158736
1,117,0.000000,0.129244,7.548372
2,117,0.000000,0.196360,7.114696
3,117,0.000000,0.133205,7.758365
4,117,0.000000,0.134944,7.581693
5,117,0.000000,0.071977,7.958818
6,117,0.000000,0.111997,7.547487
7,117,0.000000,0.092323,7.406827
8,117,0.000000,0.118234,7.637395
9,117,0.000000,0.080379,7.480601
10,117,0.000000,0.148861,7.467678
1,118,0.000000,-0.922650,21.809288
2,118,0.000000,-0.892236,20.382097
3,118,0.000000,-0.855890,20.407365
4,118,0.000000,-0.874383,19.809478
5,118,0.000000,-0.848289,19.580686
6,118,0.000000,-0.768820,17.569452
7,118,0.000000,-0.801682,17.816951
8,118,0.000000,-0.788048,17.206963
9,118,0.000000,-0.735800,17.191079
10,118,0.000000,-0.759961,17.288831
1,119,0.000000,1.112471,-11.200813
2,119,0.000000,1.112471,-11.200813
3,119,0.000000,1.103423,-11.200813
4,119,0.000000,1.089893,-11.312021
5,119,0.000000,1.100755,-11.302957
6,119,0.000000,1.100755,-11.211324
7,119,0.000000,1.093078,-11.211324
8,119,0.000000,1.093078,-11.211324
9,119,0.000000,1.101321,-11.211324
10,119,0.000000,1.125840,-11.166648
1,120,0.000000,1.048095,5.972693
2,120,0.000000,0.927653,6.438823
3,120,0.000000,0.927653,7.130454
4,120,0.000000,0.735901,7.226080
5,120,0.000000,0.913008,6.980152
6,120,0.000000,0.422827,10.976326
7,120,0.000000,0.398156,10.976326
8,120,0.000000,0.531053,10.489724
9,120,0.000000,0.443579,10.636337
10,120,0.000000,0.465963,9.937186
1,121,0.000000,0.008524,-4.688309
2,121,0.000000,-0.007662,-4.759007
3,121,0.000000,-0.007662,-4.679088
4,121,0.000000,-0.002192,-4.679088
5,121,0.000000,-0.002937,-4.357408
6,121,0.000000,-0.002937,-4.357408
7,121,0.000000,0.036860,-4.584993
8,121,0.000000,0.009113,-4.839061
9,121,0.000000,-0.002555,-4.845360
10,121,0.000000,-0.000085,-4.578731
1,122,0.000000,-0.167538,12.533527
2,122,0.000000,-0.222210,13.564473
3,122,0.000000,-0.222210,13.428834
4,122,0.000000,-0.225173,13.215314
5,122,0.000000,-0.182401,12.989234
6,122,0.000000,-0.174323,12.989234
7,122,0.000000,-0.162688,13.284316
8,122,0.000000,-0.163181,12.709663
9,122,0.000000,-0.163181,12.709663
10,122,0.000000,-0.163181,12.696804
1,123,0.000000,0.061507,13.877260
2,123,0.000000,0.061507,13.877260
3,123,0.000000,0.061507,13.646555
4,123,0.000000,0.061507,14.152832
5,123,0.000000,0.032448,13.974132
6,123,0.000000,0.030817,13.974132
7,123,0.000000,0.039321,14.065955
8,123,0.000000,0.024053,13.889759
9,123,0.000000,0.048200,14.281444
10,123,0.000000,-0.067006,14.912790
1,124,0.000000,0.039302,7.515994
2,124,0.000000,0.055524,7.894647
3,124,0.000000,0.052489,7.556928
4,124,0.000000,-0.005572,7.556928
5,124,0.000000,0.011562,7.682183
6,124,0.000000,0.013110,8.328380
7,124,0.000000,-0.032353,8.325929
8,124,0.000000,-0.047304,8.325929
9,124,0.000000,-0.056381,8.325929
10,124,0.000000,-0.056381,8.251847
1,125,0.000000,0.091399,2.294003
2,125,0.000000,0.052716,2.168856
3,125,0.000000,0.226746,2.091304
4,125,0.000000,0.126096,2.091304
5,125,0.000000,0.139213,2.224750
6,125,0.000000,0.084676,2.224750
7,125,0.000000,0.081296,2.381941
8,125,0.000000,0.094296,2.381941
9,125,0.000000,0.070918,2.334060
10,125,0.000000,0.147640,2.152937
1,126,0.000000,-0.670733,5.489099
2,126,0.000000,-0.670733,5.413252
3,126,0.000000,-0.697675,5.971266
4,126,0.000000,-0.749140,6.560645
5,126,0.000000,-0.771276,6.560645
6,126,0.000000,-0.737470,5.982487
7,126,0.000000,-0.698256,5.982487
8,126,0.000000,-0.726467,5.982487
9,126,0.000000,-0.722515,6.129836
10,126,0.000000,-0.757312,6.371499
1,127,0.000000,-0.404048,9.463347
2,127,0.000000,-0.404048,9.411450
3,127,0.000000,-0.454968,10.439717
4,127,0.000000,-0.442428,10.810618
5,127,0.000000,-0.473929,10.799804
6,127,0.000000,-0.473929,11.169952
7,127,0.000000,-0.466906,11.088778
8,127,0.000000,-0.426303,10.436136
9,127,0.000000,-0.443423,10.464939
10,127,0.000000,-0.443423,10.464939
1,128,0.000000,-1.288932,24.449465
2,128,0.000000,-1.256110,23.787891
3,128,0.000000,-1.277111,24.544260
4,128,0.000000,-1.295678,24.122825
5,128,0.000000,-1.295678,25.902174
6,128,0.000000,-1.376254,26.358208
7,128,0.000000,-1.333215,26.248073
8,128,0.000000,-1.334002,25.504955
9,128,0.000000,-1.318131,25.785283
10,128,0.000000,-1.345285,25.994786
1,129,0.000000,0.339818,10.224628
2,129,0.000000,0.311518,10.363089
3,129,0.000000,0.258639,10.817220
4,129,0.000000,0.273352,10.908731
5,129,0.000000,0.273352,10.524996
6,129,0.000000,0.335345,10.501869
7,129,0.000000,0.336361,10.189698
8,129,0.000000,0.336361,10.189698
9,129,0.000000,0.365099,9.960718
10,129,0.000000,0.354430,9.859485
1,130,0.000000,-0.669990,16.492083
2,130,0.000000,-0.671653,16.547790
3,130,0.000000,-0.671653,16.552165
4,130,0.000000,-0.676429,16.644681
5,130,0.000000,-0.629885,16.124560
6,130,0.000000,-0.627066,16.131861
7,130,0.000000,-0.660071,16.571597
8,130,0.000000,-0.672471,17.076478
9,130,0.000000,-0.672471,16.496701
10,130,0.000000,-0.674816,16.727395
1,131,0.000000,0.375207,-11.797334
2,131,0.000000,0.375207,-11.552775
3,131,0.000000,0.404667,-11.500226
4,131,0.000000,0.404667,-11.500226
5,131,0.000000,0.404667,-11.500226
6,131,0.000000,0.381015,-11.413554
7,131,0.000000,0.409232,-11.542169
8,131,0.000000,0.389274,-11.635187
9,131,0.000000,0.389274,-11.744959
10,131,0.000000,0.413716,-11.648534
1,132,0.000000,-0.501563,0.102663
2,132,0.000000,-0.537207,0.102663
3,132,0.000000,-0.523471,0.349621
4,132,0.000000,-0.523471,0.349621
5,132,0.000000,-0.543597,0.367609
6,132,0.000000,-0.502323,0.633825
7,132,0.000000,-0.449266,0.176119
8,132,0.000000,-0.491037,0.243801
9,132,0.000000,-0.491037,0.321619
10,132,0.000000,-0.491037,0.321619
1,133,0.000000,0.270836,-2.047452
2,133,0.000000,0.271008,-1.998625
3,133,0.000000,0.228991,-1.998625
4,133,0.000000,0.228251,-1.976946
5,133,0.000000,0.228251,-1.976946
6,133,0.000000,0.279255,-1.980064
7,133,0.000000,0.279255,-1.981028
8,133,0.000000,0.250966,-2.117602
9,133,0.000000,0.250966,-1.984004
10,133,0.000000,0.250966,-2.103339
1,134,0.000000,0.433318,1.953232
2,134,0.000000,0.433318,1.988813
3,134,0.000000,0.433318,1.543438
4,134,0.000000,0.406298,2.164284
5,134,0.000000,0.405862,2.127757
6,134,0.000000,0.413779,1.578023
7,134,0.000000,0.387225,1.753702
8,134,0.000000,0.364615,2.434435
9,134,0.000000,0.329490,2.571143
10,134,0.000000,0.329490,2.571143
1,135,0.000000,-0.799093,10.883945
2,135,0.000000,-0.801434,10.255816
3,135,0.000000,-0.787097,10.222067
4,135,0.000000,-0.762915,10.082160
5,135,0.000000,-0.774987,10.093159
6,135,0.000000,-0.793029,10.635546
7,135,0.000000,-0.786911,10.199218
8,135,0.000000,-0.786911,10.745066
9,135,0.000000,-0.786911,9.935518
10,135,0.000000,-0.786911,10.452991
1,136,0.000000,1.293090,-6.529299
2,136,0.000000,1.249424,-6.655023
3,136,0.000000,1.262918,-6.494927
4,136,0.000000,1.270249,-6.479242
5,136,0.000000,1.270249,-6.479242
6,136,0.000000,1.303119,-6.434968
7,136,0.000000,1.255160,-6.434968
8,136,0.000000,1.195759,-6.434968
9,136,0.000000,1.276501,-6.543439
10,136,0.000000,1.336874,-6.543439
1,137,0.000000,0.051338,2.870237
2,137,0.000000,0.012216,3.069540
3,137,0.000000,0.092900,2.548497
4,137,0.000000,0.036949,2.511384
5,137,0.000000,0.036949,2.700576
6,137,0.000000,0.059191,3.021634
7,137,0.000000,0.046243,2.716306
8,137,0.000000,0.072907,2.726254
9,137,0.000000,0.071162,2.785956
10,137,0.000000,0.071162,2.494430
1,138,0.000000,1.521179,-9.681578
2,138,0.000000,1.609946,-9.700043
3,138,0.000000,1.583191,-9.700043
4,138,0.000000,1.399132,-9.700043
5,138,0.000000,1.457177,-9.663260
6,138,0.000000,1.496935,-9.663260
7,138,0.000000,1.347905,-9.689111
8,138,0.000000,1.328456,-9.661677
9,138,0.000000,1.336080,-9.661677
10,138,0.000000,1.416838,-9.661677
1,139,0.000000,-0.325167,-14.162971
2,139,0.000000,-0.377515,-13.753096
3,139,0.000000,-0.370306,-13.885919
4,139,0.000000,-0.418705,-14.553163
5,139,0.000000,-0.427800,-14.423558
6,139,0.000000,-0.447405,-14.278060
7,139,0.000000,-0.381845,-14.117514
8,139,0.000000,-0.376705,-14.117514
9,139,0.000000,-0.427802,-14.117514
10,139,0.000000,-0.386396,-14.117514
1,140,0.000000,-0.746820,12.731566
2,140,0.000000,-0.765310,13.470999
3,140,0.000000,-0.764713,13.761917
4,140,0.000000,-0.751763,13.331228
5,140,0.000000,-0.760597,13.524239
6,140,0.000000,-0.748505,12.919420
7,140,0.000000,-0.762972,13.422404
8,140,0.000000,-0.707029,12.594192
9,140,0.000000,-0.749824,13.781081
10,140,0.000000,-0.720666,12.931442
1,141,0.000000,-0.322944,0.216088
2,141,0.000000,-0.322944,0.216088
3,141,0.000000,-0.322944,0.602482
4,141,0.000000,-0.289887,0.743374
5,141,0.000000,-0.311674,0.272139
6,141,0.000000,-0.311674,0.413234
7,141,0.000000,-0.301582,0.413234
8,141,0.000000,-0.345726,0.404973
9,141,0.000000,-0.312156,0.348261
10,141,0.000000,-0.301574,0.278023
1,142,0.000000,0.067245,-14.260886
2,142,0.000000,0.067245,-14.260886
3,142,0.000000,0.067245,-14.648842
4,142,0.000000,0.089270,-14.565603
5,142,0.000000,0.134136,-14.526366
6,142,0.000000,0.134136,-14.309372
7,142,0.000000,0.135204,-14.309372
8,142,0.000000,0.129321,-14.327985
9,142,0.000000,0.129321,-14.327985
10,142,0.000000,0.129321,-14.268399
1,143,0.000000,0.221471,2.003155
2,143,0.000000,0.184693,2.397636
3,143,0.000000,0.136767,2.366085
4,143,0.000000,0.139149,2.466385
5,143,0.000000,0.190725,2.259941
6,143,0.000000,0.152008,2.199701
7,143,0.000000,0.152008,2.590565
8,143,0.000000,0.143471,2.418243
9,143,0.000000,0.143471,2.844898
10,143,0.000000,0.130649,2.315733
1,144,0.000000,-0.402127,-4.394154
2,144,0.000000,-0.450674,-4.324685
3,144,0.000000,-0.405296,-4.105947
4,144,0.000000,-0.364901,-3.817011
5,144,0.000000,-0.401869,-4.269677
6,144,0.000000,-0.397241,-4.484390
7,144,0.000000,-0.419524,-4.223269
8,144,0.000000,-0.419524,-4.424533
9,144,0.000000,-0.339627,-4.047300
10,144,0.000000,-0.374618,-4.062222
1,145,0.000000,1.083998,0.822252
2,145,0.000000,1.025281,0.832449
3,145,0.000000,1.043352,-1.062468
4,145,0.000000,0.966530,0.441250
5,145,0.000000,0.912287,1.269882
6,145,0.000000,0.914676,1.771072
7,145,0.000000,0.723960,2.011348
8,145,0.000000,0.750542,2.671558
9,145,0.000000,0.060528,9.741096
10,145,0.000000,0.027882,9.220214
1,146,0.000000,0.117368,-4.912981
2,146,0.000000,0.191548,-5.175050
3,146,0.000000,0.162717,-5.211443
4,146,0.000000,0.107851,-5.211443
5,146,0.000000,0.143615,-5.279733
6,146,0.000000,0.143615,-5.162343
7,146,0.000000,0.146774,-5.327191
8,146,0.000000,0.111014,-5.233677
9,146,0.000000,0.130611,-5.175894
10,146,0.000000,0.149464,-5.202443
1,147,0.000000,0.473795,-15.757822
2,147,0.000000,0.563330,-15.757822
3,147,0.000000,0.539543,-15.711075
4,147,0.000000,0.522226,-15.882823
5,147,0.000000,0.528121,-15.656340
6,147,0.000000,0.528284,-15.656340
7,147,0.000000,0.528284,-15.656340
8,147,0.000000,0.565196,-15.656340
9,147,0.000000,0.503851,-15.697725
10,147,0.000000,0.498367,-15.697725
1,148,0.000000,-0.066665,-2.936745
2,148,0.000000,-0.048007,-3.115419
3,148,0.000000,-0.111910,-3.044066
4,148,0.000000,-0.116004,-3.455099
5,148,0.000000,-0.134874,-3.209102
6,148,0.000000,-0.092682,-3.209102
7,148,0.000000,-0.092682,-3.213200
8,148,0.000000,-0.073355,-3.213200
9,148,0.000000,-0.099967,-3.213200
10,148,0.000000,-0.096427,-3.107595
1,149,0.000000,0.063569,0.256781
2,149,0.000000,0.063569,0.256781
3,149,0.000000,0.063569,0.256781
4,149,0.000000,0.074551,0.256781
5,149,0.000000,0.042934,0.256781
6,149,0.000000,0.049508,0.336986
7,149,0.000000,0.049508,0.336986
8,149,0.000000,0.060339,0.271902
9,149,0.000000,0.066099,0.342325
10,149,0.000000,0.071671,0.172538
1,150,0.000000,0.027239,0.550722
2,150,0.000000,0.027239,0.488653
3,150,0.000000,0.027239,0.488653
4,150,0.000000,0.014662,0.629220
5,150,0.000000,0.008047,0.629220
6,150,0.000000,0.005000,0.656344
7,150,0.000000,0.005000,0.656344
8,150,0.000000,0.005000,0.630643
9,150,0.000000,0.007028,0.799331
10,150,0.000000,-0.013519,0.686718
1,151,0.000000,-0.999602,18.891525
2,151,0.000000,-1.018607,19.769901
3,151,0.000000,-1.018607,19.477964
4,151,0.000000,-1.040470,19.512653
5,151,0.000000,-1.017377,19.581554
6,151,0.000000,-1.005792,18.946993
7,151,0.000000,-1.023133,19.363893
8,151,0.000000,-1.020558,19.581714
9,151,0.000000,-1.005699,19.498543
10,151,0.000000,-1.005699,18.639808
1,152,0.000000,-0.318823,0.598099
2,152,0.000000,-0.319472,0.601910
3,152,0.000000,-0.326227,0.653735
4,152,0.000000,-0.326227,0.668012
5,152,0.000000,-0.326227,0.305741
6,152,0.000000,-0.285201,0.290053
7,152,0.000000,-0.286046,0.290053
8,152,0.000000,-0.302565,0.290053
9,152,0.000000,-0.282518,0.582922
10,152,0.000000,-0.286919,0.582922
1,153,0.000000,0.027872,2.952354
2,153,0.000000,0.024027,2.933779
3,153,0.000000,0.046152,3.021860
4,153,0.000000,0.049456,2.892642
5,153,0.000000,0.040859,2.892642
6,153,0.000000,0.040859,3.022531
7,153,0.000000,0.006352,3.022531
8,153,0.000000,0.006352,3.022531
9,153,0.000000,-0.003185,3.022531
10,153,0.000000,0.013958,3.018072
1,154,0.000000,0.852165,6.524014
2,154,0.000000,0.890980,6.311997
3,154,0.000000,0.880521,6.060809
4,154,0.000000,0.909539,6.166631
5,154,0.000000,0.867440,5.721730
6,154,0.000000,0.953698,5.438173
7,154,0.000000,0.948263,5.438173
8,154,0.000000,0.886482,5.797827
9,154,0.000000,0.924354,5.835749
10,154,0.000000,0.910634,5.674117
1,155,0.000000,-0.561660,6.482211
2,155,0.000000,-0.568695,6.483607
3,155,0.000000,-0.554096,6.660301
4,155,0.000000,-0.569732,6.660301
5,155,0.000000,-0.543458,6.134574
6,155,0.000000,-0.498297,6.199077
7,155,0.000000,-0.525611,6.242258
8,155,0.000000,-0.579012,6.949467
9,155,0.000000,-0.575994,6.569078
10,155,0.000000,-0.569682,6.643557
1,156,0.000000,0.068940,11.452822
2,156,0.000000,0.032959,11.607892
3,156,0.000000,0.032959,11.741655
4,156,0.000000,-0.001632,11.741655
5,156,0.000000,0.050115,11.488609
6,156,0.000000,0.050115,11.455218
7,156,0.000000,0.050115,11.492399
8,156,0.000000,0.046621,11.492399
9,156,0.000000,0.043019,11.679201
10,156,0.000000,0.016793,11.701380
1,157,0.000000,0.621843,-9.259950
2,157,0.000000,0.621843,-9.155711
3,157,0.000000,0.621843,-9.155711
4,157,0.000000,0.574068,-9.312725
5,157,0.000000,0.574068,-9.312725
6,157,0.000000,0.590590,-9.253939
7,157,0.000000,0.625275,-9.253939
8,157,0.000000,0.625275,-9.253939
9,157,0.000000,0.625275,-9.253939
10,157,0.000000,0.625275,-9.253939
1,158,0.000000,-0.104303,-10.493760
2,158,0.000000,-0.104303,-10.524328
3,158,0.000000,-0.104303,-10.524328
4,158,0.000000,-0.113916,-10.284760
5,158,0.000000,-0.143511,-10.502703
6,158,0.000000,-0.143511,-10.502703
7,158,0.000000,-0.143511,-10.502703
8,158,0.000000,-0.148197,-10.812509
9,158,0.000000,-0.130250,-10.489511
10,158,0.000000,-0.116697,-10.489511
1,159,0.000000,-0.104690,6.742672
2,159,0.000000,-0.097931,6.742672
3,159,0.000000,-0.097931,6.977147
4,159,0.000000,-0.096463,6.924401
5,159,0.000000,-0.110263,6.834500
6,159,0.000000,-0.119448,6.978493
7,159,0.000000,-0.119448,6.978493
8,159,0.000000,-0.136782,6.837370
9,159,0.000000,-0.136782,6.837370
10,159,0.000000,-0.163180,7.016195
1,160,0.000000,-0.202478,2.609173
2,160,0.000000,-0.247721,2.851700
3,160,0.000000,-0.166816,2.921293
4,160,0.000000,-0.195641,2.844487
5,160,0.000000,-0.202350,3.155876
6,160,0.000000,-0.202350,2.892778
7,160,0.000000,-0.235016,3.146495
8,160,0.000000,-0.235016,3.146495
9,160,0.000000,-0.196987,3.146495
10,160,0.000000,-0.155014,3.042510
1,161,0.000000,0.447557,1.252233
2,161,0.000000,0.523333,1.490350
3,161,0.000000,0.480656,1.230772
4,161,0.000000,0.433835,1.588641
5,161,0.000000,0.433835,1.721312
6,161,0.000000,0.433835,1.721312
7,161,0.000000,0.435991,1.702178
8,161,0.000000,0.365216,1.882039
9,161,0.000000,0.354315,2.262202
10,161,0.000000,0.362512,2.262202
1,162,0.000000,-0.094031,15.866808
2,162,0.000000,-0.127986,16.497753
3,162,0.000000,-0.102822,15.802732
4,162,0.000000,-0.099323,15.802732
5,162,0.000000,-0.089373,15.736629
6,162,0.000000,-0.089373,16.122923
7,162,0.000000,-0.060770,15.914314
8,162,0.000000,-0.101583,16.223157
9,162,0.000000,-0.115833,16.223157
10,162,0.000000,-0.184630,16.623137
1,163,0.000000,-0.548095,9.564026
2,163,0.000000,-0.534723,9.091421
3,163,0.000000,-0.522675,9.282351
4,163,0.000000,-0.522675,9.365339
5,163,0.000000,-0.520474,9.175558
6,163,0.000000,-0.530427,9.080207
7,163,0.000000,-0.514927,9.619260
8,163,0.000000,-0.508619,9.165591
9,163,0.000000,-0.536241,8.885063
10,163,0.000000,-0.536241,8.885063
1,164,0.000000,-1.006750,15.735425
2,164,0.000000,-1.030748,16.253354
3,164,0.000000,-1.035911,16.542421
4,164,0.000000,-1.050014,16.216829
5,164,0.000000,-1.050014,16.216829
6,164,0.000000,-1.041386,16.401615
7,164,0.000000,-1.070822,17.180675
8,164,0.000000,-1.050178,17.174837
9,164,0.000000,-1.025128,16.540856
10,164,0.000000,-1.006591,15.677330
1,165,0.000000,0.323784,-5.342592
2,165,0.000000,0.311349,-5.171209
3,165,0.000000,0.374668,-5.027060
4,165,0.000000,0.335936,-5.027060
5,165,0.000000,0.321177,-4.938606
6,165,0.000000,0.351025,-5.239522
7,165,0.000000,0.333299,-5.014186
8,165,0.000000,0.333299,-5.014186
9,165,0.000000,0.362577,-5.276594
10,165,0.000000,0.362577,-5.276594
1,166,0.000000,-0.311268,5.446414
2,166,0.000000,-0.351512,5.444937
3,166,0.000000,-0.341070,5.841522
4,166,0.000000,-0.386074,5.905400
5,166,0.000000,-0.392943,5.905400
6,166,0.000000,-0.347314,5.760850
7,166,0.000000,-0.398344,5.931654
8,166,0.000000,-0.348472,5.616480
9,166,0.000000,-0.349420,5.612601
10,166,0.000000,-0.319815,5.329020
1,167,0.000000,-1.324404,23.228566
2,167,0.000000,-1.308923,23.226736
3,167,0.000000,-1.307294,23.320160
4,167,0.000000,-1.289681,23.017479
5,167,0.000000,-1.294250,22.857201
6,167,0.000000,-1.305342,23.904719
7,167,0.000000,-1.338749,24.540088
8,167,0.000000,-1.366465,24.906830
9,167,0.000000,-1.376432,24.733760
10,167,0.000000,-1.366744,25.194334
1,168,0.000000,0.428492,19.768990
2,168,0.000000,0.411441,20.400189
3,168,0.000000,0.428309,19.890719
4,168,0.000000,0.392643,20.750530
5,168,0.000000,0.308852,17.599480
6,168,0.000000,0.183371,17.599480
7,168,0.000000,0.420009,16.367262
8,168,0.000000,0.400272,15.853596
9,168,0.000000,0.564072,15.417609
10,168,0.000000,0.765802,16.043353
1,169,0.000000,0.692324,-10.075629
2,169,0.000000,0.696753,-10.152543
3,169,0.000000,0.638058,-10.253513
4,169,0.000000,0.680619,-10.271022
5,169,0.000000,0.680619,-10.271022
6,169,0.000000,0.680619,-10.271022
7,169,0.000000,0.672209,-9.955736
8,169,0.000000,0.726246,-10.156889
9,169,0.000000,0.726246,-10.156889
10,169,0.000000,0.648602,-10.156889
1,170,0.000000,0.054829,-0.879405
2,170,0.000000,0.054829,-0.922787
3,170,0.000000,0.092810,-0.787568
4,170,0.000000,0.094902,-0.787568
5,170,0.000000,0.092355,-0.884629
6,170,0.000000,0.092355,-0.884629
7,170,0.000000,0.092186,-0.884629
8,170,0.000000,0.092186,-0.884629
9,170,0.000000,0.092186,-0.884629
10,170,0.000000,0.138961,-0.884629
1,171,0.000000,-0.989524,7.726898
2,171,0.000000,-0.951933,7.172175
3,171,0.000000,-0.949244,7.339817
4,171,0.000000,-1.016211,8.248922
5,171,0.000000,-1.016211,8.334383
6,171,0.000000,-1.034119,8.334383
7,171,0.000000,-1.008888,7.642129
8,171,0.000000,-1.018536,7.996303
9,171,0.000000,-1.006227,7.755337
10,171,0.000000,-1.014885,7.943184
1,172,0.000000,-0.212217,-0.460128
2,172,0.000000,-0.182437,-0.502728
3,172,0.000000,-0.200337,-0.292554
4,172,0.000000,-0.191437,-0.543381
5,172,0.000000,-0.175003,-0.234881
6,172,0.000000,-0.175003,-0.494585
7,172,0.000000,-0.175003,-0.494585
8,172,0.000000,-0.172453,-0.530740
9,172,0.000000,-0.134819,-0.866564
10,172,0.000000,-0.169740,-0.925836
1,173,0.000000,0.578558,-8.295917
2,173,0.000000,0.578558,-8.295917
3,173,0.000000,0.578558,-8.295917
4,173,0.000000,0.578558,-8.295917
5,173,0.000000,0.578558,-8.320553
6,173,0.000000,0.553331,-8.249629
7,173,0.000000,0.595545,-8.249629
8,173,0.000000,0.595545,-8.249629
9,173,0.000000,0.595545,-8.395641
10,173,0.000000,0.568022,-8.395641
1,174,0.000000,-0.919707,6.913175
2,174,0.000000,-0.936662,7.906992
3,174,0.000000,-0.946595,7.493645
4,174,0.000000,-0.946595,7.493645
5,174,0.000000,-0.974496,8.243767
6,174,0.000000,-0.982153,7.994001
7,174,0.000000,-0.982153,8.622638
8,174,0.000000,-1.021426,8.622638
9,174,0.000000,-1.014350,8.917696
10,174,0.000000,-1.014350,9.093246
1,175,0.000000,-0.497857,0.519641
2,175,0.000000,-0.497857,0.519641
3,175,0.000000,-0.497857,0.300557
4,175,0.000000,-0.497857,0.300557
5,175,0.000000,-0.497857,0.759563
6,175,0.000000,-0.497857,1.024036
7,175,0.000000,-0.497857,0.839826
8,175,0.000000,-0.495210,0.839826
9,175,0.000000,-0.501715,0.594200
10,175,0.000000,-0.524130,0.738239
1,176,0.000000,0.027844,-7.174035
2,176,0.000000,-0.001390,-7.174035
3,176,0.000000,-0.001390,-7.174035
4,176,0.000000,0.048287,-7.403886
5,176,0.000000,0.048287,-7.403886
6,176,0.000000,0.079193,-7.406082
7,176,0.000000,0.035648,-7.406082
8,176,0.000000,0.040038,-7.299999
9,176,0.000000,0.065489,-7.299999
10,176,0.000000,0.073216,-7.415720
1,177,0.000000,0.564085,4.326904
2,177,0.000000,0.619645,3.164438
3,177,0.000000,0.611578,4.049544
4,177,0.000000,0.784705,3.423146
5,177,0.000000,0.655347,2.848732
6,177,0.000000,1.515125,-3.804928
7,177,0.000000,0.821983,2.096259
8,177,0.000000,0.684602,2.032537
9,177,0.000000,0.718613,1.169742
10,177,0.000000,0.374526,13.841380
1,178,0.000000,0.034247,8.851363
2,178,0.000000,0.037693,8.827792
3,178,0.000000,0.124804,8.846721
4,178,0.000000,0.161574,8.936714
5,178,0.000000,0.123481,8.936714
6,178,0.000000,0.075248,8.936714
7,178,0.000000,0.243504,8.752579
8,178,0.000000,0.115692,8.819246
9,178,0.000000,0.050178,8.793898
10,178,0.000000,0.059197,8.858428
1,179,0.000000,0.270206,-6.358600
2,179,0.000000,0.250244,-6.358600
3,179,0.000000,0.260174,-5.886880
4,179,0.000000,0.226378,-6.267458
5,179,0.000000,0.228219,-6.267458
6,179,0.000000,0.232597,-6.266968
7,179,0.000000,0.247716,-6.285847
8,179,0.000000,0.247716,-6.183844
9,179,0.000000,0.247879,-6.183844
10,179,0.000000,0.261767,-6.183844
1,180,0.000000,-0.139605,-9.169594
2,180,0.000000,-0.097155,-9.438567
3,180,0.000000,-0.061758,-9.438567
4,180,0.000000,-0.105107,-9.319812
5,180,0.000000,-0.105107,-9.319812
6,180,0.000000,-0.076378,-9.319812
7,180,0.000000,-0.034172,-9.555556
8,180,0.000000,-0.013280,-9.731324
9,180,0.000000,-0.036604,-9.731324
10,180,0.000000,-0.036604,-9.699382
1,181,0.000000,0.757004,-2.898200
2,181,0.000000,0.757004,-2.898200
3,181,0.000000,0.782257,-3.034185
4,181,0.000000,0.782257,-3.034185
5,181,0.000000,0.782257,-3.112626
6,181,0.000000,0.797522,-3.011297
7,181,0.000000,0.797522,-3.011297
8,181,0.000000,0.774041,-3.011297
9,181,0.000000,0.774041,-2.907019
10,181,0.000000,0.786767,-2.934298
1,182,0.000000,-0.983104,2.935793
2,182,0.000000,-0.981647,2.911726
3,182,0.000000,-0.988917,2.756341
4,182,0.000000,-0.955916,2.809437
5,182,0.000000,-0.927888,2.256036
6,182,0.000000,-0.936216,1.865909
7,182,0.000000,-0.967814,2.213228
8,182,0.000000,-0.865667,1.671968
9,182,0.000000,-0.840592,1.114855
10,182,0.000000,-0.794712,0.500487
1,183,0.000000,-0.439811,1.992345
2,183,0.000000,-0.454848,2.045838
3,183,0.000000,-0.395108,2.045838
4,183,0.000000,-0.426150,2.360062
5,183,0.000000,-0.531059,2.470787
6,183,0.000000,-0.553795,2.946195
7,183,0.000000,-0.548680,2.523385
8,183,0.000000,-0.421085,2.154671
9,183,0.000000,-0.284086,0.752462
10,183,0.000000,-0.337322,1.364384
1,184,0.000000,0.031034,-2.374839
2,184,0.000000,0.044291,-2.451094
3,184,0.000000,0.021687,-2.303710
4,184,0.000000,-0.001338,-2.517721
5,184,0.000000,-0.001338,-2.517721
6,184,0.000000,-0.009535,-2.517721
7,184,0.000000,-0.023221,-2.373780
8,184,0.000000,-0.007175,-2.189976
9,184,0.000000,-0.007175,-2.189976
10,184,0.000000,-0.003037,-2.169230
1,185,0.000000,0.592096,-0.345933
2,185,0.000000,0.594289,-0.389693
3,185,0.000000,0.594289,-0.389693
4,185,0.000000,0.594289,-0.389693
5,185,0.000000,0.594289,-0.338639
6,185,0.000000,0.594289,-0.338639
7,185,0.000000,0.560995,-0.338639
8,185,0.000000,0.560995,-0.336925
9,185,0.000000,0.605902,-0.336925
10,185,0.000000,0.605902,-0.336925
1,186,0.000000,0.078277,-2.293040
2,186,0.000000,0.113581,-2.535838
3,186,0.000000,0.093531,-2.535838
4,186,0.000000,0.179333,-2.535838
5,186,0.000000,0.068721,-2.366760
6,186,0.000000,0.097755,-2.406178
7,186,0.000000,0.097755,-2.406178
8,186,0.000000,0.097755,-2.406178
9,186,0.000000,0.097755,-2.481842
10,186,0.000000,0.123158,-2.337270
1,187,0.000000,1.028617,-12.782189
2,187,0.000000,1.108918,-12.782189
3,187,0.000000,1.162551,-12.782189
4,187,0.000000,1.162551,-12.782189
5,187,0.000000,1.151627,-12.647366
6,187,0.000000,1.200536,-12.647366
7,187,0.000000,1.186895,-12.647366
8,187,0.000000,1.180682,-12.647366
9,187,0.000000,1.180682,-12.613080
10,187,0.000000,1.180682,-12.613080
1,188,0.000000,0.119730,2.950767
2,188,0.000000,0.097986,2.950767
3,188,0.000000,0.146065,2.498556
4,188,0.000000,0.157868,2.498556
5,188,0.000000,0.145917,2.744635
6,188,0.000000,0.200841,2.694217
7,188,0.000000,0.119389,2.694217
8,188,0.000000,0.119389,2.865087
9,188,0.000000,0.144609,2.419416
10,188,0.000000,0.121013,2.782981
1,189,0.000000,-0.721251,4.609917
2,189,0.000000,-0.674743,4.043269
3,189,0.000000,-0.681155,4.248657
4,189,0.000000,-0.676841,4.292485
5,189,0.000000,-0.676841,4.310155
6,189,0.000000,-0.679934,4.584252
7,189,0.000000,-0.725205,5.012747
8,189,0.000000,-0.736272,5.459971
9,189,0.000000,-0.798129,5.477664
10,189,0.000000,-0.790671,5.697876
1,190,0.000000,0.899495,-3.344809
2,190,0.000000,0.848050,-3.344809
3,190,0.000000,0.864555,-3.344809
4,190,0.000000,0.864555,-3.344809
5,190,0.000000,0.880586,-3.344809
6,190,0.000000,0.883164,-3.243787
7,190,0.000000,0.883164,-3.243787
8,190,0.000000,0.883164,-3.243787
9,190,0.000000,0.883164,-3.243787
10,190,0.000000,0.876112,-3.254380
1,191,0.000000,-0.158630,-0.076528
2,191,0.000000,-0.114642,-0.134837
3,191,0.000000,-0.114642,-0.056359
4,191,0.000000,-0.124120,0.011172
5,191,0.000000,-0.248797,0.103514
6,191,0.000000,-0.261252,0.251979
7,191,0.000000,-0.195245,0.207846
8,191,0.000000,-0.197206,-0.003729
9,191,0.000000,-0.170394,0.223836
10,191,0.000000,-0.171620,0.223836
1,192,0.000000,0.333199,-14.390529
2,192,0.000000,0.333199,-14.390529
3,192,0.000000,0.396004,-14.521297
4,192,0.000000,0.393834,-14.523780
5,192,0.000000,0.410360,-14.523780
6,192,0.000000,0.410360,-14.523780
7,192,0.000000,0.367768,-14.460327
8,192,0.000000,0.280795,-14.460327
9,192,0.000000,0.343708,-14.581348
10,192,0.000000,0.358357,-14.524833
1,193,0.000000,-0.636806,19.124864
2,193,0.000000,-0.654330,19.305627
3,193,0.000000,-0.634628,19.189091
4,193,0.000000,-0.638583,19.199954
5,193,0.000000,-0.600854,18.757159
6,193,0.000000,-0.600854,18.643604
7,193,0.000000,-0.607932,18.434911
8,193,0.000000,-0.611912,18.531178
9,193,0.000000,-0.593116,18.887864
10,193,0.000000,-0.682514,19.949072
1,194,0.000000,0.246316,-5.314943
2,194,0.000000,0.252874,-5.314943
3,194,0.000000,0.298677,-5.314943
4,194,0.000000,0.222163,-5.309493
5,194,0.000000,0.230113,-5.327796
6,194,0.000000,0.230113,-5.327796
7,194,0.000000,0.257725,-5.422027
8,194,0.000000,0.257725,-5.422027
9,194,0.000000,0.257725,-5.413674
10,194,0.000000,0.257725,-5.345843
1,195,0.000000,-0.004976,-5.089590
2,195,0.000000,-0.033416,-5.089590
3,195,0.000000,-0.033416,-5.061725
4,195,0.000000,-0.045767,-5.199512
5,195,0.000000,-0.025310,-5.199512
6,195,0.000000,-0.025310,-5.199512
7,195,0.000000,-0.025310,-4.962015
8,195,0.000000,0.009391,-4.962015
9,195,0.000000,-0.012837,-4.829353
10,195,0.000000,-0.001181,-4.829353
1,196,0.000000,0.246378,-8.116126
2,196,0.000000,0.258416,-7.982663
3,196,0.000000,0.215514,-8.023884
4,196,0.000000,0.290068,-7.907745
5,196,0.000000,0.268406,-7.965684
6,196,0.000000,0.262118,-7.965684
7,196,0.000000,0.262118,-7.965684
8,196,0.000000,0.240048,-8.081715
9,196,0.000000,0.240048,-7.943836
10,196,0.000000,0.214522,-7.940321
1,197,0.000000,0.450429,-1.654248
2,197,0.000000,0.379967,-1.565491
3,197,0.000000,0.357687,-1.329504
4,197,0.000000,0.328819,-1.329504
5,197,0.000000,0.381887,-1.565316
6,197,0.000000,0.400345,-1.664242
7,197,0.000000,0.433586,-1.755758
8,197,0.000000,0.421078,-1.755758
9,197,0.000000,0.436263,-1.755758
10,197,0.000000,0.436263,-1.696893
1,198,0.000000,1.229182,-2.855367
2,198,0.000000,1.223386,-2.723432
3,198,0.000000,1.288961,-3.266521
4,198,0.000000,1.251173,-3.353501
5,198,0.000000,1.334517,-3.353501
6,198,0.000000,1.375298,-3.649861
7,198,0.000000,1.287386,-2.696022
8,198,0.000000,1.285795,-3.040403
9,198,0.000000,1.223668,-3.210919
10,198,0.000000,1.285267,-2.777759
1,199,0.000000,0.312661,-8.242066
2,199,0.000000,0.276924,-8.534765
3,199,0.000000,0.267804,-8.460246
4,199,0.000000,0.300680,-8.460246
5,199,0.000000,0.300680,-8.460246
6,199,0.000000,0.300680,-8.276135
7,199,0.000000,0.300680,-8.447457
8,199,0.000000,0.323723,-8.290354
9,199,0.000000,0.292028,-8.469715
10,199,0.000000,0.292028,-8.469715
1,200,0.000000,-0.461983,-2.502860
2,200,0.000000,-0.461983,-2.502860
3,200,0.000000,-0.473137,-2.739099
4,200,0.000000,-0.427683,-2.739099
5,200,0.000000,-0.427683,-2.786645
6,200,0.000000,-0.433528,-2.862137
7,200,0.000000,-0.446997,-2.718612
8,200,0.000000,-0.439765,-2.590573
9,200,0.000000,-0.456577,-2.590573
10,200,0.000000,-0.456577,-2.732902
1,201,0.000000,-0.612266,13.333491
2,201,0.000000,-0.580157,12.806341
3,201,0.000000,-0.611314,13.734932
4,201,0.000000,-0.611314,13.734932
5,201,0.000000,-0.611314,13.529410
6,201,0.000000,-0.605476,13.546104
7,201,0.000000,-0.627150,13.867381
8,201,0.000000,-0.643809,13.867381
9,201,0.000000,-0.643809,13.598586
10,201,0.000000,-0.674427,13.775940
1,202,0.000000,-0.986044,8.357060
2,202,0.000000,-0.991592,8.901778
3,202,0.000000,-0.991191,8.345586
4,202,0.000000,-0.979532,7.894117
5,202,0.000000,-0.965902,7.894117
6,202,0.000000,-0.945393,8.291334
7,202,0.000000,-0.970249,8.033349
8,202,0.000000,-0.970249,7.822752
9,202,0.000000,-0.981616,7.585240
10,202,0.000000,-0.951589,7.009544
1,203,0.000000,-0.438095,-3.597197
2,203,0.000000,-0.452785,-3.592544
3,203,0.000000,-0.452785,-3.592544
4,203,0.000000,-0.444770,-3.401414
5,203,0.000000,-0.450545,-3.361887
6,203,0.000000,-0.450545,-3.361887
7,203,0.000000,-0.450545,-3.361887
8,203,0.000000,-0.483344,-3.598068
9,203,0.000000,-0.457123,-3.598068
10,203,0.000000,-0.452685,-3.362619
1,204,0.000000,-0.423228,-4.214599
2,204,0.000000,-0.433464,-4.214599
3,204,0.000000,-0.425750,-4.201466
4,204,0.000000,-0.425750,-4.201466
5,204,0.000000,-0.469466,-4.196138
6,204,0.000000,-0.417493,-4.561975
7,204,0.000000,-0.417493,-4.561975
8,204,0.000000,-0.414754,-4.739024
9,204,0.000000,-0.333441,-4.739024
10,204,0.000000,-0.323834,-4.739407
1,205,0.000000,1.058451,-4.931497
2,205,0.000000,1.058451,-4.791020
3,205,0.000000,1.021415,-4.791020
4,205,0.000000,1.021415,-4.791020
5,205,0.000000,1.021415,-4.791020
6,205,0.000000,1.021415,-4.810953
7,205,0.000000,0.939276,-4.810953
8,205,0.000000,0.939276,-4.810953
9,205,0.000000,1.009755,-4.810953
10,205,0.000000,1.009755,-4.810953
1,206,0.000000,0.307327,4.927116
2,206,0.000000,0.307327,4.927116
3,206,0.000000,0.307327,4.939745
4,206,0.000000,0.333001,4.939745
5,206,0.000000,0.320428,4.939745
6,206,0.000000,0.320765,5.062360
7,206,0.000000,0.332925,4.858346
8,206,0.000000,0.332925,4.881461
9,206,0.000000,0.334041,4.881841
10,206,0.000000,0.416216,5.104072
1,207,0.000000,-0.214613,5.167889
2,207,0.000000,-0.231341,5.248950
3,207,0.000000,-0.306993,5.304186
4,207,0.000000,-0.308271,5.401489
5,207,0.000000,-0.331250,5.155615
6,207,0.000000,-0.249363,5.226751
7,207,0.000000,-0.288917,5.197509
8,207,0.000000,-0.271229,4.978363
9,207,0.000000,-0.223149,4.978363
10,207,0.000000,-0.243266,5.191194
1,208,0.000000,0.176986,7.305097
2,208,0.000000,0.183436,7.175486
3,208,0.000000,0.293161,5.590077
4,208,0.000000,0.293161,5.675007
5,208,0.000000,0.212857,6.800938
6,208,0.000000,0.188652,7.091520
7,208,0.000000,0.147711,7.317002
8,208,0.000000,0.147711,7.317002
9,208,0.000000,0.153160,6.807775
10,208,0.000000,0.180807,6.807775
1,209,0.000000,0.305520,2.226710
2,209,0.000000,0.228131,1.620684
3,209,0.000000,0.256504,1.571098
4,209,0.000000,0.252629,1.783852
5,209,0.000000,0.252629,1.783852
6,209,0.000000,0.338560,2.163506
7,209,0.000000,0.349374,2.391666
8,209,0.000000,0.354155,1.970355
9,209,0.000000,0.364128,2.515890
10,209,0.000000,0.341667,2.172917
1,210,0.000000,-0.694676,-1.390214
2,210,0.000000,-0.772519,-1.572479
3,210,0.000000,-0.772519,-1.572479
4,210,0.000000,-0.722579,-1.344382
5,210,0.000000,-0.745889,-1.039973
6,210,0.000000,-0.730293,-1.636780
7,210,0.000000,-0.740059,-1.569838
8,210,0.000000,-0.734044,-1.502139
9,210,0.000000,-0.673896,-1.649047
10,210,0.000000,-0.729742,-1.274387
1,211,0.000000,-0.579829,3.191998
2,211,0.000000,-0.589434,3.183046
3,211,0.000000,-0.566897,2.829679
4,211,0.000000,-0.566897,2.932449
5,211,0.000000,-0.545453,2.838937
6,211,0.000000,-0.541830,3.062062
7,211,0.000000,-0.592623,3.014833
8,211,0.000000,-0.582410,2.847416
9,211,0.000000,-0.595146,2.845212
10,211,0.000000,-0.595146,2.845212
1,212,0.000000,0.428103,-10.591000
2,212,0.000000,0.428103,-10.591000
3,212,0.000000,0.408373,-10.831814
4,212,0.000000,0.454094,-10.480626
5,212,0.000000,0.399124,-10.708775
6,212,0.000000,0.421050,-10.483741
7,212,0.000000,0.388237,-10.895965
8,212,0.000000,0.422992,-10.895965
9,212,0.000000,0.400751,-10.736655
10,212,0.000000,0.400751,-10.736655
1,213,0.000000,-0.113855,6.549626
2,213,0.000000,-0.110678,6.798759
3,213,0.000000,-0.110678,6.798759
4,213,0.000000,-0.111200,6.751959
5,213,0.000000,-0.098673,6.470242
6,213,0.000000,-0.108217,6.574513
7,213,0.000000,-0.132107,6.468817
8,213,0.000000,-0.039721,6.424589
9,213,0.000000,-0.039721,6.637502
10,213,0.000000,-0.137445,6.866281
1,214,0.000000,0.669443,4.470318
2,214,0.000000,0.673040,4.470318
3,214,0.000000,0.632494,4.275819
4,214,0.000000,0.599808,4.275819
5,214,0.000000,0.629593,4.369402
6,214,0.000000,0.616229,4.264726
7,214,0.000000,0.574959,4.264726
8,214,0.000000,0.586192,4.264726
9,214,0.000000,0.648974,4.264726
10,214,0.000000,0.621626,4.264726
1,215,0.000000,0.671344,-11.951325
2,215,0.000000,0.671344,-11.951325
3,215,0.000000,0.694581,-11.951325
4,215,0.000000,0.694581,-11.951325
5,215,0.000000,0.738697,-11.951325
6,215,0.000000,0.694887,-11.951325
7,215,0.000000,0.691422,-11.901319
8,215,0.000000,0.691422,-11.916126
9,215,0.000000,0.691422,-11.862438
10,215,0.000000,0.678742,-11.964071
1,216,0.000000,0.208372,-0.378175
2,216,0.000000,0.223429,-0.378175
3,216,0.000000,0.166042,-0.210715
4,216,0.000000,0.185275,-0.305396
5,216,0.000000,0.173071,-0.156665
6,216,0.000000,0.214069,-0.272728
7,216,0.000000,0.214069,-0.272728
8,216,0.000000,0.175251,-0.263005
9,216,0.000000,0.212358,-0.290444
10,216,0.000000,0.216518,-0.290444
1,217,0.000000,0.729642,-6.627491
2,217,0.000000,0.727584,-6.925824
3,217,0.000000,0.710796,-7.186487
4,217,0.000000,0.716560,-6.772171
5,217,0.000000,0.724534,-7.127474
6,217,0.000000,0.772386,-6.527719
7,217,0.000000,0.801489,-6.560190
8,217,0.000000,0.828282,-6.115223
9,217,0.000000,0.881463,-6.107075
10,217,0.000000,0.855214,-5.870859
1,218,0.000000,0.046598,-0.057251
2,218,0.000000,0.067458,-0.138936
3,218,0.000000,0.067458,-0.138936
4,218,0.000000,0.067458,-0.138936
5,218,0.000000,-0.002634,-0.138936
6,218,0.000000,0.088771,-0.307467
7,218,0.000000,0.088771,-0.307467
8,218,0.000000,0.027033,-0.307467
9,218,0.000000,0.027033,-0.307467
10,218,0.000000,0.031537,-0.123788
1,219,0.000000,-0.352154,8.058216
2,219,0.000000,-0.352154,7.888259
3,219,0.000000,-0.262395,7.010305
4,219,0.000000,-0.256362,6.636259
5,219,0.000000,-0.324373,7.892420
6,219,0.000000,-0.316193,7.416537
7,219,0.000000,-0.316193,7.626334
8,219,0.000000,-0.321397,7.302148
9,219,0.000000,-0.320491,8.148101
10,219,0.000000,-0.320491,8.148101
1,220,0.000000,0.258659,0.870037
2,220,0.000000,0.276356,0.823363
3,220,0.000000,0.279011,0.823363
4,220,0.000000,0.265645,0.888530
5,220,0.000000,0.248452,0.949899
6,220,0.000000,0.248452,0.949899
7,220,0.000000,0.248452,0.949899
8,220,0.000000,0.265289,0.774946
9,220,0.000000,0.242225,1.047552
10,220,0.000000,0.228916,0.950799
1,221,0.000000,-0.557278,1.041738
2,221,0.000000,-0.533855,1.252226
3,221,0.000000,-0.533855,1.252226
4,221,0.000000,-0.549750,1.095825
5,221,0.000000,-0.549750,1.444409
6,221,0.000000,-0.616419,1.246519
7,221,0.000000,-0.603493,1.344376
8,221,0.000000,-0.552324,1.058724
9,221,0.000000,-0.568226,0.967046
10,221,0.000000,-0.564551,0.969304
1,222,0.000000,0.364268,6.602847
2,222,0.000000,0.360267,6.471320
3,222,0.000000,0.459889,6.252967
4,222,0.000000,0.429389,5.470814
5,222,0.000000,0.455028,6.224628
6,222,0.000000,0.471581,5.866953
7,222,0.000000,0.426703,6.072162
8,222,0.000000,0.354655,7.002010
9,222,0.000000,0.371290,6.371947
10,222,0.000000,0.355880,6.254537
1,223,0.000000,-0.682842,3.807855
2,223,0.000000,-0.683141,3.639843
3,223,0.000000,-0.688659,3.743043
4,223,0.000000,-0.688836,3.708249
5,223,0.000000,-0.701857,4.236243
6,223,0.000000,-0.653053,3.866235
7,223,0.000000,-0.700448,4.501788
8,223,0.000000,-0.709819,4.501788
9,223,0.000000,-0.691946,4.027861
10,223,0.000000,-0.676990,3.951148
1,224,0.000000,-0.994441,16.805246
2,224,0.000000,-1.012736,17.143380
3,224,0.000000,-1.012736,17.538396
4,224,0.000000,-1.080354,18.878304
5,224,0.000000,-1.080354,18.878304
6,224,0.000000,-1.077863,19.662860
7,224,0.000000,-1.055294,18.781154
8,224,0.000000,-1.051002,19.300343
9,224,0.000000,-1.051002,19.679927
10,224,0.000000,-1.076866,19.419115
1,225,0.000000,-1.244948,13.800585
2,225,0.000000,-1.257683,14.202876
3,225,0.000000,-1.253038,14.716526
4,225,0.000000,-1.253038,14.311318
5,225,0.000000,-1.229688,13.725897
6,225,0.000000,-1.229021,13.772873
7,225,0.000000,-1.211627,13.762235
8,225,0.000000,-1.263859,14.014378
9,225,0.000000,-1.253276,14.837547
10,225,0.000000,-1.284235,14.837547
1,226,0.000000,0.349570,-8.667708
2,226,0.000000,0.349570,-8.667708
3,226,0.000000,0.343287,-8.667708
4,226,0.000000,0.357287,-8.717905
5,226,0.000000,0.311323,-8.720740
6,226,0.000000,0.350281,-8.720740
7,226,0.000000,0.381181,-8.687321
8,226,0.000000,0.416594,-8.559371
9,226,0.000000,0.346811,-8.559371
10,226,0.000000,0.346811,-8.605594
1,227,0.000000,-0.683007,4.460801
2,227,0.000000,-0.703092,4.925050
3,227,0.000000,-0.703092,4.925050
4,227,0.000000,-0.691521,4.899012
5,227,0.000000,-0.741799,5.399270
6,227,0.000000,-0.711474,5.399270
7,227,0.000000,-0.708479,5.282158
8,227,0.000000,-0.726099,5.453533
9,227,0.000000,-0.715050,4.950417
10,227,0.000000,-0.715050,4.950417
1,228,0.000000,-0.661813,4.454388
2,228,0.000000,-0.634255,4.128791
3,228,0.000000,-0.634255,4.006561
4,228,0.000000,-0.610091,3.866178
5,228,0.000000,-0.612384,4.088982
6,228,0.000000,-0.612384,4.088982
7,228,0.000000,-0.590137,3.884207
8,228,0.000000,-0.590137,3.884207
9,228,0.000000,-0.585760,3.839919
10,228,0.000000,-0.585760,3.687197
1,229,0.000000,-0.521087,-2.226479
2,229,0.000000,-0.521087,-2.226479
3,229,0.000000,-0.521087,-2.281445
4,229,0.000000,-0.552601,-2.312087
5,229,0.000000,-0.546794,-2.350273
6,229,0.000000,-0.535734,-2.741188
7,229,0.000000,-0.562678,-2.326680
8,229,0.000000,-0.562678,-2.326680
9,229,0.000000,-0.567412,-2.326680
10,229,0.000000,-0.559823,-2.326680
1,230,0.000000,0.147109,10.157793
2,230,0.000000,0.178331,10.181955
3,230,0.000000,0.172192,9.826161
4,230,0.000000,0.172192,9.826161
5,230,0.000000,0.170076,9.594062
6,230,0.000000,0.202808,9.959912
7,230,0.000000,0.218179,9.749392
8,230,0.000000,0.205808,9.477472
9,230,0.000000,0.235850,9.391006
10,230,0.000000,0.210683,9.796494
1,231,0.000000,0.017828,-1.912163
2,231,0.000000,-0.009500,-1.598348
3,231,0.000000,0.013973,-2.077462
4,231,0.000000,0.082762,-2.077462
5,231,0.000000,0.082762,-2.077462
6,231,0.000000,0.094613,-2.210371
7,231,0.000000,0.042571,-2.155097
8,231,0.000000,0.046946,-2.285625
9,231,0.000000,0.007922,-1.809031
10,231,0.000000,0.006460,-1.809031
1,232,0.000000,0.520976,-2.695413
2,232,0.000000,0.520976,-2.695413
3,232,0.000000,0.525955,-2.680025
4,232,0.000000,0.525955,-2.649030
5,232,0.000000,0.541142,-2.733334
6,232,0.000000,0.468663,-2.913931
7,232,0.000000,0.490332,-2.806439
8,232,0.000000,0.492916,-2.806439
9,232,0.000000,0.460816,-2.806439
10,232,0.000000,0.478898,-2.806439
1,233,0.000000,0.297421,-8.632761
2,233,0.000000,0.298982,-8.566524
3,233,0.000000,0.273410,-8.465006
4,233,0.000000,0.287147,-8.465006
5,233,0.000000,0.270371,-8.529347
6,233,0.000000,0.304879,-8.529347
7,233,0.000000,0.304879,-8.529347
8,233,0.000000,0.304879,-8.529347
9,233,0.000000,0.292916,-8.529347
10,233,0.000000,0.292916,-8.529347
1,234,0.000000,-0.082620,-7.788924
2,234,0.000000,-0.082620,-7.832005
3,234,0.000000,-0.082620,-7.832005
4,234,0.000000,-0.090241,-7.934867
5,234,0.000000,-0.060796,-7.858965
6,234,0.000000,-0.103420,-7.858965
7,234,0.000000,-0.103420,-7.858965
8,234,0.000000,-0.103420,-7.858965
9,234,0.000000,-0.035843,-7.858965
10,234,0.000000,-0.112566,-7.858965
1,235,0.000000,-0.467522,-4.968704
2,235,0.000000,-0.467522,-4.677882
3,235,0.000000,-0.467522,-4.929984
4,235,0.000000,-0.474757,-4.955990
5,235,0.000000,-0.474757,-4.955990
6,235,0.000000,-0.516107,-5.261231
7,235,0.000000,-0.516107,-5.467018
8,235,0.000000,-0.497219,-5.028901
9,235,0.000000,-0.497219,-4.582302
10,235,0.000000,-0.521387,-4.489284
1,236,0.000000,-0.035761,0.588287
2,236,0.000000,0.015940,0.588287
3,236,0.000000,0.048461,0.973030
4,236,0.000000,0.001241,0.785979
5,236,0.000000,0.001241,0.785979
6,236,0.000000,0.001241,0.432940
7,236,0.000000,0.004598,0.432940
8,236,0.000000,-0.015756,0.566067
9,236,0.000000,0.028614,0.622786
10,236,0.000000,-0.015188,0.611615
1,237,0.000000,0.310665,-12.721853
2,237,0.000000,0.310665,-12.721853
3,237,0.000000,0.310665,-12.721853
4,237,0.000000,0.360250,-12.390530
5,237,0.000000,0.360250,-12.390530
6,237,0.000000,0.372231,-12.390530
7,237,0.000000,0.372231,-12.381189
8,237,0.000000,0.372231,-12.416307
9,237,0.000000,0.371952,-12.292002
10,237,0.000000,0.321126,-12.417174
1,238,0.000000,0.219444,3.180786
2,238,0.000000,0.126356,3.459880
3,238,0.000000,0.095070,3.869811
4,238,0.000000,0.088036,4.127501
5,238,0.000000,0.048153,4.269313
6,238,0.000000,0.023260,4.332910
7,238,0.000000,0.079777,3.993820
8,238,0.000000,0.079777,3.993820
9,238,0.000000,0.079777,3.993820
10,238,0.000000,0.054004,4.161224
1,239,0.000000,-0.178764,2.889278
2,239,0.000000,-0.168827,2.955294
3,239,0.000000,-0.168827,2.955294
4,239,0.000000,-0.168827,2.955294
5,239,0.000000,-0.160942,2.856912
6,239,0.000000,-0.166940,2.862270
7,239,0.000000,-0.185471,3.127943
8,239,0.000000,-0.173791,3.258965
9,239,0.000000,-0.173791,3.258965
10,239,0.000000,-0.152994,3.314585
1,240,0.000000,-0.665628,2.598990
2,240,0.000000,-0.678558,2.646476
3,240,0.000000,-0.648987,2.603380
4,240,0.000000,-0.648521,2.614614
5,240,0.000000,-0.648521,2.614614
6,240,0.000000,-0.683208,2.655578
7,240,0.000000,-0.683208,2.785139
8,240,0.000000,-0.677253,2.954205
9,240,0.000000,-0.640889,2.333502
10,240,0.000000,-0.658005,2.508062
1,241,0.000000,-0.307377,-9.783160
2,241,0.000000,-0.286058,-9.952909
3,241,0.000000,-0.286058,-9.535471
4,241,0.000000,-0.303414,-9.742691
5,241,0.000000,-0.303414,-9.742691
6,241,0.000000,-0.289628,-9.742691
7,241,0.000000,-0.289628,-9.855659
8,241,0.000000,-0.261265,-9.855659
9,241,0.000000,-0.286865,-9.855659
10,241,0.000000,-0.314467,-9.852445
1,242,0.000000,-0.205691,1.361570
2,242,0.000000,-0.211275,1.361570
3,242,0.000000,-0.195909,1.407345
4,242,0.000000,-0.193909,1.346512
5,242,0.000000,-0.265359,1.346512
6,242,0.000000,-0.253962,1.346512
7,242,0.000000,-0.163419,1.246108
8,242,0.000000,-0.163419,1.246108
9,242,0.000000,-0.187294,1.144901
10,242,0.000000,-0.187294,1.144901
1,243,0.000000,-0.439739,10.728006
2,243,0.000000,-0.391960,10.475350
3,243,0.000000,-0.399610,10.324460
4,243,0.000000,-0.407434,9.984324
5,243,0.000000,-0.391800,10.477750
6,243,0.000000,-0.428545,10.653742
7,243,0.000000,-0.428545,10.643210
8,243,0.000000,-0.433236,10.834759
9,243,0.000000,-0.461413,11.276717
10,243,0.000000,-0.461413,11.276717
1,244,0.000000,-0.634899,4.283220
2,244,0.000000,-0.581287,3.970263
3,244,0.000000,-0.588753,3.970263
4,244,0.000000,-0.588753,3.863848
5,244,0.000000,-0.582473,4.061320
6,244,0.000000,-0.582473,4.181126
7,244,0.000000,-0.541836,3.867012
8,244,0.000000,-0.590211,4.376274
9,244,0.000000,-0.613863,4.290393
10,244,0.000000,-0.626987,4.290393
1,245,0.000000,-0.674340,-4.768974
2,245,0.000000,-0.641717,-4.703462
3,245,0.000000,-0.673471,-5.198164
4,245,0.000000,-0.651236,-4.655473
5,245,0.000000,-0.651236,-4.737760
6,245,0.000000,-0.648589,-4.777043
7,245,0.000000,-0.648589,-5.056709
8,245,0.000000,-0.658829,-4.753082
9,245,0.000000,-0.658829,-4.753082
10,245,0.000000,-0.681088,-4.401679
1,246,0.000000,0.363003,-3.982357
2,246,0.000000,0.363003,-3.982357
3,246,0.000000,0.338964,-3.982357
4,246,0.000000,0.338964,-3.982357
5,246,0.000000,0.331588,-3.940994
6,246,0.000000,0.330583,-3.848820
7,246,0.000000,0.330583,-4.032680
8,246,0.000000,0.330583,-4.032680
9,246,0.000000,0.383958,-3.918938
10,246,0.000000,0.318572,-3.918938
1,247,0.000000,-0.914062,7.245619
2,247,0.000000,-0.877738,7.402866
3,247,0.000000,-0.884229,7.383992
4,247,0.000000,-0.884229,7.030407
5,247,0.000000,-0.857567,7.064514
6,247,0.000000,-0.908880,7.220752
7,247,0.000000,-0.909882,7.168152
8,247,0.000000,-0.901207,6.741483
9,247,0.000000,-0.896448,7.238885
10,247,0.000000,-0.842431,7.142388
1,248,0.000000,-0.168178,-0.966300
2,248,0.000000,-0.119964,-1.034736
3,248,0.000000,-0.119964,-1.034736
4,248,0.000000,-0.130084,-1.201165
5,248,0.000000,-0.152316,-1.045096
6,248,0.000000,-0.139914,-1.032922
7,248,0.000000,-0.178031,-1.032922
8,248,0.000000,-0.178031,-1.032922
9,248,0.000000,-0.178031,-1.032922
10,248,0.000000,-0.192772,-0.891153
1,249,0.000000,0.196593,-11.646627
2,249,0.000000,0.196593,-11.646627
3,249,0.000000,0.215530,-11.518723
4,249,0.000000,0.226151,-11.824059
5,249,0.000000,0.185818,-11.713709
6,249,0.000000,0.191305,-11.713709
7,249,0.000000,0.168627,-11.884139
8,249,0.000000,0.199492,-11.768160
9,249,0.000000,0.199492,-11.467566
10,249,0.000000,0.185714,-11.658474
1,250,0.000000,0.202980,-11.065324
2,250,0.000000,0.282161,-10.956285
3,250,0.000000,0.282161,-10.956285
4,250,0.000000,0.243024,-10.956285
5,250,0.000000,0.257092,-11.001032
6,250,0.000000,0.257092,-11.050769
7,250,0.000000,0.257092,-11.050769
8,250,0.000000,0.257092,-11.050769
9,250,0.000000,0.257092,-11.050769
10,250,0.000000,0.257092,-10.812060