rep,id,p0,alpha,tau
1,1,0.504827,0.033681,78.514541
2,1,0.504827,0.035259,77.904915
3,1,0.504827,0.036352,77.904915
4,1,0.504827,0.036265,77.715646
5,1,0.504827,0.035990,77.883964
6,1,0.504827,0.036232,77.873408
7,1,0.504827,0.036107,77.787070
8,1,0.504827,0.036107,78.069003
9,1,0.504827,0.035043,78.069003
10,1,0.504827,0.035930,77.888514
1,2,0.504827,0.052333,77.629970
2,2,0.504827,0.052333,77.629970
3,2,0.504827,0.052333,77.629970
4,2,0.504827,0.057391,77.548803
5,2,0.504827,0.057704,77.744182
6,2,0.504827,0.055189,77.744182
7,2,0.504827,0.055189,77.744182
8,2,0.504827,0.055251,77.756118
9,2,0.504827,0.054636,77.576209
10,2,0.504827,0.054972,77.506845
1,3,0.504827,0.025398,82.473036
2,3,0.504827,0.026772,82.795697
3,3,0.504827,0.025623,82.463419
4,3,0.504827,0.025753,82.783198
5,3,0.504827,0.025753,82.783198
6,3,0.504827,0.025510,82.880850
7,3,0.504827,0.024588,83.580968
8,3,0.504827,0.023215,83.761835
9,3,0.504827,0.024436,83.261133
10,3,0.504827,0.024171,82.909247
1,4,0.504827,0.055701,66.684692
2,4,0.504827,0.055701,66.684692
3,4,0.504827,0.060620,66.684692
4,4,0.504827,0.057650,66.475858
5,4,0.504827,0.058722,66.475858
6,4,0.504827,0.058722,66.475858
7,4,0.504827,0.055484,66.522174
8,4,0.504827,0.055484,66.522174
9,4,0.504827,0.055484,66.522174
10,4,0.504827,0.058635,66.522174
1,5,0.504827,0.035200,82.961849
2,5,0.504827,0.035200,82.825414
3,5,0.504827,0.038775,82.270404
4,5,0.504827,0.036964,82.241893
5,5,0.504827,0.037852,82.306617
6,5,0.504827,0.035777,82.455003
7,5,0.504827,0.036047,82.448030
8,5,0.504827,0.036016,82.461483
9,5,0.504827,0.036481,82.588825
10,5,0.504827,0.035643,82.545391
1,6,0.504827,0.088908,62.516175
2,6,0.504827,0.080713,62.312197
3,6,0.504827,0.081897,62.312197
4,6,0.504827,0.083011,62.312197
5,6,0.504827,0.083011,62.366059
6,6,0.504827,0.086843,62.326476
7,6,0.504827,0.087374,62.426575
8,6,0.504827,0.087374,62.661226
9,6,0.504827,0.087374,62.300905
10,6,0.504827,0.082305,62.213418
1,7,0.504827,0.048206,67.675285
2,7,0.504827,0.047914,67.675285
3,7,0.504827,0.048634,67.528842
4,7,0.504827,0.048634,67.528842
5,7,0.504827,0.048634,67.528842
6,7,0.504827,0.048634,67.528842
7,7,0.504827,0.048062,67.528842
8,7,0.504827,0.048062,67.528842
9,7,0.504827,0.048062,67.554238
10,7,0.504827,0.048062,67.554238
1,8,0.504827,0.046333,63.299786
2,8,0.504827,0.049591,63.186329
3,8,0.504827,0.049591,62.750420
4,8,0.504827,0.049953,62.750406
5,8,0.504827,0.050124,62.750406
6,8,0.504827,0.051665,62.905728
7,8,0.504827,0.051665,62.566157
8,8,0.504827,0.051665,62.566157
9,8,0.504827,0.052093,62.591675
10,8,0.504827,0.051599,62.343187
1,9,0.504827,0.054442,67.738483
2,9,0.504827,0.054442,67.738483
3,9,0.504827,0.054442,67.738483
4,9,0.504827,0.054442,67.738483
5,9,0.504827,0.057065,67.738483
6,9,0.504827,0.050866,67.814460
7,9,0.504827,0.051827,67.814460
8,9,0.504827,0.053019,67.772166
9,9,0.504827,0.053019,67.772166
10,9,0.504827,0.053019,67.772166
1,10,0.504827,0.022976,86.976768
2,10,0.504827,0.024301,86.240532
3,10,0.504827,0.024498,86.518496
4,10,0.504827,0.023990,86.737986
5,10,0.504827,0.023990,86.737986
6,10,0.504827,0.023990,86.737986
7,10,0.504827,0.023990,86.737986
8,10,0.504827,0.023990,86.673899
9,10,0.504827,0.023990,86.673899
10,10,0.504827,0.022813,87.120238
1,11,0.504827,0.104229,66.831635
2,11,0.504827,0.112104,66.595174
3,11,0.504827,0.112104,66.548464
4,11,0.504827,0.112104,66.548464
5,11,0.504827,0.112104,66.564811
6,11,0.504827,0.112104,66.564811
7,11,0.504827,0.105339,66.972569
8,11,0.504827,0.105339,66.943019
9,11,0.504827,0.103110,66.773386
10,11,0.504827,0.103000,67.126169
1,12,0.504827,0.045232,80.438504
2,12,0.504827,0.047711,80.072058
3,12,0.504827,0.045857,80.184810
4,12,0.504827,0.047395,80.450624
5,12,0.504827,0.044534,80.265451
6,12,0.504827,0.044534,80.265451
7,12,0.504827,0.045372,80.279717
8,12,0.504827,0.045538,80.473927
9,12,0.504827,0.044827,80.226643
10,12,0.504827,0.048004,80.226643
1,13,0.504827,0.067464,73.415322
2,13,0.504827,0.067464,73.415322
3,13,0.504827,0.069497,73.415322
4,13,0.504827,0.072139,73.415322
5,13,0.504827,0.070734,73.415322
6,13,0.504827,0.069223,73.402555
7,13,0.504827,0.069223,73.402555
8,13,0.504827,0.069189,73.402555
9,13,0.504827,0.069189,73.402555
10,13,0.504827,0.069189,73.380548
1,14,0.504827,0.096810,69.982886
2,14,0.504827,0.096896,69.959044
3,14,0.504827,0.096896,70.277719
4,14,0.504827,0.097139,70.202367
5,14,0.504827,0.097139,70.202367
6,14,0.504827,0.101668,70.214579
7,14,0.504827,0.101668,70.214579
8,14,0.504827,0.093558,70.214579
9,14,0.504827,0.096323,70.200685
10,14,0.504827,0.096323,70.195472
1,15,0.504827,0.065216,84.850079
2,15,0.504827,0.066942,84.654748
3,15,0.504827,0.059931,85.069201
4,15,0.504827,0.058924,85.046040
5,15,0.504827,0.057938,84.920503
6,15,0.504827,0.059440,85.118625
7,15,0.504827,0.060736,84.906417
8,15,0.504827,0.060736,84.872860
9,15,0.504827,0.060736,84.872860
10,15,0.504827,0.060736,84.896843
1,16,0.504827,0.039574,63.876742
2,16,0.504827,0.041502,64.093122
3,16,0.504827,0.043324,64.093122
4,16,0.504827,0.041755,64.093122
5,16,0.504827,0.042767,63.925194
6,16,0.504827,0.042990,63.860331
7,16,0.504827,0.041550,64.287098
8,16,0.504827,0.041550,64.287098
9,16,0.504827,0.041411,64.228114
10,16,0.504827,0.040969,63.984685
1,17,0.504827,0.059790,75.181228
2,17,0.504827,0.059790,75.266105
3,17,0.504827,0.058901,75.142835
4,17,0.504827,0.060114,75.127396
5,17,0.504827,0.060114,75.127396
6,17,0.504827,0.057799,75.127396
7,17,0.504827,0.057799,75.127396
8,17,0.504827,0.060268,75.276734
9,17,0.504827,0.059997,75.102307
10,17,0.504827,0.059433,75.455345
1,18,0.504827,0.042776,62.617279
2,18,0.504827,0.041636,62.617279
3,18,0.504827,0.044718,62.549366
4,18,0.504827,0.044319,62.723427
5,18,0.504827,0.044363,62.871311
6,18,0.504827,0.044363,62.871311
7,18,0.504827,0.046637,62.694037
8,18,0.504827,0.045448,62.967294
9,18,0.504827,0.045448,62.780893
10,18,0.504827,0.045326,62.813377
1,19,0.504827,0.047223,80.786775
2,19,0.504827,0.048862,80.664567
3,19,0.504827,0.047438,80.636478
4,19,0.504827,0.047390,80.835992
5,19,0.504827,0.048338,80.835992
6,19,0.504827,0.046904,80.878054
7,19,0.504827,0.046904,80.878054
8,19,0.504827,0.046904,80.878054
9,19,0.504827,0.045878,80.977123
10,19,0.504827,0.048900,80.977123
1,20,0.504827,0.043958,69.187886
2,20,0.504827,0.043958,69.365163
3,20,0.504827,0.043958,69.365163
4,20,0.504827,0.043958,69.365163
5,20,0.504827,0.043958,69.365163
6,20,0.504827,0.043365,69.476302
7,20,0.504827,0.043733,69.338281
8,20,0.504827,0.041953,69.294052
9,20,0.504827,0.042882,69.294052
10,20,0.504827,0.042882,69.294052
1,21,0.504827,0.047442,71.181990
2,21,0.504827,0.047203,71.151856
3,21,0.504827,0.047203,71.151856
4,21,0.504827,0.046814,71.162658
5,21,0.504827,0.046814,71.162658
6,21,0.504827,0.046492,70.938249
7,21,0.504827,0.047197,71.082567
8,21,0.504827,0.046593,71.082567
9,21,0.504827,0.046325,70.713281
10,21,0.504827,0.046325,71.160288
1,22,0.504827,0.018287,91.044646
2,22,0.504827,0.017662,91.688501
3,22,0.504827,0.017793,91.186761
4,22,0.504827,0.016534,92.924840
5,22,0.504827,0.016798,92.860033
6,22,0.504827,0.017337,92.323312
7,22,0.504827,0.017316,92.448842
8,22,0.504827,0.017695,91.641292
9,22,0.504827,0.017916,91.736713
10,22,0.504827,0.017916,92.280714
1,23,0.504827,0.033986,75.591501
2,23,0.504827,0.033240,75.659616
3,23,0.504827,0.033240,75.659616
4,23,0.504827,0.032848,75.663842
5,23,0.504827,0.034358,75.716724
6,23,0.504827,0.034359,75.716724
7,23,0.504827,0.031828,75.716724
8,23,0.504827,0.035137,75.373859
9,23,0.504827,0.034399,75.443505
10,23,0.504827,0.035275,75.395767
1,24,0.504827,0.014109,94.996711
2,24,0.504827,0.014109,95.233344
3,24,0.504827,0.014306,95.243304
4,24,0.504827,0.013802,95.817710
5,24,0.504827,0.013872,96.690895
6,24,0.504827,0.013872,96.899906
7,24,0.504827,0.013599,96.811445
8,24,0.504827,0.013314,97.141047
9,24,0.504827,0.013737,96.070129
10,24,0.504827,0.014071,95.692004
1,25,0.504827,0.033331,81.412477
2,25,0.504827,0.033641,81.496931
3,25,0.504827,0.031288,82.112011
4,25,0.504827,0.031983,82.112011
5,25,0.504827,0.033087,82.019110
6,25,0.504827,0.034219,81.835890
7,25,0.504827,0.032457,81.835890
8,25,0.504827,0.031480,82.062562
9,25,0.504827,0.031480,82.062562
10,25,0.504827,0.033138,81.983584
1,26,0.504827,0.090565,76.957126
2,26,0.504827,0.090565,77.192100
3,26,0.504827,0.090565,77.165573
4,26,0.504827,0.081020,77.578284
5,26,0.504827,0.081020,77.608746
6,26,0.504827,0.078249,77.824107
7,26,0.504827,0.084009,77.656107
8,26,0.504827,0.080755,77.836571
9,26,0.504827,0.077800,77.937499
10,26,0.504827,0.077800,77.937499
1,27,0.504827,0.032924,75.208833
2,27,0.504827,0.033137,75.426489
3,27,0.504827,0.032140,75.320747
4,27,0.504827,0.032140,75.344205
5,27,0.504827,0.032140,75.344205
6,27,0.504827,0.032140,75.243527
7,27,0.504827,0.032140,75.298136
8,27,0.504827,0.032140,75.298136
9,27,0.504827,0.032958,75.464346
10,27,0.504827,0.033852,75.464346
1,28,0.504827,0.057914,75.641778
2,28,0.504827,0.058013,75.856538
3,28,0.504827,0.058013,75.856538
4,28,0.504827,0.058013,75.856538
5,28,0.504827,0.056635,75.553386
6,28,0.504827,0.056099,75.553386
7,28,0.504827,0.057967,75.926270
8,28,0.504827,0.057967,75.709073
9,28,0.504827,0.057555,75.578157
10,28,0.504827,0.056384,75.578157
1,29,0.504827,0.082621,80.916235
2,29,0.504827,0.085672,80.916235
3,29,0.504827,0.085672,80.916235
4,29,0.504827,0.082909,80.902669
5,29,0.504827,0.082909,80.902669
6,29,0.504827,0.082909,80.979875
7,29,0.504827,0.082418,80.979875
8,29,0.504827,0.082010,80.979875
9,29,0.504827,0.082010,80.979875
10,29,0.504827,0.082010,80.963221
1,30,0.504827,0.029569,75.725742
2,30,0.504827,0.029569,75.725742
3,30,0.504827,0.029232,75.725742
4,30,0.504827,0.029232,75.295569
5,30,0.504827,0.029039,75.645583
6,30,0.504827,0.029361,75.736803
7,30,0.504827,0.029361,75.395330
8,30,0.504827,0.028401,75.550993
9,30,0.504827,0.028172,75.587747
10,30,0.504827,0.028111,75.378955
1,31,0.504827,0.073929,67.263234
2,31,0.504827,0.074453,67.460527
3,31,0.504827,0.070017,67.344017
4,31,0.504827,0.073107,67.344017
5,31,0.504827,0.072776,67.252914
6,31,0.504827,0.070463,67.310257
7,31,0.504827,0.075140,67.310257
8,31,0.504827,0.070621,67.310257
9,31,0.504827,0.074076,67.196375
10,31,0.504827,0.074076,67.259018
1,32,0.504827,0.063991,76.044117
2,32,0.504827,0.062616,75.998138
3,32,0.504827,0.067747,75.768445
4,32,0.504827,0.067355,75.600161
5,32,0.504827,0.067355,75.600161
6,32,0.504827,0.067889,75.600161
7,32,0.504827,0.064835,75.781723
8,32,0.504827,0.067722,75.822203
9,32,0.504827,0.063696,75.540138
10,32,0.504827,0.064197,75.974856
1,33,0.504827,0.030332,81.504991
2,33,0.504827,0.029127,81.901681
3,33,0.504827,0.029127,81.909580
4,33,0.504827,0.030099,81.011600
5,33,0.504827,0.029112,81.590352
6,33,0.504827,0.029963,81.608891
7,33,0.504827,0.031471,81.283739
8,33,0.504827,0.030422,81.096208
9,33,0.504827,0.031628,80.723330
10,33,0.504827,0.031787,80.782351
1,34,0.504827,0.053364,70.964940
2,34,0.504827,0.051276,71.132560
3,34,0.504827,0.051519,71.101503
4,34,0.504827,0.051770,71.101503
5,34,0.504827,0.051770,71.101503
6,34,0.504827,0.053304,71.035384
7,34,0.504827,0.051592,71.035384
8,34,0.504827,0.051592,71.035384
9,34,0.504827,0.051095,71.037508
10,34,0.504827,0.051062,71.037508
1,35,0.504827,0.049863,77.865111
2,35,0.504827,0.049863,77.924312
3,35,0.504827,0.049903,78.000223
4,35,0.504827,0.049903,78.000223
5,35,0.504827,0.049903,78.000223
6,35,0.504827,0.049903,78.000223
7,35,0.504827,0.048471,78.000223
8,35,0.504827,0.048146,78.070099
9,35,0.504827,0.048146,78.159261
10,35,0.504827,0.048146,78.159261
1,36,0.504827,0.043064,73.873101
2,36,0.504827,0.043169,73.153441
3,36,0.504827,0.043169,73.220571
4,36,0.504827,0.044362,72.990829
5,36,0.504827,0.042959,73.196837
6,36,0.504827,0.042959,73.362687
7,36,0.504827,0.042959,73.010392
8,36,0.504827,0.043621,73.505434
9,36,0.504827,0.043325,73.505434
10,36,0.504827,0.044153,73.473433
1,37,0.504827,0.029814,71.049232
2,37,0.504827,0.032109,71.042948
3,37,0.504827,0.032736,71.042948
4,37,0.504827,0.032736,71.037016
5,37,0.504827,0.033699,71.152164
6,37,0.504827,0.033057,70.848357
7,37,0.504827,0.032298,70.716017
8,37,0.504827,0.032630,70.882058
9,37,0.504827,0.033030,70.882058
10,37,0.504827,0.033030,70.882058
1,38,0.504827,0.085486,69.852142
2,38,0.504827,0.081909,69.808529
3,38,0.504827,0.074639,69.430234
4,38,0.504827,0.074639,69.430234
5,38,0.504827,0.078986,70.079024
6,38,0.504827,0.078535,69.988096
7,38,0.504827,0.082166,69.843984
8,38,0.504827,0.082510,69.935001
9,38,0.504827,0.082510,69.472799
10,38,0.504827,0.082453,69.668370
1,39,0.504827,0.042680,77.678376
2,39,0.504827,0.041963,77.772860
3,39,0.504827,0.040888,77.699490
4,39,0.504827,0.040888,77.699490
5,39,0.504827,0.040888,77.722749
6,39,0.504827,0.039559,77.661012
7,39,0.504827,0.039559,77.661012
8,39,0.504827,0.043942,77.661012
9,39,0.504827,0.042707,77.791174
10,39,0.504827,0.042243,78.030431
1,40,0.504827,0.081357,67.779546
2,40,0.504827,0.081402,67.680280
3,40,0.504827,0.081402,67.680280
4,40,0.504827,0.084252,67.680280
5,40,0.504827,0.084252,67.680280
6,40,0.504827,0.081494,67.680280
7,40,0.504827,0.081494,67.680280
8,40,0.504827,0.081494,67.680280
9,40,0.504827,0.081597,67.680280
10,40,0.504827,0.078858,67.783048
1,41,0.504827,0.032380,77.046057
2,41,0.504827,0.032695,76.613208
3,41,0.504827,0.032093,76.768855
4,41,0.504827,0.032273,76.768855
5,41,0.504827,0.032273,76.505470
6,41,0.504827,0.032233,76.957772
7,41,0.504827,0.031187,76.897695
8,41,0.504827,0.031187,76.994139
9,41,0.504827,0.031187,76.994139
10,41,0.504827,0.031421,76.967354
1,42,0.504827,0.111764,71.255643
2,42,0.504827,0.111764,71.389344
3,42,0.504827,0.111764,71.389344
4,42,0.504827,0.113011,71.389344
5,42,0.504827,0.114345,71.417037
6,42,0.504827,0.115208,71.417037
7,42,0.504827,0.111386,71.359784
8,42,0.504827,0.111386,71.359784
9,42,0.504827,0.110156,71.368001
10,42,0.504827,0.114846,71.368001
1,43,0.504827,0.067617,74.729761
2,43,0.504827,0.071948,74.729761
3,43,0.504827,0.070289,74.691049
4,43,0.504827,0.066623,74.691049
5,43,0.504827,0.072247,74.691049
6,43,0.504827,0.074907,74.691049
7,43,0.504827,0.072286,74.637674
8,43,0.504827,0.072286,74.637674
9,43,0.504827,0.072286,74.675896
10,43,0.504827,0.067153,74.675896
1,44,0.504827,0.050630,64.793933
2,44,0.504827,0.053017,64.793933
3,44,0.504827,0.049175,64.571209
4,44,0.504827,0.050736,64.659921
5,44,0.504827,0.050736,64.659921
6,44,0.504827,0.048629,64.615087
7,44,0.504827,0.050525,64.615087
8,44,0.504827,0.050525,64.615087
9,44,0.504827,0.050525,64.613740
10,44,0.504827,0.050525,64.613740
1,45,0.504827,0.073596,74.193346
2,45,0.504827,0.073596,74.277835
3,45,0.504827,0.075306,74.277835
4,45,0.504827,0.073624,74.190201
5,45,0.504827,0.073624,74.190201
6,45,0.504827,0.074613,74.254649
7,45,0.504827,0.076344,74.254649
8,45,0.504827,0.077633,74.254649
9,45,0.504827,0.074923,74.391820
10,45,0.504827,0.075015,74.328077
1,46,0.504827,0.052336,71.800663
2,46,0.504827,0.052996,72.028222
3,46,0.504827,0.053141,71.785919
4,46,0.504827,0.053297,71.629620
5,46,0.504827,0.051425,71.756316
6,46,0.504827,0.051547,71.753647
7,46,0.504827,0.051144,71.660889
8,46,0.504827,0.051580,71.678503
9,46,0.504827,0.052280,71.885224
10,46,0.504827,0.053790,71.806992
1,47,0.504827,0.068626,74.334965
2,47,0.504827,0.066949,74.334965
3,47,0.504827,0.069434,74.334965
4,47,0.504827,0.069434,74.334965
5,47,0.504827,0.069434,74.334965
6,47,0.504827,0.069434,74.334965
7,47,0.504827,0.068648,74.334965
8,47,0.504827,0.068648,74.334965
9,47,0.504827,0.068648,74.334965
10,47,0.504827,0.068648,74.350046
1,48,0.504827,0.032974,82.129313
2,48,0.504827,0.032554,82.129313
3,48,0.504827,0.032411,82.020559
4,48,0.504827,0.032411,82.047453
5,48,0.504827,0.031831,82.337711
6,48,0.504827,0.031831,82.337711
7,48,0.504827,0.032717,81.984562
8,48,0.504827,0.032898,81.984562
9,48,0.504827,0.032898,81.956328
10,48,0.504827,0.032524,81.894317
1,49,0.504827,0.065962,78.190880
2,49,0.504827,0.065962,78.328618
3,49,0.504827,0.064525,78.328618
4,49,0.504827,0.071986,78.289065
5,49,0.504827,0.067082,78.214717
6,49,0.504827,0.064748,78.439805
7,49,0.504827,0.065674,78.373035
8,49,0.504827,0.069755,78.235113
9,49,0.504827,0.066297,78.608175
10,49,0.504827,0.058817,78.664668
1,50,0.504827,0.081859,74.344107
2,50,0.504827,0.078782,74.158815
3,50,0.504827,0.078782,74.158815
4,50,0.504827,0.078782,74.158815
5,50,0.504827,0.078269,74.004976
6,50,0.504827,0.081364,74.377491
7,50,0.504827,0.081364,74.377491
8,50,0.504827,0.078658,74.377491
9,50,0.504827,0.081924,74.377491
10,50,0.504827,0.081924,74.377491
1,51,0.504827,0.049848,72.925641
2,51,0.504827,0.049848,72.925641
3,51,0.504827,0.047821,73.001436
4,51,0.504827,0.047821,73.002052
5,51,0.504827,0.049300,72.932494
6,51,0.504827,0.050060,73.078745
7,51,0.504827,0.048296,73.078745
8,51,0.504827,0.048296,73.078745
9,51,0.504827,0.050579,73.001456
10,51,0.504827,0.051470,73.018168
1,52,0.504827,0.068057,69.848284
2,52,0.504827,0.065980,70.061089
3,52,0.504827,0.068020,69.801485
4,52,0.504827,0.068020,69.948460
5,52,0.504827,0.068020,69.948460
6,52,0.504827,0.068020,69.948460
7,52,0.504827,0.068219,69.759996
8,52,0.504827,0.068219,70.002062
9,52,0.504827,0.067292,70.110468
10,52,0.504827,0.067292,70.110468
1,53,0.504827,0.059394,69.382819
2,53,0.504827,0.057363,69.445801
3,53,0.504827,0.055678,69.668051
4,53,0.504827,0.060119,69.668051
5,53,0.504827,0.064249,69.735090
6,53,0.504827,0.064249,69.933087
7,53,0.504827,0.062758,69.953428
8,53,0.504827,0.062758,69.813383
9,53,0.504827,0.062616,69.815297
10,53,0.504827,0.064720,69.792503
1,54,0.504827,0.042387,79.128384
2,54,0.504827,0.042606,78.965611
3,54,0.504827,0.042336,79.049481
4,54,0.504827,0.042085,79.375939
5,54,0.504827,0.042085,79.375939
6,54,0.504827,0.042085,79.375939
7,54,0.504827,0.042085,79.107119
8,54,0.504827,0.042085,79.107119
9,54,0.504827,0.042372,79.234987
10,54,0.504827,0.041828,79.234987
1,55,0.504827,0.081735,66.335975
2,55,0.504827,0.088034,66.335975
3,55,0.504827,0.086558,66.332632
4,55,0.504827,0.084388,66.332632
5,55,0.504827,0.085725,66.351576
6,55,0.504827,0.086023,66.179045
7,55,0.504827,0.087762,66.232000
8,55,0.504827,0.083373,66.292007
9,55,0.504827,0.086932,66.239494
10,55,0.504827,0.084626,66.375161
1,56,0.504827,0.075463,75.389897
2,56,0.504827,0.075463,74.721263
3,56,0.504827,0.073096,74.512501
4,56,0.504827,0.074097,74.602453
5,56,0.504827,0.075280,74.173552
6,56,0.504827,0.073870,74.417206
7,56,0.504827,0.073870,74.853802
8,56,0.504827,0.077039,74.853802
9,56,0.504827,0.077039,74.853802
10,56,0.504827,0.074337,74.963111
1,57,0.504827,0.047901,75.544906
2,57,0.504827,0.047901,75.523769
3,57,0.504827,0.047901,75.523769
4,57,0.504827,0.047901,75.523769
5,57,0.504827,0.044244,75.703397
6,57,0.504827,0.048602,75.545460
7,57,0.504827,0.046328,75.697756
8,57,0.504827,0.046512,75.697756
9,57,0.504827,0.046512,75.895582
10,57,0.504827,0.046201,75.776406
1,58,0.504827,0.025907,70.877870
2,58,0.504827,0.026318,70.796276
3,58,0.504827,0.026318,70.796276
4,58,0.504827,0.026051,70.751697
5,58,0.504827,0.025684,70.300425
6,58,0.504827,0.026585,70.300425
7,58,0.504827,0.026240,70.507931
8,58,0.504827,0.026683,70.265162
9,58,0.504827,0.026634,70.339947
10,58,0.504827,0.026287,70.427316
1,59,0.504827,0.047809,82.401623
2,59,0.504827,0.055360,82.190491
3,59,0.504827,0.050964,82.054793
4,59,0.504827,0.052148,82.085871
5,59,0.504827,0.050528,82.450665
6,59,0.504827,0.050528,82.212146
7,59,0.504827,0.050986,82.221721
8,59,0.504827,0.050986,82.231808
9,59,0.504827,0.050475,82.282999
10,59,0.504827,0.050475,82.282999
1,60,0.504827,0.085148,74.737673
2,60,0.504827,0.086739,74.893097
3,60,0.504827,0.085545,74.893097
4,60,0.504827,0.087730,74.860381
5,60,0.504827,0.090451,74.772430
6,60,0.504827,0.089197,74.897429
7,60,0.504827,0.085043,74.892102
8,60,0.504827,0.085043,74.892102
9,60,0.504827,0.085043,75.082935
10,60,0.504827,0.085043,75.082935
1,61,0.504827,0.079524,66.772440
2,61,0.504827,0.082797,66.715586
3,61,0.504827,0.082797,66.715586
4,61,0.504827,0.078682,66.812975
5,61,0.504827,0.078682,66.812975
6,61,0.504827,0.079521,66.812975
7,61,0.504827,0.080659,66.812975
8,61,0.504827,0.078115,66.989243
9,61,0.504827,0.077377,66.919663
10,61,0.504827,0.077377,66.919663
1,62,0.504827,0.103694,84.058463
2,62,0.504827,0.106182,84.085637
3,62,0.504827,0.100525,84.085637
4,62,0.504827,0.100525,84.085637
5,62,0.504827,0.102671,84.085637
6,62,0.504827,0.099291,84.085637
7,62,0.504827,0.099291,84.085637
8,62,0.504827,0.099845,84.085637
9,62,0.504827,0.106204,84.085637
10,62,0.504827,0.106204,84.085637
1,63,0.504827,0.023222,75.161602
2,63,0.504827,0.023488,74.913979
3,63,0.504827,0.024384,74.935268
4,63,0.504827,0.023784,74.857982
5,63,0.504827,0.023790,75.151441
6,63,0.504827,0.023790,75.151441
7,63,0.504827,0.024595,75.279783
8,63,0.504827,0.024981,74.801347
9,63,0.504827,0.024704,75.035515
10,63,0.504827,0.024607,75.076010
1,64,0.504827,0.046145,77.241836
2,64,0.504827,0.045854,77.352301
3,64,0.504827,0.048246,77.401791
4,64,0.504827,0.049595,77.188441
5,64,0.504827,0.046225,76.999872
6,64,0.504827,0.045307,77.392837
7,64,0.504827,0.046974,77.282097
8,64,0.504827,0.046974,77.282097
9,64,0.504827,0.046974,77.282097
10,64,0.504827,0.047186,77.282097
1,65,0.504827,0.049030,84.359929
2,65,0.504827,0.047560,84.359929
3,65,0.504827,0.047560,84.359929
4,65,0.504827,0.046057,84.306174
5,65,0.504827,0.046057,84.306174
6,65,0.504827,0.046057,84.306174
7,65,0.504827,0.049125,84.293040
8,65,0.504827,0.047533,84.293040
9,65,0.504827,0.047533,84.293040
10,65,0.504827,0.047533,84.293040
1,66,0.504827,0.082143,74.188419
2,66,0.504827,0.080796,74.107868
3,66,0.504827,0.086215,74.313736
4,66,0.504827,0.086215,74.313736
5,66,0.504827,0.081272,74.441901
6,66,0.504827,0.082091,73.887512
7,66,0.504827,0.081805,74.532350
8,66,0.504827,0.082597,74.322395
9,66,0.504827,0.084971,74.155906
10,66,0.504827,0.081665,74.155906
1,67,0.504827,0.039748,93.676616
2,67,0.504827,0.038964,93.664781
3,67,0.504827,0.039932,93.557242
4,67,0.504827,0.040731,94.760641
5,67,0.504827,0.041037,94.133368
6,67,0.504827,0.039084,94.551946
7,67,0.504827,0.037363,94.833636
8,67,0.504827,0.036111,95.703682
9,67,0.504827,0.033934,96.342166
10,67,0.504827,0.033337,96.111074
1,68,0.504827,0.027454,84.046157
2,68,0.504827,0.027824,83.881808
3,68,0.504827,0.028229,83.889205
4,68,0.504827,0.028730,83.703789
5,68,0.504827,0.028730,83.785861
6,68,0.504827,0.028730,83.785861
7,68,0.504827,0.030763,83.341384
8,68,0.504827,0.030763,83.942799
9,68,0.504827,0.027875,84.304062
10,68,0.504827,0.026772,83.952813
1,69,0.504827,0.036154,83.069410
2,69,0.504827,0.032841,83.172226
3,69,0.504827,0.037765,82.840350
4,69,0.504827,0.037765,82.840350
5,69,0.504827,0.037765,82.700667
6,69,0.504827,0.035707,83.115239
7,69,0.504827,0.035813,83.117769
8,69,0.504827,0.035809,82.743830
9,69,0.504827,0.037711,82.743830
10,69,0.504827,0.037711,82.960904
1,70,0.504827,0.026879,84.885848
2,70,0.504827,0.026217,85.305397
3,70,0.504827,0.025948,85.143200
4,70,0.504827,0.026622,84.844223
5,70,0.504827,0.027191,84.368223
6,70,0.504827,0.027851,84.153779
7,70,0.504827,0.027265,84.465435
8,70,0.504827,0.027394,84.135526
9,70,0.504827,0.027394,84.381196
10,70,0.504827,0.027473,84.084281
1,71,0.504827,0.018416,90.374037
2,71,0.504827,0.018416,90.409970
3,71,0.504827,0.017630,90.528568
4,71,0.504827,0.018210,91.102204
5,71,0.504827,0.017364,91.099401
6,71,0.504827,0.017033,91.092061
7,71,0.504827,0.017389,91.392406
8,71,0.504827,0.017406,91.113356
9,71,0.504827,0.017406,91.366665
10,71,0.504827,0.017139,91.445575
1,72,0.504827,0.021201,80.142932
2,72,0.504827,0.019869,80.142932
3,72,0.504827,0.019808,79.936983
4,72,0.504827,0.020560,80.071116
5,72,0.504827,0.020013,79.891690
6,72,0.504827,0.020879,80.158699
7,72,0.504827,0.020879,80.158699
8,72,0.504827,0.021164,79.615277
9,72,0.504827,0.020409,80.364256
10,72,0.504827,0.020627,79.735479
1,73,0.504827,0.050188,74.805980
2,73,0.504827,0.049432,74.589704
3,73,0.504827,0.049432,74.566205
4,73,0.504827,0.049432,74.447811
5,73,0.504827,0.049045,74.604437
6,73,0.504827,0.049332,74.770925
7,73,0.504827,0.048207,74.770925
8,73,0.504827,0.050630,74.866621
9,73,0.504827,0.050404,74.693891
10,73,0.504827,0.049796,74.598986
1,74,0.504827,0.055893,80.006528
2,74,0.504827,0.058415,80.006528
3,74,0.504827,0.058698,79.845282
4,74,0.504827,0.058698,79.845282
5,74,0.504827,0.058698,79.845282
6,74,0.504827,0.058698,79.845282
7,74,0.504827,0.058707,79.760028
8,74,0.504827,0.059658,79.797339
9,74,0.504827,0.057811,80.154645
10,74,0.504827,0.059933,79.762682
1,75,0.504827,0.023015,81.717578
2,75,0.504827,0.022596,81.757971
3,75,0.504827,0.022596,81.757971
4,75,0.504827,0.023163,81.634419
5,75,0.504827,0.023163,81.634419
6,75,0.504827,0.023584,81.503685
7,75,0.504827,0.024012,81.451807
8,75,0.504827,0.023212,81.617720
9,75,0.504827,0.023571,81.470495
10,75,0.504827,0.022790,81.969967
1,76,0.504827,0.064910,76.446347
2,76,0.504827,0.062862,76.623123
3,76,0.504827,0.058721,76.978449
4,76,0.504827,0.058721,76.978449
5,76,0.504827,0.058721,76.978449
6,76,0.504827,0.058226,76.871656
7,76,0.504827,0.056928,77.501019
8,76,0.504827,0.054850,77.546243
9,76,0.504827,0.054135,77.675916
10,76,0.504827,0.053200,77.424893
1,77,0.504827,0.054955,66.984344
2,77,0.504827,0.059185,66.732580
3,77,0.504827,0.059185,66.732580
4,77,0.504827,0.059197,66.451725
5,77,0.504827,0.059197,66.451725
6,77,0.504827,0.059197,66.811982
7,77,0.504827,0.058299,66.712783
8,77,0.504827,0.059178,66.819633
9,77,0.504827,0.059178,66.730986
10,77,0.504827,0.059178,66.546761
1,78,0.504827,0.078472,78.581452
2,78,0.504827,0.078472,78.581452
3,78,0.504827,0.078208,78.360130
4,78,0.504827,0.083646,78.544838
5,78,0.504827,0.083646,78.544838
6,78,0.504827,0.081728,78.544838
7,78,0.504827,0.081728,78.514782
8,78,0.504827,0.078034,78.547090
9,78,0.504827,0.076096,78.452442
10,78,0.504827,0.078066,78.452442
1,79,0.504827,0.029309,75.932355
2,79,0.504827,0.029309,75.932355
3,79,0.504827,0.029016,75.962710
4,79,0.504827,0.028531,76.061499
5,79,0.504827,0.029509,75.960328
6,79,0.504827,0.029910,75.960328
7,79,0.504827,0.029910,75.979424
8,79,0.504827,0.028598,76.016925
9,79,0.504827,0.029859,76.016925
10,79,0.504827,0.029859,76.016925
1,80,0.504827,0.051292,93.646410
2,80,0.504827,0.061556,91.802630
3,80,0.504827,0.066405,89.893998
4,80,0.504827,0.066783,88.678247
5,80,0.504827,0.079681,90.614338
6,80,0.504827,0.074478,89.616116
7,80,0.504827,0.075779,90.910372
8,80,0.504827,0.059587,91.005338
9,80,0.504827,0.054271,91.242560
10,80,0.504827,0.060611,90.047597
1,81,0.504827,0.029698,71.556264
2,81,0.504827,0.031848,71.592733
3,81,0.504827,0.029622,71.592733
4,81,0.504827,0.029964,71.473021
5,81,0.504827,0.029888,71.446586
6,81,0.504827,0.027655,71.810296
7,81,0.504827,0.031437,71.674503
8,81,0.504827,0.029896,71.674503
9,81,0.504827,0.029896,71.845683
10,81,0.504827,0.029662,71.332499
1,82,0.504827,0.035670,78.252755
2,82,0.504827,0.035372,78.252755
3,82,0.504827,0.035372,78.301924
4,82,0.504827,0.034187,78.386068
5,82,0.504827,0.034187,78.386068
6,82,0.504827,0.033997,78.324083
7,82,0.504827,0.035434,78.259490
8,82,0.504827,0.031642,78.366497
9,82,0.504827,0.034371,78.528655
10,82,0.504827,0.031392,78.698305
1,83,0.504827,0.030022,79.221440
2,83,0.504827,0.029784,79.661033
3,83,0.504827,0.030262,79.070089
4,83,0.504827,0.030444,78.996671
5,83,0.504827,0.030006,79.616968
6,83,0.504827,0.030376,78.969935
7,83,0.504827,0.030127,79.369088
8,83,0.504827,0.030127,79.369088
9,83,0.504827,0.029931,79.507431
10,83,0.504827,0.029931,79.507431
1,84,0.504827,0.033518,72.022531
2,84,0.504827,0.030347,72.131401
3,84,0.504827,0.033534,72.099721
4,84,0.504827,0.032419,72.242803
5,84,0.504827,0.032419,72.342842
6,84,0.504827,0.031425,72.342842
7,84,0.504827,0.030260,72.057798
8,84,0.504827,0.030688,72.057798
9,84,0.504827,0.030688,71.758326
10,84,0.504827,0.030688,71.758326
1,85,0.504827,0.017963,84.857510
2,85,0.504827,0.017773,84.859019
3,85,0.504827,0.017773,84.477369
4,85,0.504827,0.017773,84.477369
5,85,0.504827,0.017773,84.812437
6,85,0.504827,0.017970,84.812437
7,85,0.504827,0.018346,84.488994
8,85,0.504827,0.018346,84.488994
9,85,0.504827,0.017961,84.461481
10,85,0.504827,0.017695,84.640920
1,86,0.504827,0.060177,78.663563
2,86,0.504827,0.059196,78.641699
3,86,0.504827,0.059196,78.641699
4,86,0.504827,0.060359,78.641699
5,86,0.504827,0.061711,78.625949
6,86,0.504827,0.061027,78.625949
7,86,0.504827,0.059100,78.629841
8,86,0.504827,0.056877,78.617260
9,86,0.504827,0.059436,78.617260
10,86,0.504827,0.059436,78.617260
1,87,0.504827,0.080419,66.023839
2,87,0.504827,0.080659,66.023839
3,87,0.504827,0.080706,66.052890
4,87,0.504827,0.084626,66.071709
5,87,0.504827,0.083498,66.020616
6,87,0.504827,0.083498,66.020616
7,87,0.504827,0.083498,66.020616
8,87,0.504827,0.083498,66.020616
9,87,0.504827,0.082004,66.103731
10,87,0.504827,0.081431,66.103731
1,88,0.504827,0.040516,75.801030
2,88,0.504827,0.040863,75.547484
3,88,0.504827,0.040720,75.532724
4,88,0.504827,0.042399,75.638495
5,88,0.504827,0.042851,75.638495
6,88,0.504827,0.041221,75.832881
7,88,0.504827,0.041221,75.832881
8,88,0.504827,0.041221,75.613335
9,88,0.504827,0.039547,75.301728
10,88,0.504827,0.039547,75.301728
1,89,0.504827,0.043509,63.794458
2,89,0.504827,0.043509,63.925545
3,89,0.504827,0.043509,63.925545
4,89,0.504827,0.043466,63.697892
5,89,0.504827,0.043342,63.622716
6,89,0.504827,0.041244,63.622716
7,89,0.504827,0.040903,63.701287
8,89,0.504827,0.041913,63.795448
9,89,0.504827,0.043125,63.753775
10,89,0.504827,0.043195,63.737791
1,90,0.504827,0.064776,81.873461
2,90,0.504827,0.064776,81.873461
3,90,0.504827,0.068197,81.873461
4,90,0.504827,0.064770,81.697671
5,90,0.504827,0.064770,81.697671
6,90,0.504827,0.065754,81.926364
7,90,0.504827,0.055908,82.777685
8,90,0.504827,0.055908,82.480898
9,90,0.504827,0.059072,82.362722
10,90,0.504827,0.063632,82.206652
1,91,0.504827,0.045078,82.998915
2,91,0.504827,0.045748,83.309577
3,91,0.504827,0.044469,83.240533
4,91,0.504827,0.046096,83.349361
5,91,0.504827,0.042925,84.676601
6,91,0.504827,0.042925,84.676601
7,91,0.504827,0.037918,85.602188
8,91,0.504827,0.038163,86.195947
9,91,0.504827,0.038362,85.891594
10,91,0.504827,0.040522,84.685211
1,92,0.504827,0.027788,71.278481
2,92,0.504827,0.027788,71.167110
3,92,0.504827,0.027788,71.167110
4,92,0.504827,0.027331,71.053257
5,92,0.504827,0.028143,71.076611
6,92,0.504827,0.028143,71.076611
7,92,0.504827,0.028287,70.747644
8,92,0.504827,0.027503,71.100439
9,92,0.504827,0.027775,71.141142
10,92,0.504827,0.027921,71.035660
1,93,0.504827,0.037236,67.214662
2,93,0.504827,0.038691,66.821657
3,93,0.504827,0.038691,66.821657
4,93,0.504827,0.039912,67.283970
5,93,0.504827,0.040454,67.781513
6,93,0.504827,0.041725,67.517061
7,93,0.504827,0.039008,67.214457
8,93,0.504827,0.037412,67.249974
9,93,0.504827,0.037586,66.928490
10,93,0.504827,0.037586,66.886909
1,94,0.504827,0.048363,84.383729
2,94,0.504827,0.048363,84.244281
3,94,0.504827,0.045165,84.357254
4,94,0.504827,0.045165,84.357254
5,94,0.504827,0.050743,84.357254
6,94,0.504827,0.045407,84.364350
7,94,0.504827,0.046556,84.365490
8,94,0.504827,0.048385,84.330400
9,94,0.504827,0.051527,84.330400
10,94,0.504827,0.052444,84.220859
1,95,0.504827,0.041270,70.337327
2,95,0.504827,0.041270,70.337327
3,95,0.504827,0.041270,70.337327
4,95,0.504827,0.040264,70.337327
5,95,0.504827,0.040264,70.337327
6,95,0.504827,0.040264,70.337327
7,95,0.504827,0.040355,70.198205
8,95,0.504827,0.040814,70.225964
9,95,0.504827,0.040428,70.218359
10,95,0.504827,0.040428,70.218359
1,96,0.504827,0.056390,71.272653
2,96,0.504827,0.056390,71.272653
3,96,0.504827,0.056783,71.139254
4,96,0.504827,0.055353,71.406912
5,96,0.504827,0.055353,71.463223
6,96,0.504827,0.055493,71.463223
7,96,0.504827,0.055745,71.348710
8,96,0.504827,0.056496,71.130334
9,96,0.504827,0.056496,71.130334
10,96,0.504827,0.056582,71.295387
1,97,0.504827,0.046594,77.167523
2,97,0.504827,0.046594,77.043873
3,97,0.504827,0.044023,77.043873
4,97,0.504827,0.045333,77.256514
5,97,0.504827,0.047134,77.034678
6,97,0.504827,0.047134,77.034678
7,97,0.504827,0.047134,77.202287
8,97,0.504827,0.045856,77.202287
9,97,0.504827,0.045595,77.203165
10,97,0.504827,0.045595,77.007652
1,98,0.504827,0.070580,66.325747
2,98,0.504827,0.070580,66.325747
3,98,0.504827,0.071484,66.479111
4,98,0.504827,0.071944,66.448553
5,98,0.504827,0.071944,66.448553
6,98,0.504827,0.065828,66.259601
7,98,0.504827,0.065828,66.259601
8,98,0.504827,0.065828,66.210942
9,98,0.504827,0.065828,66.210942
10,98,0.504827,0.064921,66.226157
1,99,0.504827,0.041381,82.791172
2,99,0.504827,0.041626,82.471422
3,99,0.504827,0.040436,82.981712
4,99,0.504827,0.041404,82.981712
5,99,0.504827,0.039971,83.036366
6,99,0.504827,0.041646,82.696329
7,99,0.504827,0.043949,82.280711
8,99,0.504827,0.043949,82.532130
9,99,0.504827,0.042235,82.796831
10,99,0.504827,0.042235,82.796831
1,100,0.504827,0.064934,71.623141
2,100,0.504827,0.065510,71.623141
3,100,0.504827,0.064154,71.623141
4,100,0.504827,0.068176,71.791243
5,100,0.504827,0.065873,71.524907
6,100,0.504827,0.066679,71.524907
7,100,0.504827,0.066679,71.524907
8,100,0.504827,0.067315,71.620223
9,100,0.504827,0.063462,71.758706
10,100,0.504827,0.062375,71.603692
1,101,0.504827,0.088623,69.652043
2,101,0.504827,0.086402,69.891840
3,101,0.504827,0.086402,69.891840
4,101,0.504827,0.087899,69.791077
5,101,0.504827,0.086508,69.791077
6,101,0.504827,0.085040,69.912169
7,101,0.504827,0.088315,69.984689
8,101,0.504827,0.080255,69.984689
9,101,0.504827,0.087987,69.984689
10,101,0.504827,0.085604,69.874731
1,102,0.504827,0.041567,82.665643
2,102,0.504827,0.039824,81.872082
3,102,0.504827,0.043197,81.569211
4,102,0.504827,0.043446,81.546729
5,102,0.504827,0.039240,83.242472
6,102,0.504827,0.039522,83.062960
7,102,0.504827,0.040458,82.380846
8,102,0.504827,0.038951,82.474167
9,102,0.504827,0.042665,80.763231
10,102,0.504827,0.042030,81.827224
1,103,0.504827,0.049774,86.230911
2,103,0.504827,0.046622,86.539736
3,103,0.504827,0.045000,87.107908
4,103,0.504827,0.044683,86.893924
5,103,0.504827,0.047528,86.650572
6,103,0.504827,0.048728,86.082278
7,103,0.504827,0.049616,86.264474
8,103,0.504827,0.046718,86.726263
9,103,0.504827,0.046453,86.559601
10,103,0.504827,0.044281,87.970194
1,104,0.504827,0.070497,69.502545
2,104,0.504827,0.070497,69.502545
3,104,0.504827,0.070497,69.502545
4,104,0.504827,0.070497,69.502545
5,104,0.504827,0.067780,69.375880
6,104,0.504827,0.069774,69.461352
7,104,0.504827,0.069774,69.461352
8,104,0.504827,0.069774,69.461352
9,104,0.504827,0.069906,69.461352
10,104,0.504827,0.069906,69.461352
1,105,0.504827,0.044702,86.682045
2,105,0.504827,0.043761,86.986105
3,105,0.504827,0.045177,86.731262
4,105,0.504827,0.044352,86.727372
5,105,0.504827,0.046344,86.589584
6,105,0.504827,0.046344,86.477844
7,105,0.504827,0.047622,86.421757
8,105,0.504827,0.047622,86.421757
9,105,0.504827,0.044082,86.685662
10,105,0.504827,0.043132,87.327945
1,106,0.504827,0.150220,74.605904
2,106,0.504827,0.147568,74.605904
3,106,0.504827,0.147568,74.605904
4,106,0.504827,0.147568,74.605904
5,106,0.504827,0.138461,74.899041
6,106,0.504827,0.138461,74.899041
7,106,0.504827,0.142107,74.760449
8,106,0.504827,0.142107,74.760449
9,106,0.504827,0.142107,74.760449
10,106,0.504827,0.143578,74.760449
1,107,0.504827,0.019934,69.251776
2,107,0.504827,0.019135,68.106488
3,107,0.504827,0.020188,68.966156
4,107,0.504827,0.022553,68.852994
5,107,0.504827,0.023031,69.168375
6,107,0.504827,0.023031,68.887818
7,107,0.504827,0.021070,68.947622
8,107,0.504827,0.022973,68.947622
9,107,0.504827,0.021635,68.906458
10,107,0.504827,0.021338,68.832349
1,108,0.504827,0.094160,70.629906
2,108,0.504827,0.094160,70.629906
3,108,0.504827,0.086527,70.847270
4,108,0.504827,0.089722,71.215867
5,108,0.504827,0.086266,71.215867
6,108,0.504827,0.078863,71.143105
7,108,0.504827,0.079755,71.493885
8,108,0.504827,0.080788,71.024158
9,108,0.504827,0.081420,71.060606
10,108,0.504827,0.090415,70.940954
1,109,0.504827,0.068553,70.256652
2,109,0.504827,0.068553,70.256652
3,109,0.504827,0.067827,70.484419
4,109,0.504827,0.065358,70.634702
5,109,0.504827,0.063108,70.637096
6,109,0.504827,0.063108,70.661441
7,109,0.504827,0.065502,70.476522
8,109,0.504827,0.065502,70.476522
9,109,0.504827,0.068643,70.406664
10,109,0.504827,0.067491,70.406664
1,110,0.504827,0.020211,74.725859
2,110,0.504827,0.022386,73.901238
3,110,0.504827,0.023664,74.155548
4,110,0.504827,0.022808,74.053016
5,110,0.504827,0.023264,73.796483
6,110,0.504827,0.022424,74.336521
7,110,0.504827,0.021433,74.190214
8,110,0.504827,0.021781,74.082020
9,110,0.504827,0.022258,74.162811
10,110,0.504827,0.021276,74.156676
1,111,0.504827,0.059979,60.738078
2,111,0.504827,0.059435,60.613292
3,111,0.504827,0.060608,60.383822
4,111,0.504827,0.058765,60.538979
5,111,0.504827,0.056400,60.538979
6,111,0.504827,0.060544,60.536011
7,111,0.504827,0.054293,60.595293
8,111,0.504827,0.058797,60.872510
9,111,0.504827,0.053458,60.872510
10,111,0.504827,0.050962,60.872510
1,112,0.504827,0.025600,77.356090
2,112,0.504827,0.025808,77.115432
3,112,0.504827,0.027306,77.115432
4,112,0.504827,0.027718,77.174705
5,112,0.504827,0.026889,77.174705
6,112,0.504827,0.026724,77.231815
7,112,0.504827,0.026724,77.231815
8,112,0.504827,0.026724,77.231815
9,112,0.504827,0.027355,77.056667
10,112,0.504827,0.027312,76.923985
1,113,0.504827,0.061858,72.841029
2,113,0.504827,0.062811,72.478059
3,113,0.504827,0.062811,72.519828
4,113,0.504827,0.060739,72.713694
5,113,0.504827,0.060739,72.713694
6,113,0.504827,0.060512,72.705672
7,113,0.504827,0.060512,72.705672
8,113,0.504827,0.058294,72.705672
9,113,0.504827,0.059343,72.760706
10,113,0.504827,0.060661,72.760706
1,114,0.504827,0.019946,78.088779
2,114,0.504827,0.020544,78.205794
3,114,0.504827,0.020295,78.205794
4,114,0.504827,0.019515,78.639637
5,114,0.504827,0.019748,78.546536
6,114,0.504827,0.019313,78.474984
7,114,0.504827,0.019497,78.705902
8,114,0.504827,0.019751,78.284530
9,114,0.504827,0.019970,78.395555
10,114,0.504827,0.019863,78.143728
1,115,0.504827,0.037344,76.108165
2,115,0.504827,0.039246,75.919712
3,115,0.504827,0.040693,76.174346
4,115,0.504827,0.038581,76.269940
5,115,0.504827,0.038581,76.133408
6,115,0.504827,0.038581,76.133408
7,115,0.504827,0.039803,76.133408
8,115,0.504827,0.039803,76.133408
9,115,0.504827,0.038087,75.913880
10,115,0.504827,0.037393,75.913880
1,116,0.504827,0.054939,66.956998
2,116,0.504827,0.055685,66.956998
3,116,0.504827,0.055685,66.956998
4,116,0.504827,0.056437,66.956998
5,116,0.504827,0.056262,66.956998
6,116,0.504827,0.056262,66.956998
7,116,0.504827,0.057581,66.963659
8,116,0.504827,0.057581,66.963659
9,116,0.504827,0.054297,66.963659
10,116,0.504827,0.055746,66.963659
1,117,0.504827,0.051008,84.670767
2,117,0.504827,0.054548,84.237091
3,117,0.504827,0.051210,84.880760
4,117,0.504827,0.051299,84.704088
5,117,0.504827,0.048169,85.081213
6,117,0.504827,0.050135,84.669882
7,117,0.504827,0.049159,84.529222
8,117,0.504827,0.050449,84.759790
9,117,0.504827,0.048575,84.602996
10,117,0.504827,0.052018,84.590073
1,118,0.504827,0.017816,98.931683
2,118,0.504827,0.018366,97.504492
3,118,0.504827,0.019046,97.529760
4,118,0.504827,0.018697,96.931873
5,118,0.504827,0.019191,96.703081
6,118,0.504827,0.020778,94.691847
7,118,0.504827,0.020107,94.939346
8,118,0.504827,0.020383,94.329358
9,118,0.504827,0.021476,94.313474
10,118,0.504827,0.020963,94.411226
1,119,0.504827,0.136347,65.921582
2,119,0.504827,0.136347,65.921582
3,119,0.504827,0.135119,65.921582
4,119,0.504827,0.133303,65.810374
5,119,0.504827,0.134758,65.819438
6,119,0.504827,0.134758,65.911071
7,119,0.504827,0.133728,65.911071
8,119,0.504827,0.133728,65.911071
9,119,0.504827,0.134835,65.911071
10,119,0.504827,0.138182,65.955747
1,120,0.504827,0.127846,83.095088
2,120,0.504827,0.113339,83.561218
3,120,0.504827,0.113339,84.252849
4,120,0.504827,0.093563,84.348475
5,120,0.504827,0.111691,84.102547
6,120,0.504827,0.068413,88.098721
7,120,0.504827,0.066745,88.098721
8,120,0.504827,0.076232,87.612119
9,120,0.504827,0.069847,87.758732
10,120,0.504827,0.071428,87.059581
1,121,0.504827,0.045207,72.434086
2,121,0.504827,0.044481,72.363388
3,121,0.504827,0.044481,72.443307
4,121,0.504827,0.044725,72.443307
5,121,0.504827,0.044692,72.764986
6,121,0.504827,0.044692,72.764986
7,121,0.504827,0.046506,72.537402
8,121,0.504827,0.045234,72.283334
9,121,0.504827,0.044709,72.277035
10,121,0.504827,0.044820,72.543664
1,122,0.504827,0.037909,89.655922
2,122,0.504827,0.035892,90.686868
3,122,0.504827,0.035892,90.551229
4,122,0.504827,0.035786,90.337709
5,122,0.504827,0.037350,90.111629
6,122,0.504827,0.037653,90.111629
7,122,0.504827,0.038093,90.406711
8,122,0.504827,0.038075,89.832058
9,122,0.504827,0.038075,89.832058
10,122,0.504827,0.038075,89.819199
1,123,0.504827,0.047667,90.999655
2,123,0.504827,0.047667,90.999655
3,123,0.504827,0.047667,90.768950
4,123,0.504827,0.047667,91.275227
5,123,0.504827,0.046302,91.096527
6,123,0.504827,0.046226,91.096527
7,123,0.504827,0.046621,91.188350
8,123,0.504827,0.045915,91.012154
9,123,0.504827,0.047037,91.403839
10,123,0.504827,0.041918,92.035185
1,124,0.504827,0.046620,84.638389
2,124,0.504827,0.047383,85.017042
3,124,0.504827,0.047239,84.679323
4,124,0.504827,0.044574,84.679323
5,124,0.504827,0.045345,84.804578
6,124,0.504827,0.045415,85.450775
7,124,0.504827,0.043396,85.448324
8,124,0.504827,0.042752,85.448324
9,124,0.504827,0.042366,85.448324
10,124,0.504827,0.042366,85.374242
1,125,0.504827,0.049113,79.416398
2,125,0.504827,0.047250,79.291251
3,125,0.504827,0.056231,79.213699
4,125,0.504827,0.050847,79.213699
5,125,0.504827,0.051519,79.347145
6,125,0.504827,0.048784,79.347145
7,125,0.504827,0.048620,79.504336
8,125,0.504827,0.049256,79.504336
9,125,0.504827,0.048118,79.456454
10,125,0.504827,0.051955,79.275332
1,126,0.504827,0.022920,82.611494
2,126,0.504827,0.022920,82.535647
3,126,0.504827,0.022310,83.093661
4,126,0.504827,0.021191,83.683040
5,126,0.504827,0.020727,83.683040
6,126,0.504827,0.021440,83.104882
7,126,0.504827,0.022297,83.104882
8,126,0.504827,0.021677,83.104882
9,126,0.504827,0.021763,83.252231
10,126,0.504827,0.021019,83.493894
1,127,0.504827,0.029925,86.585741
2,127,0.504827,0.029925,86.533845
3,127,0.504827,0.028439,87.562112
4,127,0.504827,0.028798,87.933013
5,127,0.504827,0.027905,87.922199
6,127,0.504827,0.027905,88.292347
7,127,0.504827,0.028102,88.211173
8,127,0.504827,0.029266,87.558531
9,127,0.504827,0.028769,87.587334
10,127,0.504827,0.028769,87.587334
1,128,0.504827,0.012352,101.571860
2,128,0.504827,0.012764,100.910286
3,128,0.504827,0.012499,101.666655
4,128,0.504827,0.012269,101.245220
5,128,0.504827,0.012269,103.024569
6,128,0.504827,0.011319,103.480603
7,128,0.504827,0.011817,103.370468
8,128,0.504827,0.011807,102.627350
9,128,0.504827,0.011996,102.907678
10,128,0.504827,0.011675,103.117181
1,129,0.504827,0.062963,87.347023
2,129,0.504827,0.061206,87.485484
3,129,0.504827,0.058054,87.939615
4,129,0.504827,0.058914,88.031125
5,129,0.504827,0.058914,87.647391
6,129,0.504827,0.062682,87.624264
7,129,0.504827,0.062746,87.312093
8,129,0.504827,0.062746,87.312093
9,129,0.504827,0.064575,87.083113
10,129,0.504827,0.063890,86.981880
1,130,0.504827,0.022937,93.614478
2,130,0.504827,0.022899,93.670185
3,130,0.504827,0.022899,93.674560
4,130,0.504827,0.022790,93.767076
5,130,0.504827,0.023875,93.246955
6,130,0.504827,0.023943,93.254256
7,130,0.504827,0.023165,93.693992
8,130,0.504827,0.022880,94.198873
9,130,0.504827,0.022880,93.619096
10,130,0.504827,0.022826,93.849790
1,131,0.504827,0.065231,65.325061
2,131,0.504827,0.065231,65.569620
3,131,0.504827,0.067181,65.622169
4,131,0.504827,0.067181,65.622169
5,131,0.504827,0.067181,65.622169
6,131,0.504827,0.065611,65.708841
7,131,0.504827,0.067489,65.580226
8,131,0.504827,0.066155,65.487208
9,131,0.504827,0.066155,65.377436
10,131,0.504827,0.067792,65.473861
1,132,0.504827,0.027144,77.225058
2,132,0.504827,0.026194,77.225058
3,132,0.504827,0.026556,77.472016
4,132,0.504827,0.026556,77.472016
5,132,0.504827,0.026027,77.490004
6,132,0.504827,0.027124,77.756220
7,132,0.504827,0.028602,77.298514
8,132,0.504827,0.027432,77.366196
9,132,0.504827,0.027432,77.444014
10,132,0.504827,0.027432,77.444014
1,133,0.504827,0.058766,75.074943
2,133,0.504827,0.058776,75.123770
3,133,0.504827,0.056358,75.123770
4,133,0.504827,0.056316,75.145449
5,133,0.504827,0.056316,75.145449
6,133,0.504827,0.059263,75.142330
7,133,0.504827,0.059263,75.141367
8,133,0.504827,0.057610,75.004793
9,133,0.504827,0.057610,75.138391
10,133,0.504827,0.057610,75.019056
1,134,0.504827,0.069134,79.075627
2,134,0.504827,0.069134,79.111208
3,134,0.504827,0.069134,78.665833
4,134,0.504827,0.067291,79.286679
5,134,0.504827,0.067262,79.250152
6,134,0.504827,0.067796,78.700418
7,134,0.504827,0.066020,78.876097
8,134,0.504827,0.064544,79.556830
9,134,0.504827,0.062316,79.693538
10,134,0.504827,0.062316,79.693538
1,135,0.504827,0.020159,88.006340
2,135,0.504827,0.020112,87.378211
3,135,0.504827,0.020402,87.344462
4,135,0.504827,0.020901,87.204555
5,135,0.504827,0.020651,87.215554
6,135,0.504827,0.020281,87.757940
7,135,0.504827,0.020406,87.321613
8,135,0.504827,0.020406,87.867461
9,135,0.504827,0.020406,87.057913
10,135,0.504827,0.020406,87.575386
1,136,0.504827,0.163338,70.593096
2,136,0.504827,0.156359,70.467372
3,136,0.504827,0.158483,70.627468
4,136,0.504827,0.159649,70.643153
5,136,0.504827,0.159649,70.643153
6,136,0.504827,0.164984,70.687427
7,136,0.504827,0.157258,70.687427
8,136,0.504827,0.148189,70.687427
9,136,0.504827,0.160650,70.578956
10,136,0.504827,0.170648,70.578956
1,137,0.504827,0.047185,79.992632
2,137,0.504827,0.045374,80.191935
3,137,0.504827,0.049187,79.670892
4,137,0.504827,0.046511,79.633779
5,137,0.504827,0.046511,79.822971
6,137,0.504827,0.047557,80.144029
7,137,0.504827,0.046945,79.838701
8,137,0.504827,0.048213,79.848649
9,137,0.504827,0.048129,79.908351
10,137,0.504827,0.048129,79.616825
1,138,0.504827,0.205184,67.440817
2,138,0.504827,0.224231,67.422352
3,138,0.504827,0.218311,67.422352
4,138,0.504827,0.181610,67.422352
5,138,0.504827,0.192464,67.459135
6,138,0.504827,0.200270,67.459135
7,138,0.504827,0.172541,67.433283
8,138,0.504827,0.169218,67.460718
9,138,0.504827,0.170513,67.460718
10,138,0.504827,0.184854,67.460718
1,139,0.504827,0.032381,62.959424
2,139,0.504827,0.030729,63.369299
3,139,0.504827,0.030952,63.236476
4,139,0.504827,0.029489,62.569232
5,139,0.504827,0.029222,62.698837
6,139,0.504827,0.028655,62.844335
7,139,0.504827,0.030596,63.004881
8,139,0.504827,0.030754,63.004881
9,139,0.504827,0.029222,63.004881
10,139,0.504827,0.030458,63.004881
1,140,0.504827,0.021240,89.853961
2,140,0.504827,0.020851,90.593394
3,140,0.504827,0.020864,90.884312
4,140,0.504827,0.021136,90.453623
5,140,0.504827,0.020950,90.646634
6,140,0.504827,0.021205,90.041815
7,140,0.504827,0.020900,90.544799
8,140,0.504827,0.022103,89.716587
9,140,0.504827,0.021177,90.903476
10,140,0.504827,0.021803,90.053837
1,141,0.504827,0.032453,77.338483
2,141,0.504827,0.032453,77.338483
3,141,0.504827,0.032453,77.724877
4,141,0.504827,0.033543,77.865769
5,141,0.504827,0.032821,77.394534
6,141,0.504827,0.032821,77.535629
7,141,0.504827,0.033153,77.535629
8,141,0.504827,0.031722,77.527368
9,141,0.504827,0.032805,77.470656
10,141,0.504827,0.033154,77.400418
1,142,0.504827,0.047941,62.861509
2,142,0.504827,0.047941,62.861509
3,142,0.504827,0.047941,62.473553
4,142,0.504827,0.049009,62.556792
5,142,0.504827,0.051258,62.596029
6,142,0.504827,0.051258,62.813023
7,142,0.504827,0.051312,62.813023
8,142,0.504827,0.051011,62.794410
9,142,0.504827,0.051011,62.794410
10,142,0.504827,0.051011,62.853996
1,143,0.504827,0.055936,79.125550
2,143,0.504827,0.053916,79.520031
3,143,0.504827,0.051393,79.488480
4,143,0.504827,0.051515,79.588780
5,143,0.504827,0.054242,79.382336
6,143,0.504827,0.052182,79.322096
7,143,0.504827,0.052182,79.712960
8,143,0.504827,0.051738,79.540638
9,143,0.504827,0.051738,79.967293
10,143,0.504827,0.051079,79.438128
1,144,0.504827,0.029982,72.728241
2,144,0.504827,0.028561,72.797710
3,144,0.504827,0.029887,73.016448
4,144,0.504827,0.031119,73.305384
5,144,0.504827,0.029990,72.852718
6,144,0.504827,0.030129,72.638005
7,144,0.504827,0.029465,72.899126
8,144,0.504827,0.029465,72.697862
9,144,0.504827,0.031916,73.075095
10,144,0.504827,0.030818,73.060173
1,145,0.504827,0.132519,77.944647
2,145,0.504827,0.124962,77.954844
3,145,0.504827,0.127241,76.059927
4,145,0.504827,0.117832,77.563645
5,145,0.504827,0.111611,78.392277
6,145,0.504827,0.111878,78.893467
7,145,0.504827,0.092452,79.133743
8,145,0.504827,0.094943,79.793953
9,145,0.504827,0.047620,86.863491
10,145,0.504827,0.046091,86.342609
1,146,0.504827,0.050405,72.209414
2,146,0.504827,0.054287,71.947345
3,146,0.504827,0.052744,71.910952
4,146,0.504827,0.049928,71.910952
5,146,0.504827,0.051746,71.842662
6,146,0.504827,0.051746,71.960052
7,146,0.504827,0.051910,71.795204
8,146,0.504827,0.050086,71.888718
9,146,0.504827,0.051077,71.946501
10,146,0.504827,0.052049,71.919952
1,147,0.504827,0.071990,61.364573
2,147,0.504827,0.078733,61.364573
3,147,0.504827,0.076882,61.411320
4,147,0.504827,0.075562,61.239572
5,147,0.504827,0.076009,61.466055
6,147,0.504827,0.076021,61.466055
7,147,0.504827,0.076021,61.466055
8,147,0.504827,0.078880,61.466055
9,147,0.504827,0.074186,61.424670
10,147,0.504827,0.073781,61.424670
1,148,0.504827,0.041933,74.185650
2,148,0.504827,0.042722,74.006976
3,148,0.504827,0.040078,74.078329
4,148,0.504827,0.039914,73.667296
5,148,0.504827,0.039168,73.913293
6,148,0.504827,0.040856,73.913293
7,148,0.504827,0.040856,73.909195
8,148,0.504827,0.041653,73.909195
9,148,0.504827,0.040559,73.909195
10,148,0.504827,0.040703,74.014799
1,149,0.504827,0.047765,77.379176
2,149,0.504827,0.047765,77.379176
3,149,0.504827,0.047765,77.379176
4,149,0.504827,0.048293,77.379176
5,149,0.504827,0.046790,77.379176
6,149,0.504827,0.047098,77.459381
7,149,0.504827,0.047098,77.459381
8,149,0.504827,0.047611,77.394297
9,149,0.504827,0.047886,77.464720
10,149,0.504827,0.048154,77.294933
1,150,0.504827,0.046061,77.673117
2,150,0.504827,0.046061,77.611048
3,150,0.504827,0.046061,77.611048
4,150,0.504827,0.045485,77.751615
5,150,0.504827,0.045185,77.751615
6,150,0.504827,0.045048,77.778739
7,150,0.504827,0.045048,77.778739
8,150,0.504827,0.045048,77.753038
9,150,0.504827,0.045140,77.921726
10,150,0.504827,0.044221,77.809113
1,151,0.504827,0.016496,96.013920
2,151,0.504827,0.016186,96.892296
3,151,0.504827,0.016186,96.600359
4,151,0.504827,0.015836,96.635048
5,151,0.504827,0.016206,96.703949
6,151,0.504827,0.016394,96.069388
7,151,0.504827,0.016113,96.486288
8,151,0.504827,0.016154,96.704109
9,151,0.504827,0.016396,96.620938
10,151,0.504827,0.016396,95.762203
1,152,0.504827,0.032587,77.720494
2,152,0.504827,0.032566,77.724305
3,152,0.504827,0.032346,77.776130
4,152,0.504827,0.032346,77.790407
5,152,0.504827,0.032346,77.428136
6,152,0.504827,0.033701,77.412448
7,152,0.504827,0.033673,77.412448
8,152,0.504827,0.033121,77.412448
9,152,0.504827,0.033792,77.705317
10,152,0.504827,0.033643,77.705317
1,153,0.504827,0.046090,80.074749
2,153,0.504827,0.045913,80.056174
3,153,0.504827,0.046941,80.144255
4,153,0.504827,0.047096,80.015037
5,153,0.504827,0.046693,80.015037
6,153,0.504827,0.046693,80.144926
7,153,0.504827,0.045109,80.144926
8,153,0.504827,0.045109,80.144926
9,153,0.504827,0.044681,80.144926
10,153,0.504827,0.045453,80.140467
1,154,0.504827,0.105098,83.646409
2,154,0.504827,0.109258,83.434392
3,154,0.504827,0.108121,83.183204
4,154,0.504827,0.111304,83.289026
5,154,0.504827,0.106716,82.844125
6,154,0.504827,0.116330,82.560568
7,154,0.504827,0.115699,82.560568
8,154,0.504827,0.108767,82.920222
9,154,0.504827,0.112966,82.958144
10,154,0.504827,0.111426,82.796512
1,155,0.504827,0.025561,83.604606
2,155,0.504827,0.025382,83.606002
3,155,0.504827,0.025755,83.782696
4,155,0.504827,0.025356,83.782696
5,155,0.504827,0.026031,83.256969
6,155,0.504827,0.027233,83.321472
7,155,0.504827,0.026499,83.364653
8,155,0.504827,0.025121,84.071862
9,155,0.504827,0.025197,83.691473
10,155,0.504827,0.025357,83.765952
1,156,0.504827,0.048022,88.575217
2,156,0.504827,0.046325,88.730287
3,156,0.504827,0.046325,88.864050
4,156,0.504827,0.044750,88.864050
5,156,0.504827,0.047127,88.611004
6,156,0.504827,0.047127,88.577613
7,156,0.504827,0.047127,88.614794
8,156,0.504827,0.046963,88.614794
9,156,0.504827,0.046794,88.801596
10,156,0.504827,0.045582,88.823775
1,157,0.504827,0.083477,67.862445
2,157,0.504827,0.083477,67.966684
3,157,0.504827,0.083477,67.966684
4,157,0.504827,0.079583,67.809670
5,157,0.504827,0.079583,67.809670
6,157,0.504827,0.080909,67.868456
7,157,0.504827,0.083764,67.868456
8,157,0.504827,0.083764,67.868456
9,157,0.504827,0.083764,67.868456
10,157,0.504827,0.083764,67.868456
1,158,0.504827,0.040384,66.628635
2,158,0.504827,0.040384,66.598067
3,158,0.504827,0.040384,66.598067
4,158,0.504827,0.039997,66.837635
5,158,0.504827,0.038831,66.619692
6,158,0.504827,0.038831,66.619692
7,158,0.504827,0.038831,66.619692
8,158,0.504827,0.038649,66.309886
9,158,0.504827,0.039349,66.632884
10,158,0.504827,0.039886,66.632884
1,159,0.504827,0.040368,83.865067
2,159,0.504827,0.040642,83.865067
3,159,0.504827,0.040642,84.099542
4,159,0.504827,0.040702,84.046796
5,159,0.504827,0.040144,83.956895
6,159,0.504827,0.039777,84.100888
7,159,0.504827,0.039777,84.100888
8,159,0.504827,0.039093,83.959765
9,159,0.504827,0.039093,83.959765
10,159,0.504827,0.038075,84.138590
1,160,0.504827,0.036607,79.731568
2,160,0.504827,0.034988,79.974094
3,160,0.504827,0.037937,80.043688
4,160,0.504827,0.036859,79.966882
5,160,0.504827,0.036612,80.278271
6,160,0.504827,0.036612,80.015173
7,160,0.504827,0.035435,80.268890
8,160,0.504827,0.035435,80.268890
9,160,0.504827,0.036809,80.268890
10,160,0.504827,0.038387,80.164905
1,161,0.504827,0.070126,78.374628
2,161,0.504827,0.075646,78.612745
3,161,0.504827,0.072485,78.353166
4,161,0.504827,0.069170,78.711036
5,161,0.504827,0.069170,78.843707
6,161,0.504827,0.069170,78.843707
7,161,0.504827,0.069319,78.824573
8,161,0.504827,0.064583,79.004434
9,161,0.504827,0.063882,79.384597
10,161,0.504827,0.064408,79.384597
1,162,0.504827,0.040801,92.989203
2,162,0.504827,0.039439,93.620148
3,162,0.504827,0.040444,92.925127
4,162,0.504827,0.040585,92.925127
5,162,0.504827,0.040991,92.859024
6,162,0.504827,0.040991,93.245318
7,162,0.504827,0.042181,93.036709
8,162,0.504827,0.040494,93.345552
9,162,0.504827,0.039921,93.345552
10,162,0.504827,0.037267,93.745532
1,163,0.504827,0.025910,86.686421
2,163,0.504827,0.026259,86.213816
3,163,0.504827,0.026577,86.404746
4,163,0.504827,0.026577,86.487734
5,163,0.504827,0.026636,86.297953
6,163,0.504827,0.026372,86.202602
7,163,0.504827,0.026784,86.741655
8,163,0.504827,0.026953,86.287986
9,163,0.504827,0.026219,86.007458
10,163,0.504827,0.026219,86.007458
1,164,0.504827,0.016379,92.857820
2,164,0.504827,0.015990,93.375749
3,164,0.504827,0.015908,93.664816
4,164,0.504827,0.015685,93.339224
5,164,0.504827,0.015685,93.339224
6,164,0.504827,0.015821,93.524010
7,164,0.504827,0.015362,94.303070
8,164,0.504827,0.015683,94.297232
9,164,0.504827,0.016080,93.663251
10,164,0.504827,0.016381,92.799724
1,165,0.504827,0.061962,71.779803
2,165,0.504827,0.061196,71.951186
3,165,0.504827,0.065196,72.095335
4,165,0.504827,0.062719,72.095335
5,165,0.504827,0.061800,72.183789
6,165,0.504827,0.063673,71.882873
7,165,0.504827,0.062554,72.108209
8,165,0.504827,0.062554,72.108209
9,165,0.504827,0.064412,71.845801
10,165,0.504827,0.064412,71.845801
1,166,0.504827,0.032834,82.568809
2,166,0.504827,0.031539,82.567332
3,166,0.504827,0.031870,82.963917
4,166,0.504827,0.030467,83.027795
5,166,0.504827,0.030259,83.027795
6,166,0.504827,0.031671,82.883245
7,166,0.504827,0.030096,83.054049
8,166,0.504827,0.031635,82.738875
9,166,0.504827,0.031605,82.734996
10,166,0.504827,0.032554,82.451415
1,167,0.504827,0.011921,100.350961
2,167,0.504827,0.012107,100.349131
3,167,0.504827,0.012127,100.442555
4,167,0.504827,0.012343,100.139874
5,167,0.504827,0.012286,99.979596
6,167,0.504827,0.012151,101.027114
7,167,0.504827,0.011751,101.662483
8,167,0.504827,0.011430,102.029225
9,167,0.504827,0.011317,101.856155
10,167,0.504827,0.011427,102.316729
1,168,0.504827,0.068801,96.891385
2,168,0.504827,0.067638,97.522584
3,168,0.504827,0.068789,97.013114
4,168,0.504827,0.066378,97.872925
5,168,0.504827,0.061043,94.721875
6,168,0.504827,0.053845,94.721875
7,168,0.504827,0.068220,93.489657
8,168,0.504827,0.066887,92.975991
9,168,0.504827,0.078791,92.540004
10,168,0.504827,0.096402,93.165748
1,169,0.504827,0.089573,67.046766
2,169,0.504827,0.089971,66.969852
3,169,0.504827,0.084842,66.868882
4,169,0.504827,0.088531,66.851372
5,169,0.504827,0.088531,66.851372
6,169,0.504827,0.088531,66.851372
7,169,0.504827,0.087789,67.166659
8,169,0.504827,0.092664,66.965506
9,169,0.504827,0.092664,66.965506
10,169,0.504827,0.085741,66.965506
1,170,0.504827,0.047350,76.242990
2,170,0.504827,0.047350,76.199608
3,170,0.504827,0.049183,76.334827
4,170,0.504827,0.049286,76.334827
5,170,0.504827,0.049160,76.237766
6,170,0.504827,0.049160,76.237766
7,170,0.504827,0.049152,76.237766
8,170,0.504827,0.049152,76.237766
9,170,0.504827,0.049152,76.237766
10,170,0.504827,0.051506,76.237766
1,171,0.504827,0.016663,84.849293
2,171,0.504827,0.017302,84.294570
3,171,0.504827,0.017348,84.462211
4,171,0.504827,0.016224,85.371317
5,171,0.504827,0.016224,85.456778
6,171,0.504827,0.015936,85.456778
7,171,0.504827,0.016344,84.764524
8,171,0.504827,0.016187,85.118698
9,171,0.504827,0.016387,84.877732
10,171,0.504827,0.016246,85.065579
1,172,0.504827,0.036253,76.662267
2,172,0.504827,0.037348,76.619667
3,172,0.504827,0.036686,76.829841
4,172,0.504827,0.037014,76.579014
5,172,0.504827,0.037627,76.887514
6,172,0.504827,0.037627,76.627809
7,172,0.504827,0.037627,76.627809
8,172,0.504827,0.037723,76.591655
9,172,0.504827,0.039170,76.255831
10,172,0.504827,0.037826,76.196559
1,173,0.504827,0.079941,68.826478
2,173,0.504827,0.079941,68.826478
3,173,0.504827,0.079941,68.826478
4,173,0.504827,0.079941,68.826478
5,173,0.504827,0.079941,68.801842
6,173,0.504827,0.077949,68.872765
7,173,0.504827,0.081310,68.872765
8,173,0.504827,0.081310,68.872765
9,173,0.504827,0.081310,68.726754
10,173,0.504827,0.079103,68.726754
1,174,0.504827,0.017868,84.035569
2,174,0.504827,0.017568,85.029387
3,174,0.504827,0.017394,84.616040
4,174,0.504827,0.017394,84.616040
5,174,0.504827,0.016916,85.366162
6,174,0.504827,0.016787,85.116396
7,174,0.504827,0.016787,85.745033
8,174,0.504827,0.016140,85.745033
9,174,0.504827,0.016255,86.040091
10,174,0.504827,0.016255,86.215641
1,175,0.504827,0.027245,77.642036
2,175,0.504827,0.027245,77.642036
3,175,0.504827,0.027245,77.422952
4,175,0.504827,0.027245,77.422952
5,175,0.504827,0.027245,77.881958
6,175,0.504827,0.027245,78.146431
7,175,0.504827,0.027245,77.962221
8,175,0.504827,0.027317,77.962221
9,175,0.504827,0.027140,77.716595
10,175,0.504827,0.026539,77.860634
1,176,0.504827,0.046089,69.948360
2,176,0.504827,0.044761,69.948360
3,176,0.504827,0.044761,69.948360
4,176,0.504827,0.047041,69.718509
5,176,0.504827,0.047041,69.718509
6,176,0.504827,0.048517,69.716313
7,176,0.504827,0.046450,69.716313
8,176,0.504827,0.046654,69.822396
9,176,0.504827,0.047857,69.822396
10,176,0.504827,0.048228,69.706675
1,177,0.504827,0.078792,81.449299
2,177,0.504827,0.083294,80.286833
3,177,0.504827,0.082625,81.171939
4,177,0.504827,0.098242,80.545541
5,177,0.504827,0.086321,79.971127
6,177,0.504827,0.203946,73.317467
7,177,0.504827,0.101973,79.218654
8,177,0.504827,0.088884,79.154932
9,177,0.504827,0.091959,78.292137
10,177,0.504827,0.065187,90.963775
1,178,0.504827,0.046385,85.973758
2,178,0.504827,0.046545,85.950187
3,178,0.504827,0.050782,85.969116
4,178,0.504827,0.052684,86.059109
5,178,0.504827,0.050714,86.059109
6,178,0.504827,0.048326,86.059109
7,178,0.504827,0.057182,85.874973
8,178,0.504827,0.050321,85.941641
9,178,0.504827,0.047130,85.916293
10,178,0.504827,0.047557,85.980823
1,179,0.504827,0.058729,70.763795
2,179,0.504827,0.057568,70.763795
3,179,0.504827,0.058143,71.235515
4,179,0.504827,0.056211,70.854937
5,179,0.504827,0.056314,70.854937
6,179,0.504827,0.056561,70.855427
7,179,0.504827,0.057423,70.836548
8,179,0.504827,0.057423,70.938551
9,179,0.504827,0.057432,70.938551
10,179,0.504827,0.058236,70.938551
1,180,0.504827,0.038983,67.952801
2,180,0.504827,0.040673,67.683828
3,180,0.504827,0.042139,67.683828
4,180,0.504827,0.040351,67.802583
5,180,0.504827,0.040351,67.802583
6,180,0.504827,0.041527,67.802583
7,180,0.504827,0.043318,67.566839
8,180,0.504827,0.044232,67.391071
9,180,0.504827,0.043212,67.391071
10,180,0.504827,0.043212,67.423013
1,181,0.504827,0.095558,74.224195
2,181,0.504827,0.095558,74.224195
3,181,0.504827,0.098002,74.088210
4,181,0.504827,0.098002,74.088210
5,181,0.504827,0.098002,74.009769
6,181,0.504827,0.099509,74.111098
7,181,0.504827,0.099509,74.111098
8,181,0.504827,0.097200,74.111098
9,181,0.504827,0.097200,74.215376
10,181,0.504827,0.098445,74.188097
1,182,0.504827,0.016771,80.058188
2,182,0.504827,0.016795,80.034121
3,182,0.504827,0.016673,79.878736
4,182,0.504827,0.017233,79.931832
5,182,0.504827,0.017723,79.378431
6,182,0.504827,0.017576,78.988304
7,182,0.504827,0.017029,79.335623
8,182,0.504827,0.018860,78.794363
9,182,0.504827,0.019339,78.237250
10,182,0.504827,0.020247,77.622882
1,183,0.504827,0.028873,79.114740
2,183,0.504827,0.028442,79.168233
3,183,0.504827,0.030193,79.168233
4,183,0.504827,0.029270,79.482457
5,183,0.504827,0.026355,79.593182
6,183,0.504827,0.025763,80.068590
7,183,0.504827,0.025895,79.645780
8,183,0.504827,0.029419,79.277066
9,183,0.504827,0.033739,77.874857
10,183,0.504827,0.031989,78.486779
1,184,0.504827,0.046236,74.747556
2,184,0.504827,0.046853,74.671301
3,184,0.504827,0.045806,74.818685
4,184,0.504827,0.044763,74.604674
5,184,0.504827,0.044763,74.604674
6,184,0.504827,0.044398,74.604674
7,184,0.504827,0.043795,74.748615
8,184,0.504827,0.044503,74.932418
9,184,0.504827,0.044503,74.932418
10,184,0.504827,0.044687,74.953165
1,185,0.504827,0.081030,76.776462
2,185,0.504827,0.081208,76.732702
3,185,0.504827,0.081208,76.732702
4,185,0.504827,0.081208,76.732702
5,185,0.504827,0.081208,76.783756
6,185,0.504827,0.081208,76.783756
7,185,0.504827,0.078549,76.783756
8,185,0.504827,0.078549,76.785470
9,185,0.504827,0.082157,76.785470
10,185,0.504827,0.082157,76.785470
1,186,0.504827,0.048473,74.829355
2,186,0.504827,0.050215,74.586557
3,186,0.504827,0.049218,74.586557
4,186,0.504827,0.053628,74.586557
5,186,0.504827,0.048012,74.755635
6,186,0.504827,0.049426,74.716217
7,186,0.504827,0.049426,74.716217
8,186,0.504827,0.049426,74.716217
9,186,0.504827,0.049426,74.640553
10,186,0.504827,0.050698,74.785125
1,187,0.504827,0.125380,64.340206
2,187,0.504827,0.135863,64.340206
3,187,0.504827,0.143349,64.340206
4,187,0.504827,0.143349,64.340206
5,187,0.504827,0.141791,64.475029
6,187,0.504827,0.148899,64.475029
7,187,0.504827,0.146881,64.475029
8,187,0.504827,0.145971,64.475029
9,187,0.504827,0.145971,64.509315
10,187,0.504827,0.145971,64.509315
1,188,0.504827,0.050525,80.073162
2,188,0.504827,0.049438,80.073162
3,188,0.504827,0.051873,79.620951
4,188,0.504827,0.052489,79.620951
5,188,0.504827,0.051865,79.867030
6,188,0.504827,0.054793,79.816612
7,188,0.504827,0.050507,79.816612
8,188,0.504827,0.050507,79.987482
9,188,0.504827,0.051797,79.541811
10,188,0.504827,0.050589,79.905376
1,189,0.504827,0.021791,81.732312
2,189,0.504827,0.022828,81.165664
3,189,0.504827,0.022682,81.371052
4,189,0.504827,0.022780,81.414879
5,189,0.504827,0.022780,81.432550
6,189,0.504827,0.022710,81.706647
7,189,0.504827,0.021705,82.135142
8,189,0.504827,0.021466,82.582366
9,189,0.504827,0.020178,82.600059
10,189,0.504827,0.020329,82.820271
1,190,0.504827,0.110192,73.777586
2,190,0.504827,0.104667,73.777586
3,190,0.504827,0.106408,73.777586
4,190,0.504827,0.106408,73.777586
5,190,0.504827,0.108128,73.777586
6,190,0.504827,0.108407,73.878608
7,190,0.504827,0.108407,73.878608
8,190,0.504827,0.108407,73.878608
9,190,0.504827,0.108407,73.878608
10,190,0.504827,0.107645,73.868015
1,191,0.504827,0.038248,77.045867
2,191,0.504827,0.039968,76.987558
3,191,0.504827,0.039968,77.066036
4,191,0.504827,0.039591,77.133567
5,191,0.504827,0.034950,77.225909
6,191,0.504827,0.034518,77.374374
7,191,0.504827,0.036873,77.330241
8,191,0.504827,0.036801,77.118666
9,191,0.504827,0.037801,77.346231
10,191,0.504827,0.037755,77.346231
1,192,0.504827,0.062548,62.731866
2,192,0.504827,0.062548,62.731866
3,192,0.504827,0.066602,62.601098
4,192,0.504827,0.066458,62.598615
5,192,0.504827,0.067565,62.598615
6,192,0.504827,0.067565,62.598615
7,192,0.504827,0.064748,62.662067
8,192,0.504827,0.059354,62.662067
9,192,0.504827,0.063208,62.541047
10,192,0.504827,0.064141,62.597562
1,193,0.504827,0.023711,96.247259
2,193,0.504827,0.023299,96.428022
3,193,0.504827,0.023762,96.311486
4,193,0.504827,0.023669,96.322349
5,193,0.504827,0.024579,95.879554
6,193,0.504827,0.024579,95.765999
7,193,0.504827,0.024405,95.557306
8,193,0.504827,0.024308,95.653573
9,193,0.504827,0.024770,96.010259
10,193,0.504827,0.022651,97.071467
1,194,0.504827,0.057343,71.807452
2,194,0.504827,0.057720,71.807452
3,194,0.504827,0.060425,71.807452
4,194,0.504827,0.055974,71.812902
5,194,0.504827,0.056421,71.794599
6,194,0.504827,0.056421,71.794599
7,194,0.504827,0.058001,71.700368
8,194,0.504827,0.058001,71.700368
9,194,0.504827,0.058001,71.708721
10,194,0.504827,0.058001,71.776552
1,195,0.504827,0.044601,72.032805
2,195,0.504827,0.043350,72.032805
3,195,0.504827,0.043350,72.060670
4,195,0.504827,0.042818,71.922883
5,195,0.504827,0.043703,71.922883
6,195,0.504827,0.043703,71.922883
7,195,0.504827,0.043703,72.160379
8,195,0.504827,0.045246,72.160379
9,195,0.504827,0.044252,72.293042
10,195,0.504827,0.044770,72.293042
1,196,0.504827,0.057346,69.006269
2,196,0.504827,0.058041,69.139732
3,196,0.504827,0.055603,69.098511
4,196,0.504827,0.059907,69.214650
5,196,0.504827,0.058623,69.156711
6,196,0.504827,0.058256,69.156711
7,196,0.504827,0.058256,69.156711
8,196,0.504827,0.056984,69.040680
9,196,0.504827,0.056984,69.178559
10,196,0.504827,0.055548,69.182074
1,197,0.504827,0.070327,75.468147
2,197,0.504827,0.065542,75.556904
3,197,0.504827,0.064098,75.792891
4,197,0.504827,0.062274,75.792891
5,197,0.504827,0.065668,75.557079
6,197,0.504827,0.066892,75.458153
7,197,0.504827,0.069153,75.366637
8,197,0.504827,0.068293,75.366637
9,197,0.504827,0.069338,75.366637
10,197,0.504827,0.069338,75.425502
1,198,0.504827,0.153226,74.267028
2,198,0.504827,0.152340,74.398963
3,198,0.504827,0.162665,73.855874
4,198,0.504827,0.156633,73.768894
5,198,0.504827,0.170246,73.768894
6,198,0.504827,0.177333,73.472534
7,198,0.504827,0.162409,74.426373
8,198,0.504827,0.162150,74.081992
9,198,0.504827,0.152383,73.911476
10,198,0.504827,0.162065,74.344636
1,199,0.504827,0.061276,68.880329
2,199,0.504827,0.059125,68.587630
3,199,0.504827,0.058588,68.662149
4,199,0.504827,0.060546,68.662149
5,199,0.504827,0.060546,68.662149
6,199,0.504827,0.060546,68.846260
7,199,0.504827,0.060546,68.674938
8,199,0.504827,0.061958,68.832041
9,199,0.504827,0.060025,68.652680
10,199,0.504827,0.060025,68.652680
1,200,0.504827,0.028240,74.619535
2,200,0.504827,0.028240,74.619535
3,200,0.504827,0.027927,74.383296
4,200,0.504827,0.029226,74.383296
5,200,0.504827,0.029226,74.335749
6,200,0.504827,0.029055,74.260258
7,200,0.504827,0.028667,74.403783
8,200,0.504827,0.028875,74.531822
9,200,0.504827,0.028393,74.531822
10,200,0.504827,0.028393,74.389493
1,201,0.504827,0.024300,90.455886
2,201,0.504827,0.025093,89.928736
3,201,0.504827,0.024323,90.857327
4,201,0.504827,0.024323,90.857327
5,201,0.504827,0.024323,90.651805
6,201,0.504827,0.024465,90.668499
7,201,0.504827,0.023941,90.989776
8,201,0.504827,0.023545,90.989776
9,201,0.504827,0.023545,90.720981
10,201,0.504827,0.022835,90.898335
1,202,0.504827,0.016721,85.479455
2,202,0.504827,0.016629,86.024173
3,202,0.504827,0.016635,85.467981
4,202,0.504827,0.016831,85.016512
5,202,0.504827,0.017062,85.016512
6,202,0.504827,0.017415,85.413729
7,202,0.504827,0.016988,85.155744
8,202,0.504827,0.016988,84.945147
9,202,0.504827,0.016796,84.707635
10,202,0.504827,0.017308,84.131939
1,203,0.504827,0.028923,73.525198
2,203,0.504827,0.028501,73.529851
3,203,0.504827,0.028501,73.529851
4,203,0.504827,0.028731,73.720981
5,203,0.504827,0.028565,73.760508
6,203,0.504827,0.028565,73.760508
7,203,0.504827,0.028565,73.760508
8,203,0.504827,0.027643,73.524327
9,203,0.504827,0.028378,73.524327
10,203,0.504827,0.028504,73.759776
1,204,0.504827,0.029356,72.907796
2,204,0.504827,0.029057,72.907796
3,204,0.504827,0.029282,72.920929
4,204,0.504827,0.029282,72.920929
5,204,0.504827,0.028030,72.926257
6,204,0.504827,0.029525,72.560420
7,204,0.504827,0.029525,72.560420
8,204,0.504827,0.029606,72.383371
9,204,0.504827,0.032114,72.383371
10,204,0.504827,0.032424,72.382988
1,205,0.504827,0.129177,72.190898
2,205,0.504827,0.129177,72.331375
3,205,0.504827,0.124480,72.331375
4,205,0.504827,0.124480,72.331375
5,205,0.504827,0.124480,72.331375
6,205,0.504827,0.124480,72.311442
7,205,0.504827,0.114664,72.311442
8,205,0.504827,0.114664,72.311442
9,205,0.504827,0.123037,72.311442
10,205,0.504827,0.123037,72.311442
1,206,0.504827,0.060950,82.049511
2,206,0.504827,0.060950,82.049511
3,206,0.504827,0.060950,82.062140
4,206,0.504827,0.062535,82.062140
5,206,0.504827,0.061754,82.062140
6,206,0.504827,0.061775,82.184755
7,206,0.504827,0.062531,81.980741
8,206,0.504827,0.062531,82.003856
9,206,0.504827,0.062600,82.004236
10,206,0.504827,0.067962,82.226467
1,207,0.504827,0.036166,82.290284
2,207,0.504827,0.035566,82.371345
3,207,0.504827,0.032975,82.426581
4,207,0.504827,0.032932,82.523884
5,207,0.504827,0.032184,82.278010
6,207,0.504827,0.034931,82.349146
7,207,0.504827,0.033576,82.319904
8,207,0.504827,0.034175,82.100758
9,207,0.504827,0.035858,82.100758
10,207,0.504827,0.035144,82.313589
1,208,0.504827,0.053502,84.427492
2,208,0.504827,0.053848,84.297881
3,208,0.504827,0.060093,82.712472
4,208,0.504827,0.060093,82.797402
5,208,0.504827,0.055456,83.923333
6,208,0.504827,0.054130,84.213915
7,208,0.504827,0.051958,84.439397
8,208,0.504827,0.051958,84.439397
9,208,0.504827,0.052242,83.930170
10,208,0.504827,0.053707,83.930170
1,209,0.504827,0.060840,79.349105
2,209,0.504827,0.056309,78.743079
3,209,0.504827,0.057930,78.693493
4,209,0.504827,0.057706,78.906247
5,209,0.504827,0.057706,78.906247
6,209,0.504827,0.062884,79.285901
7,209,0.504827,0.063568,79.514061
8,209,0.504827,0.063872,79.092750
9,209,0.504827,0.064512,79.638285
10,209,0.504827,0.063080,79.295312
1,210,0.504827,0.022377,75.732181
2,210,0.504827,0.020702,75.549916
3,210,0.504827,0.020702,75.549916
4,210,0.504827,0.021762,75.778013
5,210,0.504827,0.021260,76.082422
6,210,0.504827,0.021594,75.485615
7,210,0.504827,0.021385,75.552557
8,210,0.504827,0.021514,75.620256
9,210,0.504827,0.022847,75.473348
10,210,0.504827,0.021606,75.848008
1,211,0.504827,0.025101,80.314393
2,211,0.504827,0.024861,80.305441
3,211,0.504827,0.025428,79.952074
4,211,0.504827,0.025428,80.054844
5,211,0.504827,0.025979,79.961332
6,211,0.504827,0.026073,80.184457
7,211,0.504827,0.024782,80.137228
8,211,0.504827,0.025036,79.969811
9,211,0.504827,0.024719,79.967607
10,211,0.504827,0.024719,79.967607
1,212,0.504827,0.068774,66.531395
2,212,0.504827,0.068774,66.531395
3,212,0.504827,0.067431,66.290581
4,212,0.504827,0.070585,66.641769
5,212,0.504827,0.066810,66.413619
6,212,0.504827,0.068291,66.638654
7,212,0.504827,0.066087,66.226430
8,212,0.504827,0.068424,66.226430
9,212,0.504827,0.066919,66.385740
10,212,0.504827,0.066919,66.385740
1,213,0.504827,0.040000,83.672021
2,213,0.504827,0.040127,83.921154
3,213,0.504827,0.040127,83.921154
4,213,0.504827,0.040106,83.874354
5,213,0.504827,0.040612,83.592637
6,213,0.504827,0.040226,83.696908
7,213,0.504827,0.039276,83.591212
8,213,0.504827,0.043078,83.546984
9,213,0.504827,0.043078,83.759897
10,213,0.504827,0.039067,83.988676
1,214,0.504827,0.087547,81.592713
2,214,0.504827,0.087862,81.592713
3,214,0.504827,0.084371,81.398214
4,214,0.504827,0.081658,81.398214
5,214,0.504827,0.084127,81.491797
6,214,0.504827,0.083010,81.387121
7,214,0.504827,0.079654,81.387121
8,214,0.504827,0.080553,81.387121
9,214,0.504827,0.085773,81.387121
10,214,0.504827,0.083459,81.387121
1,215,0.504827,0.087713,65.171070
2,215,0.504827,0.087713,65.171070
3,215,0.504827,0.089775,65.171070
4,215,0.504827,0.089775,65.171070
5,215,0.504827,0.093825,65.171070
6,215,0.504827,0.089803,65.171070
7,215,0.504827,0.089492,65.221076
8,215,0.504827,0.089492,65.206269
9,215,0.504827,0.089492,65.259957
10,215,0.504827,0.088365,65.158324
1,216,0.504827,0.055208,76.744220
2,216,0.504827,0.056045,76.744220
3,216,0.504827,0.052919,76.911680
4,216,0.504827,0.053947,76.816999
5,216,0.504827,0.053293,76.965730
6,216,0.504827,0.055523,76.849667
7,216,0.504827,0.055523,76.849667
8,216,0.504827,0.053409,76.859390
9,216,0.504827,0.055428,76.831951
10,216,0.504827,0.055659,76.831951
1,217,0.504827,0.092979,70.494904
2,217,0.504827,0.092788,70.196571
3,217,0.504827,0.091243,69.935908
4,217,0.504827,0.091770,70.350224
5,217,0.504827,0.092505,69.994921
6,217,0.504827,0.097039,70.594676
7,217,0.504827,0.099905,70.562205
8,217,0.504827,0.102618,71.007172
9,217,0.504827,0.108223,71.015320
10,217,0.504827,0.105419,71.251536
1,218,0.504827,0.046961,77.065144
2,218,0.504827,0.047951,76.983459
3,218,0.504827,0.047951,76.983459
4,218,0.504827,0.047951,76.983459
5,218,0.504827,0.044705,76.983459
6,218,0.504827,0.048984,76.814928
7,218,0.504827,0.048984,76.814928
8,218,0.504827,0.046052,76.814928
9,218,0.504827,0.046052,76.814928
10,218,0.504827,0.046259,76.998607
1,219,0.504827,0.031519,85.180611
2,219,0.504827,0.031519,85.010654
3,219,0.504827,0.034478,84.132700
4,219,0.504827,0.034687,83.758654
5,219,0.504827,0.032406,85.014815
6,219,0.504827,0.032673,84.538932
7,219,0.504827,0.032673,84.748729
8,219,0.504827,0.032503,84.424543
9,219,0.504827,0.032532,85.270496
10,219,0.504827,0.032532,85.270496
1,220,0.504827,0.058055,77.992432
2,220,0.504827,0.059091,77.945758
3,220,0.504827,0.059249,77.945758
4,220,0.504827,0.058462,78.010925
5,220,0.504827,0.057465,78.072294
6,220,0.504827,0.057465,78.072294
7,220,0.504827,0.057465,78.072294
8,220,0.504827,0.058441,77.897341
9,220,0.504827,0.057109,78.169947
10,220,0.504827,0.056354,78.073194
1,221,0.504827,0.025673,78.164133
2,221,0.504827,0.026282,78.374621
3,221,0.504827,0.026282,78.374621
4,221,0.504827,0.025867,78.218220
5,221,0.504827,0.025867,78.566804
6,221,0.504827,0.024199,78.368914
7,221,0.504827,0.024514,78.466771
8,221,0.504827,0.025801,78.181118
9,221,0.504827,0.025394,78.089441
10,221,0.504827,0.025487,78.091699
1,222,0.504827,0.064521,83.725242
2,222,0.504827,0.064264,83.593715
3,222,0.504827,0.070996,83.375362
4,222,0.504827,0.068863,82.593209
5,222,0.504827,0.070651,83.347023
6,222,0.504827,0.071831,82.989348
7,222,0.504827,0.068678,83.194557
8,222,0.504827,0.063904,84.124405
9,222,0.504827,0.064976,83.494342
10,222,0.504827,0.063983,83.376932
1,223,0.504827,0.022644,80.930250
2,223,0.504827,0.022637,80.762238
3,223,0.504827,0.022513,80.865438
4,223,0.504827,0.022509,80.830644
5,223,0.504827,0.022217,81.358638
6,223,0.504827,0.023329,80.988630
7,223,0.504827,0.022249,81.624183
8,223,0.504827,0.022041,81.624183
9,223,0.504827,0.022439,81.150256
10,223,0.504827,0.022777,81.073543
1,224,0.504827,0.016582,93.927641
2,224,0.504827,0.016281,94.265775
3,224,0.504827,0.016281,94.660791
4,224,0.504827,0.015216,96.000699
5,224,0.504827,0.015216,96.000699
6,224,0.504827,0.015254,96.785255
7,224,0.504827,0.015603,95.903549
8,224,0.504827,0.015670,96.422737
9,224,0.504827,0.015670,96.802322
10,224,0.504827,0.015270,96.541510
1,225,0.504827,0.012907,90.922980
2,225,0.504827,0.012744,91.325271
3,225,0.504827,0.012803,91.838921
4,225,0.504827,0.012803,91.433713
5,225,0.504827,0.013106,90.848292
6,225,0.504827,0.013114,90.895268
7,225,0.504827,0.013344,90.884630
8,225,0.504827,0.012665,91.136773
9,225,0.504827,0.012800,91.959942
10,225,0.504827,0.012410,91.959942
1,226,0.504827,0.063580,68.454687
2,226,0.504827,0.063580,68.454687
3,226,0.504827,0.063182,68.454687
4,226,0.504827,0.064073,68.404490
5,226,0.504827,0.061194,68.401655
6,226,0.504827,0.063625,68.401655
7,226,0.504827,0.065622,68.435074
8,226,0.504827,0.067987,68.563024
9,226,0.504827,0.063405,68.563024
10,226,0.504827,0.063405,68.516801
1,227,0.504827,0.022640,81.583196
2,227,0.504827,0.022190,82.047445
3,227,0.504827,0.022190,82.047445
4,227,0.504827,0.022448,82.021407
5,227,0.504827,0.021347,82.521665
6,227,0.504827,0.022005,82.521665
7,227,0.504827,0.022071,82.404553
8,227,0.504827,0.021685,82.575928
9,227,0.504827,0.021926,82.072812
10,227,0.504827,0.021926,82.072812
1,228,0.504827,0.023125,81.576783
2,228,0.504827,0.023771,81.251186
3,228,0.504827,0.023771,81.128956
4,228,0.504827,0.024353,80.988573
5,228,0.504827,0.024297,81.211377
6,228,0.504827,0.024297,81.211377
7,228,0.504827,0.024843,81.006602
8,228,0.504827,0.024843,81.006602
9,228,0.504827,0.024952,80.962314
10,228,0.504827,0.024952,80.809592
1,229,0.504827,0.026619,74.895916
2,229,0.504827,0.026619,74.895916
3,229,0.504827,0.026619,74.840950
4,229,0.504827,0.025794,74.810308
5,229,0.504827,0.025944,74.772122
6,229,0.504827,0.026232,74.381207
7,229,0.504827,0.025535,74.795715
8,229,0.504827,0.025535,74.795715
9,229,0.504827,0.025414,74.795715
10,229,0.504827,0.025608,74.795715
1,230,0.504827,0.051927,87.280188
2,230,0.504827,0.053574,87.304350
3,230,0.504827,0.053246,86.948555
4,230,0.504827,0.053246,86.948555
5,230,0.504827,0.053133,86.716457
6,230,0.504827,0.054901,87.082307
7,230,0.504827,0.055752,86.871786
8,230,0.504827,0.055066,86.599867
9,230,0.504827,0.056746,86.513401
10,230,0.504827,0.055335,86.918889
1,231,0.504827,0.045630,75.210232
2,231,0.504827,0.044400,75.524047
3,231,0.504827,0.045454,75.044933
4,231,0.504827,0.048691,75.044933
5,231,0.504827,0.048691,75.044933
6,231,0.504827,0.049271,74.912024
7,231,0.504827,0.046773,74.967298
8,231,0.504827,0.046978,74.836770
9,231,0.504827,0.045180,75.313364
10,231,0.504827,0.045114,75.313364
1,232,0.504827,0.075468,74.426982
2,232,0.504827,0.075468,74.426982
3,232,0.504827,0.075844,74.442370
4,232,0.504827,0.075844,74.473365
5,232,0.504827,0.077005,74.389061
6,232,0.504827,0.071621,74.208464
7,232,0.504827,0.073190,74.315956
8,232,0.504827,0.073380,74.315956
9,232,0.504827,0.071062,74.315956
10,232,0.504827,0.072358,74.315956
1,233,0.504827,0.060349,68.489634
2,233,0.504827,0.060444,68.555871
3,233,0.504827,0.058918,68.657389
4,233,0.504827,0.059733,68.657389
5,233,0.504827,0.058739,68.593048
6,233,0.504827,0.060801,68.593048
7,233,0.504827,0.060801,68.593048
8,233,0.504827,0.060801,68.593048
9,233,0.504827,0.060078,68.593048
10,233,0.504827,0.060078,68.593048
1,234,0.504827,0.041269,69.333471
2,234,0.504827,0.041269,69.290390
3,234,0.504827,0.041269,69.290390
4,234,0.504827,0.040956,69.187528
5,234,0.504827,0.042179,69.263430
6,234,0.504827,0.040419,69.263430
7,234,0.504827,0.040419,69.263430
8,234,0.504827,0.040419,69.263430
9,234,0.504827,0.043245,69.263430
10,234,0.504827,0.040051,69.263430
1,235,0.504827,0.028084,72.153691
2,235,0.504827,0.028084,72.444513
3,235,0.504827,0.028084,72.192411
4,235,0.504827,0.027882,72.166405
5,235,0.504827,0.027882,72.166405
6,235,0.504827,0.026752,71.861164
7,235,0.504827,0.026752,71.655377
8,235,0.504827,0.027262,72.093494
9,235,0.504827,0.027262,72.540093
10,235,0.504827,0.026611,72.633111
1,236,0.504827,0.043249,77.710682
2,236,0.504827,0.045544,77.710682
3,236,0.504827,0.047049,78.095425
4,236,0.504827,0.044879,77.908374
5,236,0.504827,0.044879,77.908374
6,236,0.504827,0.044879,77.555335
7,236,0.504827,0.045030,77.555335
8,236,0.504827,0.044123,77.688462
9,236,0.504827,0.046124,77.745181
10,236,0.504827,0.044148,77.734010
1,237,0.504827,0.061154,64.400542
2,237,0.504827,0.061154,64.400542
3,237,0.504827,0.061154,64.400542
4,237,0.504827,0.064263,64.731865
5,237,0.504827,0.064263,64.731865
6,237,0.504827,0.065037,64.731865
7,237,0.504827,0.065037,64.741206
8,237,0.504827,0.065037,64.706088
9,237,0.504827,0.065019,64.830393
10,237,0.504827,0.061797,64.705221
1,238,0.504827,0.055822,80.303181
2,238,0.504827,0.050860,80.582275
3,238,0.504827,0.049294,80.992206
4,238,0.504827,0.048948,81.249896
5,238,0.504827,0.047035,81.391708
6,238,0.504827,0.045878,81.455305
7,238,0.504827,0.048546,81.116215
8,238,0.504827,0.048546,81.116215
9,238,0.504827,0.048546,81.116215
10,238,0.504827,0.047311,81.283619
1,239,0.504827,0.037486,80.011673
2,239,0.504827,0.037860,80.077689
3,239,0.504827,0.037860,80.077689
4,239,0.504827,0.037860,80.077689
5,239,0.504827,0.038160,79.979307
6,239,0.504827,0.037932,79.984665
7,239,0.504827,0.037235,80.250338
8,239,0.504827,0.037673,80.381360
9,239,0.504827,0.037673,80.381360
10,239,0.504827,0.038464,80.436980
1,240,0.504827,0.023037,79.721385
2,240,0.504827,0.022741,79.768871
3,240,0.504827,0.023424,79.725775
4,240,0.504827,0.023434,79.737009
5,240,0.504827,0.023434,79.737009
6,240,0.504827,0.022636,79.777973
7,240,0.504827,0.022636,79.907534
8,240,0.504827,0.022771,80.076600
9,240,0.504827,0.023614,79.455897
10,240,0.504827,0.023213,79.630457
1,241,0.504827,0.032962,67.339235
2,241,0.504827,0.033672,67.169486
3,241,0.504827,0.033672,67.586924
4,241,0.504827,0.033093,67.379704
5,241,0.504827,0.033093,67.379704
6,241,0.504827,0.033552,67.379704
7,241,0.504827,0.033552,67.266736
8,241,0.504827,0.034517,67.266736
9,241,0.504827,0.033645,67.266736
10,241,0.504827,0.032729,67.269950
1,242,0.504827,0.036490,78.483965
2,242,0.504827,0.036287,78.483965
3,242,0.504827,0.036849,78.529740
4,242,0.504827,0.036922,78.468907
5,242,0.504827,0.034376,78.468907
6,242,0.504827,0.034770,78.468907
7,242,0.504827,0.038066,78.368503
8,242,0.504827,0.038066,78.368503
9,242,0.504827,0.037168,78.267296
10,242,0.504827,0.037168,78.267296
1,243,0.504827,0.028875,87.850401
2,243,0.504827,0.030289,87.597745
3,243,0.504827,0.030058,87.446855
4,243,0.504827,0.029823,87.106719
5,243,0.504827,0.030293,87.600145
6,243,0.504827,0.029200,87.776137
7,243,0.504827,0.029200,87.765605
8,243,0.504827,0.029064,87.957154
9,243,0.504827,0.028256,88.399112
10,243,0.504827,0.028256,88.399112
1,244,0.504827,0.023756,81.405615
2,244,0.504827,0.025064,81.092658
3,244,0.504827,0.024878,81.092658
4,244,0.504827,0.024878,80.986243
5,244,0.504827,0.025035,81.183715
6,244,0.504827,0.025035,81.303521
7,244,0.504827,0.026073,80.989407
8,244,0.504827,0.024842,81.498669
9,244,0.504827,0.024261,81.412788
10,244,0.504827,0.023945,81.412788
1,245,0.504827,0.022837,72.353421
2,245,0.504827,0.023594,72.418933
3,245,0.504827,0.022857,71.924231
4,245,0.504827,0.023371,72.466922
5,245,0.504827,0.023371,72.384635
6,245,0.504827,0.023433,72.345352
7,245,0.504827,0.023433,72.065686
8,245,0.504827,0.023194,72.369313
9,245,0.504827,0.023194,72.369313
10,245,0.504827,0.022684,72.720716
1,246,0.504827,0.064440,73.140038
2,246,0.504827,0.064440,73.140038
3,246,0.504827,0.062909,73.140038
4,246,0.504827,0.062909,73.140038
5,246,0.504827,0.062447,73.181401
6,246,0.504827,0.062384,73.273575
7,246,0.504827,0.062384,73.089715
8,246,0.504827,0.062384,73.089715
9,246,0.504827,0.065804,73.203457
10,246,0.504827,0.061639,73.203457
1,247,0.504827,0.017969,84.368014
2,247,0.504827,0.018634,84.525261
3,247,0.504827,0.018514,84.506387
4,247,0.504827,0.018514,84.152802
5,247,0.504827,0.019014,84.186909
6,247,0.504827,0.018063,84.343147
7,247,0.504827,0.018045,84.290547
8,247,0.504827,0.018202,83.863878
9,247,0.504827,0.018289,84.361280
10,247,0.504827,0.019304,84.264783
1,248,0.504827,0.037885,76.156095
2,248,0.504827,0.039756,76.087659
3,248,0.504827,0.039756,76.087659
4,248,0.504827,0.039356,75.921230
5,248,0.504827,0.038491,76.077299
6,248,0.504827,0.038971,76.089473
7,248,0.504827,0.037513,76.089473
8,248,0.504827,0.037513,76.089473
9,248,0.504827,0.037513,76.089473
10,248,0.504827,0.036964,76.231242
1,249,0.504827,0.054561,65.475768
2,249,0.504827,0.054561,65.475768
3,249,0.504827,0.055604,65.603672
4,249,0.504827,0.056198,65.298336
5,249,0.504827,0.053976,65.408686
6,249,0.504827,0.054273,65.408686
7,249,0.504827,0.053056,65.238256
8,249,0.504827,0.054720,65.354235
9,249,0.504827,0.054720,65.654829
10,249,0.504827,0.053971,65.463921
1,250,0.504827,0.054911,66.057071
2,250,0.504827,0.059435,66.166110
3,250,0.504827,0.059435,66.166110
4,250,0.504827,0.057154,66.166110
5,250,0.504827,0.057964,66.121363
6,250,0.504827,0.057964,66.071626
7,250,0.504827,0.057964,66.071626
8,250,0.504827,0.057964,66.071626
9,250,0.504827,0.057964,66.071626
10,250,0.504827,0.057964,66.310335