id,eta_p0_SAEM,eta_alpha_SAEM,eta_tau_SAEM,eta_p0_mean,eta_alpha_mean,eta_tau_mean,eta_p0_sd,eta_alpha_sd,eta_tau_sd
1,0.000000,-0.229376,0.108061,0.000000,-0.223830,0.112100,0.000000,0.037490,0.200226
2,0.000000,0.197501,3.011091,0.000000,0.199790,3.024043,0.000000,0.029604,0.199644
3,0.000000,-0.520531,1.339673,0.000000,-0.517109,1.343177,0.000000,0.042644,0.231004
4,0.000000,0.221006,-7.957766,0.000000,0.234846,-7.878898,0.000000,0.030349,0.202428
5,0.000000,-0.201225,4.848861,0.000000,-0.201012,4.842535,0.000000,0.030739,0.222541
6,0.000000,0.644769,-10.045039,0.000000,0.661109,-9.930287,0.000000,0.057584,0.455450
7,0.000000,0.077824,-7.916659,0.000000,0.083608,-7.890428,0.000000,0.020124,0.160755
8,0.000000,0.096371,-12.333025,0.000000,0.099468,-12.332100,0.000000,0.024946,0.201098
9,0.000000,0.191640,-6.909533,0.000000,0.190093,-6.926927,0.000000,0.029073,0.173086
10,0.000000,-0.641506,4.326243,0.000000,-0.642559,4.313031,0.000000,0.039030,0.240441
11,0.000000,0.826795,-4.861845,0.000000,0.810597,-4.841041,0.000000,0.062105,0.159371
12,0.000000,0.007666,4.507848,0.000000,0.009976,4.490493,0.000000,0.036059,0.201624
13,0.000000,0.428772,0.036512,0.000000,0.439135,0.060876,0.000000,0.019670,0.098205
14,0.000000,0.773326,-1.891928,0.000000,0.770879,-1.905647,0.000000,0.023995,0.146501
15,0.000000,0.315157,10.885237,0.000000,0.307029,10.834321,0.000000,0.052206,0.154732
16,0.000000,-0.066118,-12.501072,0.000000,-0.052178,-12.395820,0.000000,0.027217,0.253359
17,0.000000,0.271303,1.059325,0.000000,0.271123,1.048032,0.000000,0.021532,0.135196
18,0.000000,-0.012505,-13.317179,0.000000,-0.011691,-13.317592,0.000000,0.024742,0.243945
19,0.000000,0.054203,5.227639,0.000000,0.050360,5.184648,0.000000,0.021330,0.153404
20,0.000000,-0.016487,-6.705602,0.000000,-0.012104,-6.677755,0.000000,0.023346,0.240601
21,0.000000,0.085245,-4.420072,0.000000,0.087642,-4.397902,0.000000,0.028652,0.237474
22,0.000000,-0.980633,5.026606,0.000000,-0.953160,4.889523,0.000000,0.071942,0.469699
23,0.000000,-0.294662,-2.876778,0.000000,-0.301279,-2.971157,0.000000,0.029936,0.305245
24,0.000000,-1.200105,3.884901,0.000000,-1.205859,3.810162,0.000000,0.059899,0.462580
25,0.000000,-0.226880,3.370140,0.000000,-0.241788,3.337308,0.000000,0.060545,0.231602
26,0.000000,0.595344,5.078914,0.000000,0.651922,4.980020,0.000000,0.114165,0.210912
27,0.000000,-0.310417,-3.207507,0.000000,-0.307790,-3.211989,0.000000,0.029592,0.326377
28,0.000000,0.265452,1.452200,0.000000,0.265835,1.423685,0.000000,0.023652,0.208199
29,0.000000,0.622182,8.347636,0.000000,0.625588,8.351449,0.000000,0.024839,0.089708
30,0.000000,-0.415697,-4.149743,0.000000,-0.417800,-4.187275,0.000000,0.023217,0.319325
31,0.000000,0.493090,-5.863916,0.000000,0.493784,-5.859883,0.000000,0.029278,0.126361
32,0.000000,0.366290,2.059357,0.000000,0.370725,2.080791,0.000000,0.028448,0.179824
33,0.000000,-0.268835,1.684488,0.000000,-0.260822,1.615167,0.000000,0.067696,0.280660
34,0.000000,0.140033,-4.045585,0.000000,0.140538,-4.065976,0.000000,0.018055,0.124738
35,0.000000,0.123299,2.697601,0.000000,0.127860,2.690333,0.000000,0.031329,0.120847
36,0.000000,-0.040240,-2.921821,0.000000,-0.042812,-2.973224,0.000000,0.023971,0.214655
37,0.000000,-0.355026,-8.059900,0.000000,-0.357757,-8.109631,0.000000,0.031634,0.336763
38,0.000000,0.612836,-2.839318,0.000000,0.607074,-2.906816,0.000000,0.032257,0.338875
39,0.000000,-0.078313,1.379214,0.000000,-0.077267,1.343426,0.000000,0.024791,0.228929
40,0.000000,0.595860,-4.992574,0.000000,0.601538,-4.975289,0.000000,0.025637,0.100752
41,0.000000,-0.334980,-2.059357,0.000000,-0.337392,-2.098693,0.000000,0.036823,0.235121
42,0.000000,0.914591,-0.195397,0.000000,0.909441,-0.220928,0.000000,0.019445,0.082455
43,0.000000,0.460762,1.425867,0.000000,0.450838,1.369102,0.000000,0.031724,0.161081
44,0.000000,0.095534,-10.761910,0.000000,0.120630,-10.531346,0.000000,0.028607,0.256833
45,0.000000,0.474637,1.014357,0.000000,0.488537,1.069091,0.000000,0.034485,0.166588
46,0.000000,0.155584,-3.162175,0.000000,0.158880,-3.145686,0.000000,0.020000,0.167134
47,0.000000,0.422443,0.907325,0.000000,0.428799,0.931472,0.000000,0.018385,0.090104
48,0.000000,-0.341193,3.261359,0.000000,-0.340754,3.238149,0.000000,0.022119,0.200526
49,0.000000,0.383197,4.774824,0.000000,0.376707,4.739481,0.000000,0.079583,0.182751
50,0.000000,0.572300,1.476923,0.000000,0.573362,1.451697,0.000000,0.018834,0.137435
51,0.000000,0.096281,-2.257292,0.000000,0.086272,-2.342132,0.000000,0.020629,0.162888
52,0.000000,0.411109,-3.607576,0.000000,0.410562,-3.624508,0.000000,0.017811,0.111415
53,0.000000,0.338460,-4.096163,0.000000,0.416908,-3.405080,0.000000,0.089320,0.705153
54,0.000000,-0.057038,2.748633,0.000000,-0.056389,2.733623,0.000000,0.024432,0.205724
55,0.000000,0.638831,-6.245985,0.000000,0.634825,-6.269223,0.000000,0.020201,0.104464
56,0.000000,0.503909,1.728736,0.000000,0.505337,1.672525,0.000000,0.036824,0.375487
57,0.000000,0.053044,0.085148,0.000000,0.056290,0.070718,0.000000,0.027909,0.210766
58,0.000000,-0.533378,-10.597022,0.000000,-0.531230,-10.545626,0.000000,0.025725,0.316133
59,0.000000,0.132017,7.079196,0.000000,0.130344,7.060624,0.000000,0.026486,0.201207
60,0.000000,0.653128,2.434261,0.000000,0.652075,2.409641,0.000000,0.031472,0.163947
61,0.000000,0.569503,-5.958524,0.000000,0.560814,-5.990304,0.000000,0.037638,0.113709
62,0.000000,0.805798,12.168311,0.000000,0.803964,12.154709,0.000000,0.037052,0.126905
63,0.000000,-0.619686,-7.150472,0.000000,-0.622264,-7.212085,0.000000,0.024151,0.410519
64,0.000000,0.045308,1.673310,0.000000,0.049573,1.672533,0.000000,0.024854,0.173824
65,0.000000,0.044620,8.707215,0.000000,0.040740,8.673608,0.000000,0.024730,0.161821
66,0.000000,0.597488,1.557014,0.000000,0.598004,1.537745,0.000000,0.025510,0.176351
67,0.000000,-0.114322,16.810559,0.000000,0.017672,15.460719,0.000000,0.183164,1.581688
68,0.000000,-0.467028,3.546798,0.000000,-0.448555,3.691606,0.000000,0.040435,0.397092
69,0.000000,-0.233143,5.116646,0.000000,-0.230628,5.126898,0.000000,0.034379,0.237933
70,0.000000,-0.542294,3.661604,0.000000,-0.541292,3.655179,0.000000,0.027324,0.239598
71,0.000000,-0.874401,3.730761,0.000000,-0.873816,3.745828,0.000000,0.057056,0.337417
72,0.000000,-0.753793,-4.582118,0.000000,-0.748509,-4.583893,0.000000,0.041068,0.364405
73,0.000000,0.082397,-0.680740,0.000000,0.097866,-0.599312,0.000000,0.033925,0.247420
74,0.000000,0.220417,5.582053,0.000000,0.220353,5.571248,0.000000,0.035964,0.116654
75,0.000000,-0.665302,-1.172016,0.000000,-0.659532,-1.144240,0.000000,0.037789,0.279351
76,0.000000,0.109013,3.268881,0.000000,0.123170,3.208318,0.000000,0.099219,0.382044
77,0.000000,0.267569,-7.543645,0.000000,0.265043,-7.516439,0.000000,0.023383,0.180698
78,0.000000,0.591471,5.860571,0.000000,0.575033,5.761505,0.000000,0.034361,0.185047
79,0.000000,-0.432217,-3.842451,0.000000,-0.416303,-3.734828,0.000000,0.026826,0.270621
80,0.000000,0.413563,15.732494,0.000000,0.536982,14.365882,0.000000,0.303642,2.496948
81,0.000000,-0.392625,-7.891291,0.000000,-0.397897,-7.976266,0.000000,0.045664,0.508445
82,0.000000,-0.273218,0.137962,0.000000,-0.283780,0.041932,0.000000,0.046952,0.311208
83,0.000000,-0.230245,-0.450092,0.000000,-0.222860,-0.493493,0.000000,0.106863,0.259936
84,0.000000,-0.397687,-7.353792,0.000000,-0.365449,-7.001579,0.000000,0.047861,0.521116
85,0.000000,-1.021564,-2.837862,0.000000,-0.983606,-2.622644,0.000000,0.104918,0.647891
86,0.000000,0.282247,4.411896,0.000000,0.281418,4.411263,0.000000,0.022327,0.170622
87,0.000000,0.608238,-6.590702,0.000000,0.613079,-6.596038,0.000000,0.036593,0.124071
88,0.000000,-0.051667,-0.721516,0.000000,-0.057612,-0.782924,0.000000,0.028857,0.309090
89,0.000000,-0.055210,-12.720988,0.000000,-0.053654,-12.712387,0.000000,0.018507,0.178518
90,0.000000,0.372956,8.121891,0.000000,0.375620,8.117661,0.000000,0.048245,0.132920
91,0.000000,-0.091450,8.307011,0.000000,-0.086053,8.239638,0.000000,0.152314,1.204770
92,0.000000,-0.463192,-9.064877,0.000000,-0.463848,-9.124758,0.000000,0.027385,0.277817
93,0.000000,-0.136246,-9.717545,0.000000,-0.127849,-9.637757,0.000000,0.027861,0.328738
94,0.000000,0.043470,8.751167,0.000000,0.039691,8.717724,0.000000,0.058143,0.356869
95,0.000000,-0.103070,-6.475395,0.000000,-0.109542,-6.557294,0.000000,0.026100,0.243896
96,0.000000,0.200797,-3.503525,0.000000,0.201346,-3.511368,0.000000,0.032756,0.343868
97,0.000000,0.015655,1.153604,0.000000,0.016661,1.149172,0.000000,0.031887,0.221063
98,0.000000,0.416317,-7.179271,0.000000,0.420836,-7.170761,0.000000,0.026703,0.180904
99,0.000000,-0.099674,6.272141,0.000000,-0.100504,6.260607,0.000000,0.055840,0.256839
100,0.000000,0.364052,-2.109589,0.000000,0.367876,-2.108983,0.000000,0.029333,0.147628
101,0.000000,0.627860,-2.596906,0.000000,0.620486,-2.643378,0.000000,0.037128,0.123608
102,0.000000,0.015431,5.143101,0.000000,-0.021622,5.411700,0.000000,0.152402,1.239104
103,0.000000,0.040181,11.187258,0.000000,0.102246,10.908670,0.000000,0.134954,0.578904
104,0.000000,0.453050,-3.836524,0.000000,0.447081,-3.888192,0.000000,0.020286,0.121952
105,0.000000,0.045267,10.764152,0.000000,0.067341,10.714051,0.000000,0.092763,0.266582
106,0.000000,1.183186,3.789326,0.000000,1.197392,3.804212,0.000000,0.036955,0.078389
107,0.000000,-0.701879,-14.541061,0.000000,-0.665770,-13.981017,0.000000,0.053313,0.850328
108,0.000000,0.720227,-1.496306,0.000000,0.694267,-1.528122,0.000000,0.079239,0.148921
109,0.000000,0.406180,-3.063590,0.000000,0.403627,-3.088593,0.000000,0.036199,0.140712
110,0.000000,-0.672378,-8.914960,0.000000,-0.718599,-9.507597,0.000000,0.047246,0.593647
111,0.000000,0.216126,-13.850958,0.000000,0.230168,-13.791219,0.000000,0.052830,0.229498
112,0.000000,-0.504073,-3.696160,0.000000,-0.489514,-3.609901,0.000000,0.046825,0.338709
113,0.000000,0.296814,-1.469834,0.000000,0.300147,-1.463110,0.000000,0.022463,0.139609
114,0.000000,-0.835210,-6.979962,0.000000,-0.852475,-7.157414,0.000000,0.049756,0.503268
115,0.000000,-0.140341,-0.982719,0.000000,-0.139160,-0.971300,0.000000,0.029353,0.304186
116,0.000000,0.218998,-7.539477,0.000000,0.219264,-7.559939,0.000000,0.019280,0.158368
117,0.000000,0.145772,9.739502,0.000000,0.138591,9.691225,0.000000,0.056219,0.267736
118,0.000000,-0.820869,10.347845,0.000000,-0.921500,11.471413,0.000000,0.176550,1.956557
119,0.000000,1.098159,-5.219462,0.000000,1.082127,-5.299520,0.000000,0.042492,0.153122
120,0.000000,0.485554,13.922485,0.000000,0.485121,13.996389,0.000000,0.165526,0.849658
121,0.000000,0.000422,-3.424420,0.000000,-0.005600,-3.484735,0.000000,0.033794,0.186147
122,0.000000,-0.174775,12.690849,0.000000,-0.188017,12.711715,0.000000,0.064216,0.238007
123,0.000000,0.008335,15.404760,0.000000,0.039189,15.420915,0.000000,0.102764,0.235544
124,0.000000,-0.022994,9.171539,0.000000,-0.019250,9.185818,0.000000,0.049555,0.265765
125,0.000000,0.144326,4.114374,0.000000,0.134517,4.054861,0.000000,0.038625,0.237336
126,0.000000,-0.731520,-0.602344,0.000000,-0.723649,-0.616895,0.000000,0.034308,0.258757
127,0.000000,-0.468211,7.667771,0.000000,-0.478843,7.747912,0.000000,0.081520,0.413948
128,0.000000,-1.315426,6.518212,0.000000,-1.308425,6.548920,0.000000,0.080914,0.573361
129,0.000000,0.353782,13.472221,0.000000,0.366166,13.454824,0.000000,0.061812,0.160859
130,0.000000,-0.696018,10.774662,0.000000,-0.696013,10.710503,0.000000,0.045146,0.344189
131,0.000000,0.382617,-8.196909,0.000000,0.394028,-8.125742,0.000000,0.035573,0.261236
132,0.000000,-0.518444,-3.385091,0.000000,-0.522731,-3.458231,0.000000,0.037697,0.394671
133,0.000000,0.249248,0.740249,0.000000,0.250239,0.756875,0.000000,0.019941,0.151342
134,0.000000,0.405397,5.615837,0.000000,0.396939,5.617199,0.000000,0.113294,0.463185
135,0.000000,-0.838367,2.659392,0.000000,-0.836241,2.671059,0.000000,0.078645,0.360467
136,0.000000,1.334496,-0.066303,0.000000,1.302200,-0.085968,0.000000,0.078347,0.083170
137,0.000000,0.017815,4.412844,0.000000,0.028143,4.375939,0.000000,0.067792,0.217141
138,0.000000,1.377942,-3.005259,0.000000,1.345297,-3.076010,0.000000,0.128665,0.203447
139,0.000000,-0.392918,-16.583858,0.000000,-0.387972,-16.548069,0.000000,0.037759,0.540636
140,0.000000,-0.824235,6.534371,0.000000,-0.792778,6.399150,0.000000,0.152546,0.740566
141,0.000000,-0.321246,-1.197490,0.000000,-0.320633,-1.185214,0.000000,0.023947,0.302940
142,0.000000,0.107516,-12.547351,0.000000,0.107194,-12.563888,0.000000,0.029428,0.232777
143,0.000000,0.190471,4.594264,0.000000,0.188361,4.574406,0.000000,0.060963,0.176245
144,0.000000,-0.392467,-6.566963,0.000000,-0.393111,-6.619111,0.000000,0.035175,0.579339
145,0.000000,0.329700,11.118985,0.000000,0.441731,10.305646,0.000000,0.339191,3.174752
146,0.000000,0.134733,-3.138103,0.000000,0.132605,-3.155863,0.000000,0.027643,0.330163
147,0.000000,0.523952,-11.570531,0.000000,0.531481,-11.547040,0.000000,0.034857,0.205321
148,0.000000,-0.095731,-2.703330,0.000000,-0.102189,-2.845809,0.000000,0.024766,0.313956
149,0.000000,0.023274,1.730385,0.000000,0.027908,1.720238,0.000000,0.029558,0.127281
150,0.000000,-0.023620,1.908604,0.000000,-0.007372,1.905035,0.000000,0.069277,0.132173
151,0.000000,-1.022358,7.657031,0.000000,-1.045698,7.677551,0.000000,0.079664,0.382842
152,0.000000,-0.305142,-0.879943,0.000000,-0.310156,-0.942508,0.000000,0.021461,0.294856
153,0.000000,-0.023354,4.183018,0.000000,-0.022557,4.169331,0.000000,0.043966,0.192422
154,0.000000,0.743830,11.993441,0.000000,0.553502,12.661669,0.000000,0.313253,1.256436
155,0.000000,-0.521299,2.359030,0.000000,-0.515722,2.358275,0.000000,0.050150,0.302717
156,0.000000,0.043670,12.994190,0.000000,0.042765,12.994630,0.000000,0.038092,0.213858
157,0.000000,0.627718,-4.623790,0.000000,0.631596,-4.616435,0.000000,0.023609,0.158751
158,0.000000,-0.123315,-10.354008,0.000000,-0.125552,-10.415220,0.000000,0.018474,0.274315
159,0.000000,-0.125791,6.985750,0.000000,-0.123395,6.994031,0.000000,0.030579,0.295275
160,0.000000,-0.174808,2.605655,0.000000,-0.168514,2.614814,0.000000,0.037764,0.219316
161,0.000000,0.289402,5.756864,0.000000,0.308644,5.676051,0.000000,0.137998,0.320975
162,0.000000,-0.259945,16.401788,0.000000,-0.265448,16.366797,0.000000,0.103368,0.362182
163,0.000000,-0.542190,5.367301,0.000000,-0.534306,5.417206,0.000000,0.032504,0.389022
164,0.000000,-1.021770,4.245269,0.000000,-1.024591,4.194335,0.000000,0.038195,0.380533
165,0.000000,0.353603,-1.838753,0.000000,0.343725,-1.912709,0.000000,0.028186,0.166178
166,0.000000,-0.349957,3.782521,0.000000,-0.349148,3.750299,0.000000,0.038475,0.215059
167,0.000000,-1.508052,5.533577,0.000000,-1.497122,5.441705,0.000000,0.069795,0.636493
168,0.000000,1.031459,16.125697,0.000000,0.957981,17.150044,0.000000,0.275786,1.846590
169,0.000000,0.673571,-5.439747,0.000000,0.673373,-5.457079,0.000000,0.030727,0.129995
170,0.000000,0.072051,0.814200,0.000000,0.066789,0.753872,0.000000,0.024599,0.190829
171,0.000000,-1.002532,-3.699586,0.000000,-0.999943,-3.741221,0.000000,0.039888,0.408849
172,0.000000,-0.192481,-0.818815,0.000000,-0.190351,-0.814541,0.000000,0.040309,0.159540
173,0.000000,0.579055,-3.993766,0.000000,0.583759,-3.979505,0.000000,0.022176,0.106447
174,0.000000,-0.942617,-2.800470,0.000000,-0.943205,-2.820757,0.000000,0.035208,0.324130
175,0.000000,-0.504704,-3.025046,0.000000,-0.506177,-3.073460,0.000000,0.022533,0.242491
176,0.000000,0.031247,-5.929818,0.000000,0.023055,-5.998552,0.000000,0.029509,0.187271
177,0.000000,0.580143,10.788496,0.000000,0.484845,10.878269,0.000000,0.361294,4.420394
178,0.000000,0.043306,10.278639,0.000000,0.030014,10.148938,0.000000,0.084338,0.654307
179,0.000000,0.234242,-3.542384,0.000000,0.235497,-3.527916,0.000000,0.022022,0.192479
180,0.000000,-0.032952,-8.797311,0.000000,-0.034635,-8.818010,0.000000,0.032720,0.130166
181,0.000000,0.803190,2.284931,0.000000,0.806131,2.286126,0.000000,0.029341,0.165797
182,0.000000,-1.004686,-8.333335,0.000000,-1.010273,-8.436883,0.000000,0.054268,0.476454
183,0.000000,-0.357098,-0.504586,0.000000,-0.339416,-0.429025,0.000000,0.055188,0.302962
184,0.000000,0.000811,-1.149203,0.000000,0.000199,-1.159367,0.000000,0.019664,0.163237
185,0.000000,0.586860,4.013601,0.000000,0.589120,4.005014,0.000000,0.022710,0.114036
186,0.000000,0.105266,-0.509151,0.000000,0.101410,-0.528557,0.000000,0.032148,0.156137
187,0.000000,1.139917,-6.596690,0.000000,1.121609,-6.676163,0.000000,0.051962,0.198335
188,0.000000,0.140027,4.815715,0.000000,0.127990,4.707961,0.000000,0.035130,0.251260
189,0.000000,-0.707003,-1.657152,0.000000,-0.711527,-1.705297,0.000000,0.063357,0.342190
190,0.000000,0.859051,2.033881,0.000000,0.858158,2.018744,0.000000,0.024002,0.100210
191,0.000000,-0.169070,-0.234951,0.000000,-0.167476,-0.222617,0.000000,0.024561,0.179045
192,0.000000,0.357555,-11.094142,0.000000,0.344737,-11.181988,0.000000,0.038329,0.197432
193,0.000000,-0.639572,13.877096,0.000000,-0.655269,13.992237,0.000000,0.058504,0.411125
194,0.000000,0.260918,-2.546294,0.000000,0.271344,-2.487851,0.000000,0.028088,0.164364
195,0.000000,-0.007944,-3.924557,0.000000,-0.013794,-3.996279,0.000000,0.025552,0.245370
196,0.000000,0.261475,-5.164219,0.000000,0.256529,-5.213384,0.000000,0.038092,0.357760
197,0.000000,0.399631,1.972708,0.000000,0.404738,1.953209,0.000000,0.048374,0.094065
198,0.000000,1.244815,3.461530,0.000000,1.256526,3.475478,0.000000,0.057409,0.268965
199,0.000000,0.284894,-5.411747,0.000000,0.287884,-5.424249,0.000000,0.017710,0.148230
200,0.000000,-0.444721,-5.557517,0.000000,-0.441344,-5.545096,0.000000,0.026696,0.342198
201,0.000000,-0.618989,8.073989,0.000000,-0.618228,8.061771,0.000000,0.039403,0.321618
202,0.000000,-0.973156,-2.807046,0.000000,-0.970288,-2.796340,0.000000,0.036872,0.448394
203,0.000000,-0.461645,-6.579188,0.000000,-0.460892,-6.600375,0.000000,0.025462,0.248878
204,0.000000,-0.396235,-6.877791,0.000000,-0.388141,-6.831830,0.000000,0.028464,0.254374
205,0.000000,0.989340,0.906675,0.000000,0.986232,0.880184,0.000000,0.037399,0.097631
206,0.000000,0.342282,8.142566,0.000000,0.344336,8.145314,0.000000,0.040748,0.264146
207,0.000000,-0.287256,3.986388,0.000000,-0.289848,3.945309,0.000000,0.041626,0.285945
208,0.000000,0.197763,9.449515,0.000000,0.261577,9.047860,0.000000,0.128977,0.768951
209,0.000000,0.321012,5.247647,0.000000,0.311226,5.134055,0.000000,0.030855,0.292241
210,0.000000,-0.712395,-7.840301,0.000000,-0.717311,-7.904769,0.000000,0.028740,0.365974
211,0.000000,-0.584925,-1.664087,0.000000,-0.574921,-1.546515,0.000000,0.029203,0.426679
212,0.000000,0.436583,-6.930260,0.000000,0.426329,-7.022881,0.000000,0.041136,0.273854
213,0.000000,-0.107746,6.821617,0.000000,-0.103574,6.902681,0.000000,0.028285,0.242285
214,0.000000,0.586907,8.732279,0.000000,0.584511,8.711361,0.000000,0.037034,0.194428
215,0.000000,0.713937,-7.070348,0.000000,0.699879,-7.115971,0.000000,0.031818,0.122369
216,0.000000,0.287063,2.246566,0.000000,0.280247,2.224069,0.000000,0.062617,0.140912
217,0.000000,0.683779,-2.282410,0.000000,0.713348,-2.045385,0.000000,0.099563,0.815806
218,0.000000,0.046194,1.260551,0.000000,0.045398,1.249464,0.000000,0.022482,0.188523
219,0.000000,-0.267009,5.991495,0.000000,-0.343354,6.385430,0.000000,0.153852,0.841536
220,0.000000,0.279612,3.720778,0.000000,0.281136,3.727330,0.000000,0.026015,0.151328
221,0.000000,-0.589417,-3.367551,0.000000,-0.586746,-3.344668,0.000000,0.034041,0.452170
222,0.000000,0.546059,9.418070,0.000000,0.608153,9.224592,0.000000,0.193039,0.668065
223,0.000000,-0.679790,-2.103086,0.000000,-0.681331,-2.130775,0.000000,0.023918,0.313359
224,0.000000,-1.147195,8.132705,0.000000,-1.015380,6.009331,0.000000,0.102669,1.435769
225,0.000000,-1.214916,-2.510595,0.000000,-1.215065,-2.574271,0.000000,0.042341,0.457079
226,0.000000,0.355303,-5.333006,0.000000,0.346164,-5.377053,0.000000,0.030745,0.200445
227,0.000000,-0.710340,-1.310719,0.000000,-0.706231,-1.309048,0.000000,0.039554,0.259710
228,0.000000,-0.641916,-1.107685,0.000000,-0.640408,-1.109353,0.000000,0.034752,0.242577
229,0.000000,-0.532061,-6.393522,0.000000,-0.531752,-6.384580,0.000000,0.018009,0.280221
230,0.000000,0.249500,12.190225,0.000000,0.205113,12.237538,0.000000,0.099487,0.202406
231,0.000000,0.028588,-0.612869,0.000000,0.036503,-0.572706,0.000000,0.039959,0.181398
232,0.000000,0.493264,1.294088,0.000000,0.488930,1.268632,0.000000,0.022977,0.134324
233,0.000000,0.305141,-5.466500,0.000000,0.307593,-5.471362,0.000000,0.025319,0.136543
234,0.000000,-0.086056,-7.360810,0.000000,-0.081424,-7.335410,0.000000,0.025681,0.211107
235,0.000000,-0.503611,-8.643050,0.000000,-0.503966,-8.650537,0.000000,0.021804,0.424085
236,0.000000,0.016508,1.904515,0.000000,0.013249,1.839338,0.000000,0.024101,0.253036
237,0.000000,0.340482,-9.203745,0.000000,0.345928,-9.179504,0.000000,0.021663,0.175329
238,0.000000,0.090831,5.695918,0.000000,0.092820,5.727402,0.000000,0.062975,0.188126
239,0.000000,-0.153651,3.022758,0.000000,-0.149616,3.058065,0.000000,0.022446,0.252957
240,0.000000,-0.695941,-3.365418,0.000000,-0.677637,-3.251538,0.000000,0.053331,0.393681
241,0.000000,-0.282507,-11.061559,0.000000,-0.289006,-11.143862,0.000000,0.026192,0.351284
242,0.000000,-0.203821,0.759831,0.000000,-0.202912,0.749122,0.000000,0.021393,0.229701
243,0.000000,-0.481549,7.862496,0.000000,-0.467671,7.861761,0.000000,0.066700,0.239261
244,0.000000,-0.587095,-0.602725,0.000000,-0.572691,-0.489714,0.000000,0.028706,0.306024
245,0.000000,-0.660914,-10.460485,0.000000,-0.660837,-10.509715,0.000000,0.019905,0.313887
246,0.000000,0.363756,-0.670513,0.000000,0.367991,-0.665332,0.000000,0.025410,0.132463
247,0.000000,-0.879737,-1.958344,0.000000,-0.877750,-1.955044,0.000000,0.025420,0.351829
248,0.000000,-0.141465,-1.025554,0.000000,-0.140101,-1.026582,0.000000,0.026951,0.174067
249,0.000000,0.208702,-9.030015,0.000000,0.209793,-9.048066,0.000000,0.026748,0.263247
250,0.000000,0.241511,-8.245220,0.000000,0.251755,-8.188754,0.000000,0.022704,0.165702