id,p0_SAEM,alpha_SAEM,tau_SAEM,p0_mean,alpha_mean,tau_mean,p0_sd,alpha_sd,tau_sd,p0_randomEffects,alpha_randomEffects,tau_randomEffects
1,-1.33339276677934104,-3.74523243151074325,68.48774909143538991,-1.33415658582126007,-3.74433126950919659,68.49202254507721932,0.00000000000000000,0.03746237600126560,0.20360641749017541,0.00000000000000000,-0.22370637059350654,0.08251264969924275
2,-1.33339276677934104,-3.32816777124645302,71.46179101714919568,-1.33415658582126007,-3.31861786707742334,71.51009248714127864,0.00000000000000000,0.02658026144635142,0.19170364041164006,0.00000000000000000,0.20200703183826701,3.10058259176322393
3,-1.33339276677934104,-4.04349545593001825,69.61680454734684531,-1.33415658582126007,-4.04060715713099228,69.60755117960029281,0.00000000000000000,0.04028590160924512,0.24634655923038498,0.00000000000000000,-0.51998225821530231,1.19804128422233380
4,-1.33339276677934104,-3.28960582332957729,60.56944276965263185,-1.33415658582126007,-3.28781774288349293,60.57784882086686196,0.00000000000000000,0.03002690122401967,0.21080482416314406,0.00000000000000000,0.23280715603219498,-7.83166107451110705
5,-1.33339276677934104,-3.71912192848323997,73.22476625540667783,-1.33415658582126007,-3.71976204360420182,73.22510933183545490,0.00000000000000000,0.02742990447972655,0.21640197475519693,0.00000000000000000,-0.19913714468850932,4.81559943645763955
6,-1.33339276677934104,-2.83863261836060099,58.78541284913290355,-1.33415658582126007,-2.84925142109578911,58.70619451935603195,0.00000000000000000,0.05386171666310530,0.41399666715555761,0.00000000000000000,0.67137347781989720,-9.70331537602199390
7,-1.33339276677934104,-3.43478792147371115,60.55901315042389399,-1.33415658582126007,-3.43500130390014080,60.57809745757118236,0.00000000000000000,0.02006984936823033,0.14940925448202372,0.00000000000000000,0.08562359501555360,-7.83141243780684970
8,-1.33339276677934104,-3.42435094212807467,56.10805946588892823,-1.33415658582126007,-3.42416301866626638,56.12551890245894270,0.00000000000000000,0.02445286691969294,0.19015980813081360,0.00000000000000000,0.09646188024942362,-12.28399099291909202
9,-1.33339276677934104,-3.32615561942186133,61.56738160658698433,-1.33415658582126007,-3.32119152436012310,61.59743748309106337,0.00000000000000000,0.02729896768924587,0.16793793021885126,0.00000000000000000,0.19943337455557164,-6.81207241228698646
10,-1.33339276677934104,-4.14905009861754692,72.61567308236857343,-1.33415658582126007,-4.15430803612976174,72.58532175536583964,0.00000000000000000,0.03991742062758401,0.25695517003349633,0.00000000000000000,-0.63368313721407621,4.17581185998781645
11,-1.33339276677934104,-2.71948979547337188,63.73247618990254182,-1.33415658582126007,-2.69977303924745504,63.71388562081690310,0.00000000000000000,0.05837915396046864,0.15393173207677588,0.00000000000000000,0.82085185966823526,-4.69562427456116982
12,-1.33339276677934104,-3.50865136505180830,72.94255407553693260,-1.33415658582126007,-3.50955100803237130,72.94927355965418769,0.00000000000000000,0.03525775933490501,0.20047730914457471,0.00000000000000000,0.01107389088331876,4.53976366427612898
13,-1.33339276677934104,-3.08160602886208723,68.57657362201990736,-1.33415658582126007,-3.08728332783371195,68.55249126428637396,0.00000000000000000,0.02077069405000825,0.10488666336247743,0.00000000000000000,0.43334157108197974,0.14298136890833388
14,-1.33339276677934104,-2.74298660236121306,66.67843317808200254,-1.33415658582126007,-2.75003326790485803,66.65287599744196712,0.00000000000000000,0.02636944794401936,0.15529233436414658,0.00000000000000000,0.77059163101082750,-1.75663389793612290
15,-1.33339276677934104,-3.21715950349397639,79.33084352361937874,-1.33415658582126007,-3.20641803336615849,79.36032985127343409,0.00000000000000000,0.05738044059601851,0.16607890225657407,0.00000000000000000,0.31420686554952754,10.95081995589544199
16,-1.33339276677934104,-3.57247839542187506,56.02919592094177403,-1.33415658582126007,-3.58261866865246992,55.94116256561462563,0.00000000000000000,0.02438514111175647,0.23829743416779123,0.00000000000000000,-0.06199376973677735,-12.46834732976341087
17,-1.33339276677934104,-3.25190266515131920,69.52877818453457337,-1.33415658582126007,-3.24468150618975537,69.55812605053225184,0.00000000000000000,0.02222181211471985,0.14930977996773465,0.00000000000000000,0.27594339272593499,1.14861615515417981
18,-1.33339276677934104,-3.52970279897326611,55.11809603287270676,-1.33415658582126007,-3.53423506432031154,55.08755983836048387,0.00000000000000000,0.02465839436610464,0.23804268151972821,0.00000000000000000,-0.01361016540462157,-13.32195005701754198
19,-1.33339276677934104,-3.46981188095921445,73.63239159290093028,-1.33415658582126007,-3.46273005617641516,73.68670766660217453,0.00000000000000000,0.02038384280621828,0.16509291915912633,0.00000000000000000,0.05789484273927648,5.27719777122423217
20,-1.33339276677934104,-3.52682857990788134,61.81567988581144135,-1.33415658582126007,-3.52558986017821807,61.82041759259745106,0.00000000000000000,0.02519816778694163,0.25181351066231261,0.00000000000000000,-0.00496496126252481,-6.58909230278058988
21,-1.33339276677934104,-3.43419890400845107,64.04033253220168831,-1.33415658582126007,-3.43716268399588287,64.00515350643654244,0.00000000000000000,0.03079330241384300,0.26355832738927865,0.00000000000000000,0.08346221491980656,-4.40435638894140968
22,-1.33339276677934104,-4.47655212164178451,73.00241484648093149,-1.33415658582126007,-4.47559352323959292,72.96327487864846262,0.00000000000000000,0.07784541957658911,0.45414810875735995,0.00000000000000000,-0.95496862432389895,4.55376498327050871
23,-1.33339276677934104,-3.81935843952586396,65.40610366842841472,-1.33415658582126007,-3.81281062401204984,65.46377853460526808,0.00000000000000000,0.03314217202554916,0.34296906999289989,0.00000000000000000,-0.29218572509636248,-2.94573136077275155
24,-1.33339276677934104,-4.72465779880578829,71.72155728229509464,-1.33415658582126007,-4.72052689703421624,71.73888868300576860,0.00000000000000000,0.06148301142903646,0.44649512797266050,0.00000000000000000,-1.19990199811852638,3.32937878762783912
25,-1.33339276677934104,-3.75021000904732782,71.73917558045494047,-1.33415658582126007,-3.74855647953706717,71.73806115021591268,0.00000000000000000,0.06057935204074458,0.25927884636007914,0.00000000000000000,-0.22793158062137575,3.32855125483791747
26,-1.33339276677934104,-2.84761576550540640,73.51202670543960949,-1.33415658582126007,-2.88502954818731361,73.56032850212018559,0.00000000000000000,0.09934218173358639,0.19333948662544767,0.00000000000000000,0.63559535072837492,5.15081860674222813
27,-1.33339276677934104,-3.81685610592261826,65.23550535664398353,-1.33415658582126007,-3.82241847063273044,65.20076836178735391,0.00000000000000000,0.02695773256104481,0.29063646390452824,0.00000000000000000,-0.30179357171703830,-3.20874153359060355
28,-1.33339276677934104,-3.24773615015948103,69.97747151284271183,-1.33415658582126007,-3.25983922739299947,69.86131265929162737,0.00000000000000000,0.02202997593190834,0.19295748793412668,0.00000000000000000,0.26078567152269017,1.45180276391349405
29,-1.33339276677934104,-2.90610203071570838,76.84936892150311394,-1.33415658582126007,-2.89788484720819151,76.87954764664090135,0.00000000000000000,0.02468478634094493,0.09020341273338765,0.00000000000000000,0.62274005170749858,8.47003775126278846
30,-1.33339276677934104,-3.93781132876293816,64.11158896225018111,-1.33415658582126007,-3.93844471611039371,64.12217442089219333,0.00000000000000000,0.02297244417308282,0.33210093337798841,0.00000000000000000,-0.41781981719470185,-4.28733547448591779
31,-1.33339276677934104,-3.02199594729159227,62.68537113084948942,-1.33415658582126007,-3.02259226197036535,62.67432800177946461,0.00000000000000000,0.02987662804776145,0.13488646040682628,0.00000000000000000,0.49803263694532279,-5.73518189359857278
32,-1.33339276677934104,-3.15135314705523717,70.57693554101814470,-1.33415658582126007,-3.15556966617239265,70.55853134398934401,0.00000000000000000,0.02899261870188805,0.19813248091856836,0.00000000000000000,0.36505523274329971,2.14902144861140165
33,-1.33339276677934104,-3.77728886008280851,70.03735054844017327,-1.33415658582126007,-3.77205529396757644,69.99242791433091782,0.00000000000000000,0.07286934691748924,0.25794477661086135,0.00000000000000000,-0.25143039505188514,1.58291801895280071
34,-1.33339276677934104,-3.37786580283492244,64.42413607527569752,-1.33415658582126007,-3.37782355244387267,64.42127958481013650,0.00000000000000000,0.01826268533367277,0.11492575224675347,0.00000000000000000,0.14280134647181994,-3.98823031056792265
35,-1.33339276677934104,-3.39640469232761433,71.13886072085298906,-1.33415658582126007,-3.39271011801352262,71.15987081533437220,0.00000000000000000,0.03510217046028911,0.11450194654021163,0.00000000000000000,0.12791478090216529,2.75036091995629350
36,-1.33339276677934104,-3.56322213344498362,65.49120775828325236,-1.33415658582126007,-3.56144321112033468,65.46505286883770225,0.00000000000000000,0.02517159817519492,0.20805861630632469,0.00000000000000000,-0.04081831220464295,-2.94445702654031338
37,-1.33339276677934104,-3.86142452194349284,60.40622643646754142,-1.33415658582126007,-3.86971631142792383,60.31833814425897344,0.00000000000000000,0.02770420179973965,0.31256518147942136,0.00000000000000000,-0.34909141251223341,-8.09117175111904174
38,-1.33339276677934104,-2.90434892602506034,65.73725879447908937,-1.33415658582126007,-2.90262667241274697,65.74091476880201412,0.00000000000000000,0.04192924683001284,0.42097626276922340,0.00000000000000000,0.61799822650294767,-2.66859512657588649
39,-1.33339276677934104,-3.59401313140367273,69.81640592017917868,-1.33415658582126007,-3.59644661528195853,69.78505093382743496,0.00000000000000000,0.02223269411507210,0.22993937143232679,0.00000000000000000,-0.07582171636627197,1.37554103844936448
40,-1.33339276677934104,-2.91519326367528819,63.57643298262221521,-1.33415658582126007,-2.91838547163626361,63.56877483824037256,0.00000000000000000,0.02541024393433620,0.10196569980294759,0.00000000000000000,0.60223942727942426,-4.84073505713756180
41,-1.33339276677934104,-3.85723101383292466,66.25948714910825288,-1.33415658582126007,-3.85766041332055787,66.26291476228485067,0.00000000000000000,0.03763761298245129,0.25300596105405981,0.00000000000000000,-0.33703551440486884,-2.14659513309314054
42,-1.33339276677934104,-2.60396115065917622,68.37580932929168398,-1.33415658582126007,-2.60746439848141520,68.36745949090801844,0.00000000000000000,0.01998600698009194,0.07531394589113997,0.00000000000000000,0.91316050043427432,-0.04205040446996271
43,-1.33339276677934104,-3.06387111687893299,69.90754485467003576,-1.33415658582126007,-3.06617919844676567,69.90778265626559573,0.00000000000000000,0.03179855811615059,0.16668568918497662,0.00000000000000000,0.45444570046892468,1.49827276088749262
44,-1.33339276677934104,-3.40366728473056712,57.90415804265317234,-1.33415658582126007,-3.40934130680866287,57.83175107663398506,0.00000000000000000,0.03061033199430015,0.28917437421448766,0.00000000000000000,0.11128359210702740,-10.57775881874399460
45,-1.33339276677934104,-3.02710147591999412,69.61961052225652224,-1.33415658582126007,-3.03711507932682334,69.55727271090272268,0.00000000000000000,0.03450730804663826,0.18186014612290119,0.00000000000000000,0.48350981958886680,1.14776281552470416
46,-1.33339276677934104,-3.35289132266276324,65.39111624749973828,-1.33415658582126007,-3.36207375343835801,65.31506318775073794,0.00000000000000000,0.01893515508241416,0.16521130249887742,0.00000000000000000,0.15855114547733198,-3.09444670762726393
47,-1.33339276677934104,-3.09271459000132598,69.43832458593342949,-1.33415658582126007,-3.09404970231671550,69.43858152715760923,0.00000000000000000,0.01850197904005287,0.09231638628314298,0.00000000000000000,0.42657519659897697,1.02907163177953476
48,-1.33339276677934104,-3.86491190571337340,71.56322385134639319,-1.33415658582126007,-3.86065982523556972,71.58401290739374190,0.00000000000000000,0.02232583149497701,0.19587071678044352,0.00000000000000000,-0.34003492631988280,3.17450301201572005
49,-1.33339276677934104,-3.13237238017834319,73.27211320214063051,-1.33415658582126007,-3.12999841434250747,73.27626366653605317,0.00000000000000000,0.08676660592994641,0.18085248074559523,0.00000000000000000,0.39062648457318455,4.86675377115794028
50,-1.33339276677934104,-2.94441250955188538,70.02341126208003175,-1.33415658582126007,-2.94571155839883092,70.00137306957634564,0.00000000000000000,0.01722084962866670,0.12544210974131431,0.00000000000000000,0.57491334051685861,1.59186317419834067
51,-1.33339276677934104,-3.42209913096957230,66.19945587220516359,-1.33415658582126007,-3.42552631372270033,66.17349043415940457,0.00000000000000000,0.02180914833447059,0.17014912199257085,0.00000000000000000,0.09509858519299347,-2.23601946121861639
52,-1.33339276677934104,-3.10935284840516113,64.89985081180833504,-1.33415658582126007,-3.10885643884868035,64.90172401350558573,0.00000000000000000,0.01796761999748953,0.11242707669851523,0.00000000000000000,0.41176846006700657,-3.50778588187244855
53,-1.33339276677934104,-3.20351562119457300,64.25668875266987357,-1.33415658582126007,-3.13686680088300740,64.82733430184580925,0.00000000000000000,0.09017839882339029,0.77089497661403883,0.00000000000000000,0.38375809803268690,-3.58217559353223081
54,-1.33339276677934104,-3.57978829539839660,71.13269103037104912,-1.33415658582126007,-3.57981731536829573,71.14354481114499151,0.00000000000000000,0.02531048386870078,0.20732859392165026,0.00000000000000000,-0.05919241645260536,2.73403491576680313
55,-1.33339276677934104,-2.88781477406950549,62.25983502634785793,-1.33415658582126007,-2.88659583502505601,62.26194306536001477,0.00000000000000000,0.02373825181396932,0.12473938979463876,0.00000000000000000,0.63402906389063363,-6.14756683001801640
56,-1.33339276677934104,-3.01994311649990177,70.21536386987284573,-1.33415658582126007,-3.01100555071180187,70.24128432867655647,0.00000000000000000,0.03291501675129901,0.36047777678369497,0.00000000000000000,0.50961934820388788,1.83177443329846290
57,-1.33339276677934104,-3.46721962797035843,68.48916502648143023,-1.33415658582126007,-3.46886019490101960,68.46152837959749604,0.00000000000000000,0.02717779687136094,0.22192189791624733,0.00000000000000000,0.05176470401466753,0.05201848421947435
58,-1.33339276677934104,-4.04302607585145513,57.82995164958532541,-1.33415658582126007,-4.04622972870918041,57.78217218578730296,0.00000000000000000,0.02636836243318496,0.32735728593177238,0.00000000000000000,-0.52560482979348777,-10.62733770959063939
59,-1.33339276677934104,-3.39013807037908466,75.50833458403772624,-1.33415658582126007,-3.38675972728592178,75.53660984272994483,0.00000000000000000,0.02483072299758122,0.19214550886337262,0.00000000000000000,0.13386517162976799,7.12709994735195806
60,-1.33339276677934104,-2.86352952558184803,70.97506477547824488,-1.33415658582126007,-2.86564929018934711,70.97769324952378156,0.00000000000000000,0.03393959909401993,0.16655503117854190,0.00000000000000000,0.65497560872634220,2.56818335414579080
61,-1.33339276677934104,-2.96079825882577463,62.53806036892913767,-1.33415658582126007,-2.95482852397991502,62.55705504290199315,0.00000000000000000,0.03252852448109506,0.10408507743360909,0.00000000000000000,0.56579637493577295,-5.85245485247601405
62,-1.33339276677934104,-2.71855496757424886,80.71662727359567668,-1.33415658582126007,-2.72003365004641129,80.70427341303648916,0.00000000000000000,0.03304138950298229,0.12128783664744007,0.00000000000000000,0.80059124886927646,12.29476351765837983
63,-1.33339276677934104,-4.14801819598854049,60.91463880134170239,-1.33415658582126007,-4.14441872678452139,60.98404726323992264,0.00000000000000000,0.02588366071340235,0.42345816024243421,0.00000000000000000,-0.62379382786882820,-7.42546263213812541
64,-1.33339276677934104,-3.47387856730793931,70.10400994733856805,-1.33415658582126007,-3.46968113412478107,70.12845825062473182,0.00000000000000000,0.02201650409420810,0.16307414651044683,0.00000000000000000,0.05094376479091120,1.71894835524671796
65,-1.33339276677934104,-3.47611143880112916,77.13757665795253615,-1.33415658582126007,-3.47278920769587618,77.16804665376390915,0.00000000000000000,0.02365977845368770,0.14904430957480827,0.00000000000000000,0.04783569121981466,8.75853675838581225
66,-1.33339276677934104,-2.92263606079580818,70.07290824813904351,-1.33415658582126007,-2.92312441320274186,70.07343124909600363,0.00000000000000000,0.02620118613890367,0.17457362717129549,0.00000000000000000,0.59750048571294911,1.66392135371805816
67,-1.33339276677934104,-3.60321744971395619,84.79796862352714015,-1.33415658582126007,-3.60213208817819330,84.91644213487143134,0.00000000000000000,0.21919725599209927,2.18716511226250754,0.00000000000000000,-0.08150718926250407,16.50693223949341260
68,-1.33339276677934104,-3.97485239593029105,71.94333579933818612,-1.33415658582126007,-3.97063771924411046,71.97711359598510228,0.00000000000000000,0.03174228491032993,0.32877865070379381,0.00000000000000000,-0.45001282032841616,3.56760370060706533
69,-1.33339276677934104,-3.74411883347802732,73.53019092605998708,-1.33415658582126007,-3.74597009756373556,73.52683584678671025,0.00000000000000000,0.03342401286470876,0.25588004692050176,0.00000000000000000,-0.22534519864804717,5.11732595140867019
70,-1.33339276677934104,-4.06099567149255591,71.94464638931377465,-1.33415658582126007,-4.05369094353269332,71.98196284455019622,0.00000000000000000,0.02740312574528256,0.26129105813803294,0.00000000000000000,-0.53306604461700513,3.57245294917235867
71,-1.33339276677934104,-4.38285000223575683,71.93144819060040618,-1.33415658582126007,-4.39105577203343511,71.87851353628906281,0.00000000000000000,0.05188236133985960,0.33764826437758239,0.00000000000000000,-0.87043087311774892,3.46900364091096725
72,-1.33339276677934104,-4.27167608890407724,63.58028403373201343,-1.33415658582126007,-4.26603172402247210,63.64236837481139730,0.00000000000000000,0.03976926665570232,0.35524379201477729,0.00000000000000000,-0.74540682510678258,-4.76714152056656282
73,-1.33339276677934104,-3.43155356475967421,67.80229898624106966,-1.33415658582126007,-3.42334432514311970,67.85485771885979034,0.00000000000000000,0.02989075206796088,0.23476483667099801,0.00000000000000000,0.09728057377256652,-0.55465217651826737
74,-1.33339276677934104,-3.28775921839822960,74.08879776927754790,-1.33415658582126007,-3.29019064523000182,74.08182326284634200,0.00000000000000000,0.03265832283941490,0.11699107085585135,0.00000000000000000,0.23043425368568848,5.67231336746825665
75,-1.33339276677934104,-4.17901491549560777,67.09403418829961652,-1.33415658582126007,-4.17779850953642296,67.10027790741492026,0.00000000000000000,0.03859236784870902,0.28797895212410257,0.00000000000000000,-0.65717361062074386,-1.30923198796309648
76,-1.33339276677934104,-3.42749760003062853,71.78236738718351262,-1.33415658582126007,-3.42482504597104986,71.76559321816966985,0.00000000000000000,0.11397357143631591,0.43898975558633202,0.00000000000000000,0.09579985294464025,3.35608332279170130
77,-1.33339276677934104,-3.25755948494252667,60.96402094267305927,-1.33415658582126007,-3.25875968999243559,60.94766995266267173,0.00000000000000000,0.02270351009232713,0.18908345123517400,0.00000000000000000,0.26186520892325510,-7.46183994271534878
78,-1.33339276677934104,-2.94746783263452272,74.28634398794763172,-1.33415658582126007,-2.94748403464756015,74.29322361815523834,0.00000000000000000,0.03204385507363470,0.17592467338610310,0.00000000000000000,0.57314086426813138,5.88371372277711213
79,-1.33339276677934104,-3.94051933338201144,64.54628074721682651,-1.33415658582126007,-3.94519215210888952,64.48808700944124439,0.00000000000000000,0.02542735309795194,0.28024528053951198,0.00000000000000000,-0.42456725319320082,-3.92142288593671795
80,-1.33339276677934104,-3.27441723947980590,85.88339362087140216,-1.33415658582126007,-3.09037963261169546,83.86051557290809910,0.00000000000000000,0.34826530163667052,3.09025780573141207,0.00000000000000000,0.43024526630399668,15.45100567753008924
81,-1.33339276677934104,-3.90271300741681593,60.52666434348086000,-1.33415658582126007,-3.91411395438106169,60.37942652211339833,0.00000000000000000,0.05634099204788799,0.64469796818421843,0.00000000000000000,-0.39348905546536805,-8.03008337326459909
82,-1.33339276677934104,-3.79047758172882698,68.49870900166301624,-1.33415658582126007,-3.78996442830705105,68.50109999217607992,0.00000000000000000,0.04395288970460821,0.30334197103295329,0.00000000000000000,-0.26933952939136419,0.09159009679805537
83,-1.33339276677934104,-3.73779161442010199,67.87744134692340481,-1.33415658582126007,-3.73149143678563400,67.88668401911510841,0.00000000000000000,0.11122568867716243,0.23412258740822453,0.00000000000000000,-0.21086653786994380,-0.52282587626295185
84,-1.33339276677934104,-3.87547771672413743,61.43083481391044387,-1.33415658582126007,-3.89781029041369065,61.19048713105107851,0.00000000000000000,0.04780797507707829,0.55757560541405393,0.00000000000000000,-0.37718539149800207,-7.21902276432695533
85,-1.33339276677934104,-4.54889721802276359,65.15447896407094674,-1.33415658582126007,-4.53840203634870765,65.20874579514952529,0.00000000000000000,0.11036861822726862,0.75072963780956881,0.00000000000000000,-1.01777713743302534,-3.20076410022847169
86,-1.33339276677934104,-3.23046174636507688,72.96527567625595623,-1.33415658582126007,-3.23266767075591810,72.94980113986763115,0.00000000000000000,0.02287677272507981,0.16774573716153696,0.00000000000000000,0.28795722815977159,4.54029124448971455
87,-1.33339276677934104,-2.90241759145130507,61.96753755233597616,-1.33415658582126007,-2.90020655268237793,61.96749424498496950,0.00000000000000000,0.03435054068200464,0.12294833871152208,0.00000000000000000,0.62041834623331249,-6.44201565039307766
88,-1.33339276677934104,-3.57120025720620715,67.71887789435565708,-1.33415658582126007,-3.57714700666613039,67.63548360480264421,0.00000000000000000,0.03143792863660369,0.33768068665687806,0.00000000000000000,-0.05652210775043930,-0.77402629057532879
89,-1.33339276677934104,-3.56970998604588541,55.73018709009927107,-1.33415658582126007,-3.57266857602688237,55.71106565326469706,0.00000000000000000,0.01940033871470435,0.18747237584701473,0.00000000000000000,-0.05204367711119256,-12.69844424211329681
90,-1.33339276677934104,-3.15791318974186819,76.60854257241111043,-1.33415658582126007,-3.15549531497741453,76.60036116440814169,0.00000000000000000,0.04792615008383889,0.13149076630781889,0.00000000000000000,0.36512958393827272,8.19085126903020111
91,-1.33339276677934104,-3.55719229954092953,76.30808675702698451,-1.33415658582126007,-3.63200969404888641,76.88633471650145168,0.00000000000000000,0.16051170999468364,1.27660967935205494,0.00000000000000000,-0.11138479513319589,8.47682482112336722
92,-1.33339276677934104,-3.98975021038857092,59.13653654454913067,-1.33415658582126007,-3.98539379302711705,59.16190952438340389,0.00000000000000000,0.02496852520486154,0.25555548863571664,0.00000000000000000,-0.46476889411142969,-9.24760037099458820
93,-1.33339276677934104,-3.63745081250227020,58.88792407091500536,-1.33415658582126007,-3.65020968953125813,58.73318925400773338,0.00000000000000000,0.02965746443434852,0.36346196095435951,0.00000000000000000,-0.12958479061557387,-9.67632064137024450
94,-1.33339276677934104,-3.47696027333704683,77.21445664251282892,-1.33415658582126007,-3.47352388884968377,77.21116479837047564,0.00000000000000000,0.05022458578742800,0.30613589639216210,0.00000000000000000,0.04710101006600779,8.80165490299243203
95,-1.33339276677934104,-3.62128748729777561,61.93265169499191813,-1.33415658582126007,-3.62632509130844527,61.88511371105735748,0.00000000000000000,0.02529562620273403,0.24115316417399513,0.00000000000000000,-0.10570019239274948,-6.52439618432060531
96,-1.33339276677934104,-3.31832654191758536,64.97123625804121616,-1.33415658582126007,-3.30338094415544736,65.13589906178019362,0.00000000000000000,0.03463696801061040,0.36984595916703000,0.00000000000000000,0.21724395476024358,-3.27361083359788818
97,-1.33339276677934104,-3.49633876442653557,69.63943620804680279,-1.33415658582126007,-3.49963929764689174,69.62231661280647188,0.00000000000000000,0.03238810703948481,0.23510011578055934,0.00000000000000000,0.02098560126879644,1.21280671742838164
98,-1.33339276677934104,-3.10156590755413220,61.33882890456948189,-1.33415658582126007,-3.10927502948532997,61.28242208497771770,0.00000000000000000,0.02822969624229289,0.19742185335539694,0.00000000000000000,0.41134986943035878,-7.12708781040034367
99,-1.33339276677934104,-3.60997587926271946,74.70050282164172017,-1.33415658582126007,-3.60970924515381864,74.71331618689180232,0.00000000000000000,0.05970497864803664,0.25446218936079101,0.00000000000000000,-0.08908434623812878,6.30380629151377025
100,-1.33339276677934104,-3.14869526624984619,66.42272392796353131,-1.33415658582126007,-3.16099763880073992,66.36187137108103684,0.00000000000000000,0.02645821910377549,0.14972899991236263,0.00000000000000000,0.35962726011494833,-2.04763852429695836
101,-1.33339276677934104,-2.89411831050930735,65.91615733341829753,-1.33415658582126007,-2.89624412746505078,65.92077231334073417,0.00000000000000000,0.03264314845315211,0.11338940015356111,0.00000000000000000,0.62438077145063942,-2.48873758203727791
102,-1.33339276677934104,-3.52354456413825456,73.67203749767845977,-1.33415658582126007,-3.57274250443018060,74.04904247899978031,0.00000000000000000,0.12546414405360207,1.02546962491767135,0.00000000000000000,-0.05211760551449088,5.63953258362178822
103,-1.33339276677934104,-3.43375367945625687,79.45183078319563208,-1.33415658582126007,-3.41653461653446122,79.35023107854036084,0.00000000000000000,0.13150457804583074,0.54223506869362958,0.00000000000000000,0.10409028238123176,10.94072118316236342
104,-1.33339276677934104,-3.06984808388923502,64.65298508139626676,-1.33415658582126007,-3.06816610437692638,64.66208740267465771,0.00000000000000000,0.01719504172879151,0.10313383645996645,0.00000000000000000,0.45245879453876331,-3.74742249270339478
105,-1.33339276677934104,-3.45124109460666428,79.18245719439732966,-1.33415658582126007,-3.48574923969871309,79.23365654930967139,0.00000000000000000,0.09946460529862550,0.29977039605124350,0.00000000000000000,0.03487565921697759,10.82414665393161535
106,-1.33339276677934104,-2.32756389193201541,72.40192430267548218,-1.33415658582126007,-2.32300862588287549,72.40445150598296209,0.00000000000000000,0.04483756471982697,0.07663043442891773,0.00000000000000000,1.19761627303281193,3.99494161060483544
107,-1.33339276677934104,-4.21816075008142644,53.64933564659743581,-1.33415658582126007,-4.21983819396706572,53.63272037637062795,0.00000000000000000,0.07059195364736244,1.18228900527513492,0.00000000000000000,-0.69921329505137708,-14.77678951900746362
108,-1.33339276677934104,-2.80913794104505987,67.05513808596373337,-1.33415658582126007,-2.82165373481159421,67.03504155954472310,0.00000000000000000,0.07906613853472610,0.15093294879153471,0.00000000000000000,0.69897116410409565,-1.37446833583320926
109,-1.33339276677934104,-3.11723270580732192,65.40456566741762856,-1.33415658582126007,-3.11662725864678070,65.41949518821134291,0.00000000000000000,0.03369971862811757,0.15490153278757673,0.00000000000000000,0.40399764026890878,-2.99001470716657414
110,-1.33339276677934104,-4.24821036847164368,58.57527929473139494,-1.33415658582126007,-4.24457699538715882,58.60183701520755051,0.00000000000000000,0.05755183223466496,0.73038412537708264,0.00000000000000000,-0.72395209647146852,-9.80767288017057126
111,-1.33339276677934104,-3.31962487507540649,54.56683900754993033,-1.33415658582126007,-3.30526113525281673,54.61382975315481048,0.00000000000000000,0.05890831768741283,0.25590640071957199,0.00000000000000000,0.21536376366287269,-13.79568014222313188
112,-1.33339276677934104,-4.01876633479246692,64.61606333809719160,-1.33415658582126007,-4.01553958997161509,64.62632988342042495,0.00000000000000000,0.04470507923493122,0.33646012878995324,0.00000000000000000,-0.49491469105592517,-3.78318001195756581
113,-1.33339276677934104,-3.22646997204198804,66.98625294840793742,-1.33415658582126007,-3.21974229813131840,67.04654229734340731,0.00000000000000000,0.02259568839658878,0.15205085875480043,0.00000000000000000,0.30088260078437273,-1.36296759803463807
114,-1.33339276677934104,-4.35074055585442032,61.17988405804478447,-1.33415658582126007,-4.36091415619853873,61.07048733340300828,0.00000000000000000,0.04886686208266714,0.48590059267088154,0.00000000000000000,-0.84028925728284098,-7.33902256197494829
115,-1.33339276677934104,-3.66014352268253074,67.41757508248166175,-1.33415658582126007,-3.66285815302947038,67.37786756260155130,0.00000000000000000,0.03120700474429476,0.32321023930593279,0.00000000000000000,-0.14223325411377899,-1.03164233277641770
116,-1.33339276677934104,-3.30235439506413408,60.93809361881031350,-1.33415658582126007,-3.30596370226706560,60.90310499294999858,0.00000000000000000,0.02236986391261712,0.17671417995441135,0.00000000000000000,0.21466119664862360,-7.50640490242797842
117,-1.33339276677934104,-3.39025008000083217,78.15834423244137952,-1.33415658582126007,-3.37897865145516363,78.16170188720047918,0.00000000000000000,0.05387649000410764,0.24540275679089540,0.00000000000000000,0.14164624746051990,9.75219199182254748
118,-1.33339276677934104,-4.29979799509590421,78.19655520244633351,-1.33415658582126007,-4.38608339235051403,78.97349318064762258,0.00000000000000000,0.16894249168822259,1.59759567175911465,0.00000000000000000,-0.86545849343482539,10.56398328526967134
119,-1.33339276677934104,-2.43219516432168659,63.32448045373882906,-1.33415658582126007,-2.42670533316019199,63.33863686432835038,0.00000000000000000,0.03715017978055952,0.13997848977421579,0.00000000000000000,1.09391956575549498,-5.07087303104961062
120,-1.33339276677934104,-3.05413244349437152,82.71599528888360453,-1.33415658582126007,-3.07857478417118680,82.71777042499351751,0.00000000000000000,0.15872356356405071,0.95679557269902715,0.00000000000000000,0.44205011474449729,14.30826052961544370
121,-1.33339276677934104,-3.51545910440668496,65.01772969368252575,-1.33415658582126007,-3.52159421827553087,64.97267114079662065,0.00000000000000000,0.03298345764571836,0.19616649864502778,0.00000000000000000,-0.00096931935984049,-3.43683875458134924
122,-1.33339276677934104,-3.70364966955013042,81.06590485285903469,-1.33415658582126007,-3.69748983481699645,81.09138892744492466,0.00000000000000000,0.06346222118697646,0.24004943617751817,0.00000000000000000,-0.17686493590130584,12.68187903206680822
123,-1.33339276677934104,-3.50189644837651315,83.82836253082568589,-1.33415658582126007,-3.50938603625528200,83.83243030958932707,0.00000000000000000,0.10439263598041258,0.26498909180472269,0.00000000000000000,0.01123886266041309,15.42292041421123727
124,-1.33339276677934104,-3.54081722020766465,77.62310724170512799,-1.33415658582126007,-3.54465602137831937,77.58987281780252943,0.00000000000000000,0.04752341167648204,0.25304381548215826,0.00000000000000000,-0.02403112246262672,9.18036292242460483
125,-1.33339276677934104,-3.36590173116478741,72.64298447925990843,-1.33415658582126007,-3.38488829296824267,72.53873127095341999,0.00000000000000000,0.03856078412874366,0.22863861390399393,0.00000000000000000,0.13573660594744749,4.12922137557551494
126,-1.33339276677934104,-4.24286803949058999,67.58356247264417505,-1.33415658582126007,-4.24384630087163117,67.57995874890352184,0.00000000000000000,0.03557250927370412,0.26230839904218400,0.00000000000000000,-0.72322140195594065,-0.82955114647458661
127,-1.33339276677934104,-3.98034002535863607,75.91275492055738994,-1.33415658582126007,-3.99603916917670654,75.99945663214741387,0.00000000000000000,0.07748048787111994,0.37279462196454921,0.00000000000000000,-0.47541427026101918,7.58994673676934095
128,-1.33339276677934104,-4.81181661200777366,74.44444215872883319,-1.33415658582126007,-4.81923170122466349,74.37301476303809977,0.00000000000000000,0.07914674961204347,0.56816902265928848,0.00000000000000000,-1.29860680230898340,5.96350486766018939
129,-1.33339276677934104,-3.16007295890391049,81.95200683033465339,-1.33415658582126007,-3.17020106908350741,81.95370351585964386,0.00000000000000000,0.06150291264384911,0.15392169188394719,0.00000000000000000,0.35042382983218207,13.54419362048162689
130,-1.33339276677934104,-4.21371664484618602,78.95344623937421602,-1.33415658582126007,-4.21454336910964589,78.95394310850127795,0.00000000000000000,0.04422551144331813,0.33384787922094866,0.00000000000000000,-0.69391847019395436,10.54443321312316506
131,-1.33339276677934104,-3.12280419463225556,60.40717023006387620,-1.33415658582126007,-3.12455879621649224,60.39945240150395733,0.00000000000000000,0.03251490201087953,0.23304424576508773,0.00000000000000000,0.39606610269919518,-8.01005749387409516
132,-1.33339276677934104,-4.04639048538850599,64.78395227010649648,-1.33415658582126007,-4.04071312797395787,64.81984823264369311,0.00000000000000000,0.03488927675265547,0.40591800981379778,0.00000000000000000,-0.52008822905827179,-3.58966166273437626
133,-1.33339276677934104,-3.27398423383674819,69.20082922558668770,-1.33415658582126007,-3.26984144311700087,69.23017864744730332,0.00000000000000000,0.02257600440516267,0.18365504947462993,0.00000000000000000,0.25078345579869182,0.82066875206922651
134,-1.33339276677934104,-3.12911425895441875,74.14145531945058565,-1.33415658582126007,-3.13488439482410586,74.18958567849892916,0.00000000000000000,0.10237164641911141,0.40538654375857197,0.00000000000000000,0.38574050409158689,5.78007578312084735
135,-1.33339276677934104,-4.38469614447389677,70.83900255542951641,-1.33415658582126007,-4.35616785441240228,70.82798723722272882,0.00000000000000000,0.07426559065314214,0.34254552108058584,0.00000000000000000,-0.83554295549670166,2.41847734184463103
136,-1.33339276677934104,-2.22887605947972745,68.51746892714928094,-1.33415658582126007,-2.21626717061714640,68.52597069980465960,0.00000000000000000,0.09693627152797483,0.09752390981295937,0.00000000000000000,1.30435772829854346,0.11646080442662726
137,-1.33339276677934104,-3.50023864522682615,72.87774549036480209,-1.33415658582126007,-3.49660571502232731,72.85312018683440272,0.00000000000000000,0.06507872411023602,0.21559721442436983,0.00000000000000000,0.02401918389336225,4.44361029145632980
138,-1.33339276677934104,-2.16905161657378764,65.55696213895718927,-1.33415658582126007,-2.14327637681153460,65.59327797261953208,0.00000000000000000,0.10832744732342775,0.16940481225429241,0.00000000000000000,1.37734852210415570,-2.81623192275853507
139,-1.33339276677934104,-3.91076258243389985,51.74691676746122937,-1.33415658582126007,-3.90679706147897399,51.80051398365719706,0.00000000000000000,0.03882327256213369,0.55882415262059160,0.00000000000000000,-0.38617216256328213,-16.60899591172082523
140,-1.33339276677934104,-4.41763837679929861,75.00474885401992253,-1.33415658582126007,-4.35749993242872424,74.74324356003913294,0.00000000000000000,0.13758102439710440,0.61248216438302838,0.00000000000000000,-0.83687503351303760,6.33373366466105203
141,-1.33339276677934104,-3.83779148775567025,67.17114761394407196,-1.33415658582126007,-3.83567750694661314,67.20048246210980381,0.00000000000000000,0.02255637934321507,0.29518831917843463,0.00000000000000000,-0.31505260803092561,-1.20902743326812390
142,-1.33339276677934104,-3.41035779411838202,55.89704695766175035,-1.33415658582126007,-3.41121346026179850,55.91522711094559384,0.00000000000000000,0.02975246687254722,0.24017979216436389,0.00000000000000000,0.10941143865388844,-12.49428278443240536
143,-1.33339276677934104,-3.32647121601666163,73.04684373814599496,-1.33415658582126007,-3.32136474471195076,73.05185477500867819,0.00000000000000000,0.06100296421351441,0.14519259054262640,0.00000000000000000,0.19926015420374796,4.64234487963066655
144,-1.33339276677934104,-3.90725612641593090,61.83142455113932101,-1.33415658582126007,-3.90414538428131408,61.87085077644745468,0.00000000000000000,0.03294529146049138,0.54632836780926763,0.00000000000000000,-0.38352048536562300,-6.53865911893060492
145,-1.33339276677934104,-3.06851776653848907,78.72835026464507280,-1.33415658582126007,-3.19386243411553261,80.10903414530025657,0.00000000000000000,0.35854402635701799,4.04916729305445777,0.00000000000000000,0.32676246480015714,11.69952424992224493
146,-1.33339276677934104,-3.39855092017706406,65.18098325359993339,-1.33415658582126007,-3.38878619895339162,65.29108016245977808,0.00000000000000000,0.02756742193070043,0.34273003871327068,0.00000000000000000,0.13183869996230008,-3.11842973291829217
147,-1.33339276677934104,-2.99831079161786596,56.92240414726833819,-1.33415658582126007,-2.99763310299845953,56.93327462772923298,0.00000000000000000,0.03404838199375675,0.20852670196829456,0.00000000000000000,0.52299179591723033,-11.47623526764876445
148,-1.33339276677934104,-3.60876696099713756,65.77656206403605665,-1.33415658582126007,-3.62231064757552623,65.59425541459246745,0.00000000000000000,0.02685925596116585,0.34922121004272566,0.00000000000000000,-0.10168574865983754,-2.81525448078552021
149,-1.33339276677934104,-3.49160765228895409,70.16518367650472499,-1.33415658582126007,-3.49056100555837112,70.17028831759444074,0.00000000000000000,0.03089214867447564,0.13804749679289624,0.00000000000000000,0.03006389335731545,1.76077842221630965
150,-1.33339276677934104,-3.55093712623715918,70.34630177810318230,-1.33415658582126007,-3.53835853877928352,70.32178699220953888,0.00000000000000000,0.07191013581631689,0.14061444333077600,0.00000000000000000,-0.01773363986359464,1.91227709683149993
151,-1.33339276677934104,-4.57458995137899027,75.74351275117511761,-1.33415658582126007,-4.55948485529710545,75.68298882234009284,0.00000000000000000,0.08571983058092218,0.36057672667410995,0.00000000000000000,-1.03885995638141426,7.27347892696209009
152,-1.33339276677934104,-3.82956217396679888,67.41267422154574263,-1.33415658582126007,-3.82725313811187329,67.42125581794229561,0.00000000000000000,0.02027489146380779,0.28519583105702717,0.00000000000000000,-0.30662823919618215,-0.98825407743571447
153,-1.33339276677934104,-3.53123896632446899,72.67642827674177397,-1.33415658582126007,-3.53607769885245116,72.63556422714589189,0.00000000000000000,0.04281554695577448,0.20921234161072294,0.00000000000000000,-0.01545279993676033,4.22605433176797884
154,-1.33339276677934104,-2.79978816734067104,80.41631445027257996,-1.33415658582126007,-2.65815854889983072,80.13295114838459199,0.00000000000000000,0.31422294265269918,0.99084991615550067,0.00000000000000000,0.86246635001586391,11.72344125300657502
155,-1.33339276677934104,-4.02312017529523214,70.75221677362191031,-1.33415658582126007,-4.02997823429994551,70.65929498195247049,0.00000000000000000,0.05087024740140678,0.30793703518654864,0.00000000000000000,-0.50935333538425154,2.24978508657461296
156,-1.33339276677934104,-3.47098258288046546,81.47807075855223502,-1.33415658582126007,-3.47752092484532449,81.44113386117135178,0.00000000000000000,0.03486715238752912,0.22542768849295214,0.00000000000000000,0.04310397407036399,13.03162396579337035
157,-1.33339276677934104,-2.89048707379696479,63.91654646569728726,-1.33415658582126007,-2.89033344315784557,63.91929433126930604,0.00000000000000000,0.02693287825550322,0.18161237512607215,0.00000000000000000,0.63029145575784506,-4.49021556410874467
158,-1.33339276677934104,-3.65102214761032329,57.92340142791544366,-1.33415658582126007,-3.64337444666950727,58.02400382596908202,0.00000000000000000,0.01884451227665181,0.26319175963416641,0.00000000000000000,-0.12274954775381286,-10.38550606940891363
159,-1.33339276677934104,-3.63887266665385267,75.46167296476843944,-1.33415658582126007,-3.64660810028465088,75.37560289859639795,0.00000000000000000,0.02282771458900511,0.24366792329873338,0.00000000000000000,-0.12598320136896141,6.96609300321843694
160,-1.33339276677934104,-3.69979243404717106,70.99461844782102560,-1.33415658582126007,-3.69635581045542416,70.97682131308836517,0.00000000000000000,0.04007418869355752,0.23979928533996545,0.00000000000000000,-0.17573091153973730,2.56731141771031846
161,-1.33339276677934104,-3.22138211803538610,74.19771243421908480,-1.33415658582126007,-3.19489562906654356,74.13246990187018071,0.00000000000000000,0.13067602735455883,0.28424008685879582,0.00000000000000000,0.32572926984914652,5.72296000649212111
162,-1.33339276677934104,-3.77691575585327177,84.70133929121054450,-1.33415658582126007,-3.78189384760245328,84.72956673276573270,0.00000000000000000,0.10731952234956695,0.35229246912035572,0.00000000000000000,-0.26126894868676853,16.32005683738766066
163,-1.33339276677934104,-4.05931845985578743,73.67229681333975577,-1.33415658582126007,-4.06430237926689664,73.59857163247676226,0.00000000000000000,0.03369652663373986,0.39238362828576057,0.00000000000000000,-0.54367748035121133,5.18906173709880836
164,-1.33339276677934104,-4.54692619509037055,72.24975261904124579,-1.33415658582126007,-4.54248586979743862,72.19545129221928903,0.00000000000000000,0.03746318761111853,0.37307678342669043,0.00000000000000000,-1.02186097088174987,3.78594139684119746
165,-1.33339276677934104,-3.17432203865820650,66.61172746242969822,-1.33415658582126007,-3.16991309400110755,66.62189274064213862,0.00000000000000000,0.02727683031944735,0.14234543451112144,0.00000000000000000,0.35071180491458276,-1.78761715473596050
166,-1.33339276677934104,-3.87142609714930863,72.06436129560476900,-1.33415658582126007,-3.86732467295245552,72.10338771810633318,0.00000000000000000,0.04041879372223739,0.23616201999457651,0.00000000000000000,-0.34669977403676894,3.69387782272832288
167,-1.33339276677934104,-5.01918435596614021,73.02746679428916821,-1.33415658582126007,-5.02116611650194944,73.13176139152029975,0.00000000000000000,0.07085877466978999,0.63550438639085038,0.00000000000000000,-1.50054121758625869,4.72225149614209716
168,-1.33339276677934104,-2.37312859848609481,84.52980174431750982,-1.33415658582126007,-2.76411724481901144,88.42290909580697189,0.00000000000000000,0.31068945666209830,3.83522188825538368,0.00000000000000000,0.75650765409668075,20.01339920042875775
169,-1.33339276677934104,-2.84263282198892187,63.10368662733502987,-1.33415658582126007,-2.84404680619979322,63.09845516929379983,0.00000000000000000,0.03124680412441429,0.14268267247394090,0.00000000000000000,0.67657809271589731,-5.31105472608419227
170,-1.33339276677934104,-3.44568970931084051,69.27660438753061101,-1.33415658582126007,-3.45221777612304281,69.22233683255366543,0.00000000000000000,0.02804342378884847,0.22948366242895057,0.00000000000000000,0.06840712279264498,0.81282693717570398
171,-1.33339276677934104,-4.50759635943292913,64.47930675157230951,-1.33415658582126007,-4.51681370433309404,64.34514942085506561,0.00000000000000000,0.03708839222442045,0.39676807737249514,0.00000000000000000,-0.99618880541740473,-4.06436047452300286
172,-1.33339276677934104,-3.71580024634418660,67.52277638732128651,-1.33415658582126007,-3.71148715663793194,67.57514169783891589,0.00000000000000000,0.04364388740880801,0.16530190297769148,0.00000000000000000,-0.19086225772224097,-0.83436819753900937
173,-1.33339276677934104,-2.93399468263094398,64.56551573760403073,-1.33415658582126007,-2.93715628404708129,64.56164540859690248,0.00000000000000000,0.02312563064328207,0.11506465529174587,0.00000000000000000,0.58346861486860535,-3.84786448678107540
174,-1.33339276677934104,-4.44965321094978972,65.34243000590846862,-1.33415658582126007,-4.46092905306264154,65.25554926952703738,0.00000000000000000,0.03704832397817940,0.33033399270778641,0.00000000000000000,-0.94030415414695090,-3.15396062585100267
175,-1.33339276677934104,-4.02806102023580603,65.18310847018742038,-1.33415658582126007,-4.03015664557265030,65.17417832932964927,0.00000000000000000,0.02339640742293229,0.25182615211801956,0.00000000000000000,-0.50953174665695578,-3.23533156604851557
176,-1.33339276677934104,-3.48747120351207718,62.49674312681053578,-1.33415658582126007,-3.48871346841270968,62.50436069008613060,0.00000000000000000,0.02761300455378086,0.17989944034654765,0.00000000000000000,0.03191143050298316,-5.90514920529184284
177,-1.33339276677934104,-2.96223702138495737,78.22699314294385431,-1.33415658582126007,-3.00855103033157878,79.50507949516887152,0.00000000000000000,0.36874485031717114,3.71540303044232711,0.00000000000000000,0.51207386858411474,11.09556959979089896
178,-1.33339276677934104,-3.44174800265302849,78.97324294031920999,-1.33415658582126007,-3.44041307666177465,78.97764799023153159,0.00000000000000000,0.07310434390527198,0.53938917702176437,0.00000000000000000,0.08021182225391789,10.56813809485348266
179,-1.33339276677934104,-3.28097872956629999,64.98230885488315778,-1.33415658582126007,-3.28683647220455777,64.92855273088812851,0.00000000000000000,0.02127886759316346,0.20501562288594685,0.00000000000000000,0.23378842671113204,-3.48095716448991377
180,-1.33339276677934104,-3.54511341590091744,59.64142467634022893,-1.33415658582126007,-3.55125665981310989,59.61201397435953453,0.00000000000000000,0.02777450356152750,0.13312686769200691,0.00000000000000000,-0.03063176089741933,-8.79749592101851619
181,-1.33339276677934104,-2.71808081624372999,70.83298898582852132,-1.33415658582126007,-2.71253219512558141,70.87083994471856840,0.00000000000000000,0.03045660557754270,0.17477766551147594,0.00000000000000000,0.80809270379011144,2.46133004934048927
182,-1.33339276677934104,-4.51960613375046094,59.68425196394517229,-1.33415658582126007,-4.51820020994152305,59.67355622048969366,0.00000000000000000,0.04762113031599293,0.46766147916232959,0.00000000000000000,-0.99757531102583641,-8.73595367488836239
183,-1.33339276677934104,-3.87289742062971110,67.83657428418200652,-1.33415658582126007,-3.86147411128159845,67.88435907246247325,0.00000000000000000,0.05133840842615309,0.31329657576809189,0.00000000000000000,-0.34084921236590315,-0.52515082291549675
184,-1.33339276677934104,-3.51738173115557773,67.29511048969791887,-1.33415658582126007,-3.52116330623430063,67.26944751881592310,0.00000000000000000,0.02125871181567418,0.18273485761185962,0.00000000000000000,-0.00053840731860869,-1.14006237656216203
185,-1.33339276677934104,-2.92384428096240789,72.57845159703803972,-1.33415658582126007,-2.92704736362665408,72.56307913482528704,0.00000000000000000,0.02043478158700182,0.10046713726019055,0.00000000000000000,0.59357753528903567,4.15356923944728340
186,-1.33339276677934104,-3.41310275768226701,67.95638210827902981,-1.33415658582126007,-3.41451145792582000,67.94601652358342392,0.00000000000000000,0.03363264624267407,0.16120045402488306,0.00000000000000000,0.10611344098987166,-0.46349337179464339
187,-1.33339276677934104,-2.39345100504680186,61.94506019006569630,-1.33415658582126007,-2.40111898420223513,61.90721453982740030,0.00000000000000000,0.04484672398521483,0.17734307303063657,0.00000000000000000,1.11950591471345651,-6.50229535555064508
188,-1.33339276677934104,-3.39683238821179234,73.13602166076644551,-1.33415658582126007,-3.39491991130365145,73.14928217088316842,0.00000000000000000,0.03314909185691261,0.24460868185953255,0.00000000000000000,0.12570498761203558,4.73977227550509550
189,-1.33339276677934104,-4.24132626838433691,66.45071025308489254,-1.33415658582126007,-4.23194155059056243,66.50401502875686788,0.00000000000000000,0.06372666536325139,0.35536738106273569,0.00000000000000000,-0.71131665167487301,-1.90549486662117684
190,-1.33339276677934104,-2.66819156855291340,70.55467888519260100,-1.33415658582126007,-2.66162876553017602,70.58563010120877834,0.00000000000000000,0.01930168195525556,0.09154601677945921,0.00000000000000000,0.85899613338551539,2.17612020583069210
191,-1.33339276677934104,-3.69314096423403049,68.14215145643295557,-1.33415658582126007,-3.69190413826960251,68.12951341070301225,0.00000000000000000,0.02676368488956076,0.19917645683468846,0.00000000000000000,-0.17127923935391090,-0.27999648467502752
192,-1.33339276677934104,-3.14953485244261300,57.46593741862933058,-1.33415658582126007,-3.17595964539774034,57.32342112925331179,0.00000000000000000,0.03786061496528462,0.19839847721161261,0.00000000000000000,0.34466525351794847,-11.08608876612469807
193,-1.33339276677934104,-4.17418919317531678,82.16969982754027058,-1.33415658582126007,-4.18236324897348055,82.21844772440088889,0.00000000000000000,0.05852853406303098,0.41101115326483612,0.00000000000000000,-0.66173835005778703,13.80893782902296429
194,-1.33339276677934104,-3.25808379085977640,65.95479145588170411,-1.33415658582126007,-3.25026110436272075,65.99787796685258456,0.00000000000000000,0.02396774586367479,0.15454008821325727,0.00000000000000000,0.27036379455296600,-2.41163192852546171
195,-1.33339276677934104,-3.52443972518006454,64.52715469803065673,-1.33415658582126007,-3.52252476691256522,64.55969588019702599,0.00000000000000000,0.02457824894633153,0.23528200677894476,0.00000000000000000,-0.00189986799687799,-3.84981401518102606
196,-1.33339276677934104,-3.25796585258252991,63.32078730575977232,-1.33415658582126007,-3.25810583174035973,63.33171814246135511,0.00000000000000000,0.03703190348692682,0.34923416691545589,0.00000000000000000,0.26251906717532986,-5.07779175291665652
197,-1.33339276677934104,-3.12036540329159262,70.46009023535641802,-1.33415658582126007,-3.11146102801698898,70.46866976626454004,0.00000000000000000,0.04766822834800578,0.09689565899773822,0.00000000000000000,0.40916387089870188,2.05915987088637609
198,-1.33339276677934104,-2.26424349595234053,72.09185262429315344,-1.33415658582126007,-2.26459321372511235,72.08877738570357963,0.00000000000000000,0.06041596173935831,0.29165192632594772,0.00000000000000000,1.25603168519057817,3.67926749032571188
199,-1.33339276677934104,-3.22927921341393720,63.10511459989604077,-1.33415658582126007,-3.22920600099103172,63.09568315745964640,0.00000000000000000,0.01832630305447313,0.14685356280600417,0.00000000000000000,0.29141889792465653,-5.31382673791837590
200,-1.33339276677934104,-3.96359540115614983,62.73915327152558774,-1.33415658582126007,-3.96191296053169184,62.75773311236562080,0.00000000000000000,0.02373275055543379,0.33171677255184850,0.00000000000000000,-0.44128806161599643,-5.65177678301241571
201,-1.33339276677934104,-4.13078848755265415,76.31611183302128154,-1.33415658582126007,-4.13764298488008020,76.33786928217767809,0.00000000000000000,0.03804047405707791,0.32097549055122193,0.00000000000000000,-0.61701808596439245,7.92835938679967978
202,-1.33339276677934104,-4.50966664536712436,65.02830439071988167,-1.33415658582126007,-4.49191011186322164,65.25921242769960884,0.00000000000000000,0.03498191601477200,0.45943741481815747,0.00000000000000000,-0.97128521294752956,-3.15029746767849783
203,-1.33339276677934104,-3.97557638257243928,61.77581410438079246,-1.33415658582126007,-3.97924087111240787,61.72753469237282076,0.00000000000000000,0.02120915106082395,0.22337331592452295,0.00000000000000000,-0.45861597219671429,-6.68197520300528236
204,-1.33339276677934104,-3.88794689071777810,61.65200165866321669,-1.33415658582126007,-3.90764186760373944,61.51686490993402145,0.00000000000000000,0.02936458629916085,0.26855532252493336,0.00000000000000000,-0.38701696868804963,-6.89264498544397064
205,-1.33339276677934104,-2.53147687163425372,69.47370270661727432,-1.33415658582126007,-2.52958676372468450,69.47994219480776223,0.00000000000000000,0.03380718041016834,0.09695397766203723,0.00000000000000000,0.99103813519100126,1.07043229942982676
206,-1.33339276677934104,-3.16886859076796545,76.68678901779411206,-1.33415658582126007,-3.16970158394556645,76.68390657992024728,0.00000000000000000,0.03635514484409858,0.22897316814133561,0.00000000000000000,0.35092331497012486,8.27439668454226052
207,-1.33339276677934104,-3.80946862168628364,72.33687836823757777,-1.33415658582126007,-3.80198550393659573,72.36748901859992600,0.00000000000000000,0.03761994681049725,0.25711990735768697,0.00000000000000000,-0.28136060502090199,3.95797912322194190
208,-1.33339276677934104,-3.24396197494539740,77.45848008894240877,-1.33415658582126007,-3.28368313058286931,77.75305460942270486,0.00000000000000000,0.15655872907675647,0.96126041273356788,0.00000000000000000,0.23694176833281852,9.34354471404469500
209,-1.33339276677934104,-3.21650540026439291,73.54968046847591268,-1.33415658582126007,-3.20086225422677551,73.70488519206230649,0.00000000000000000,0.03790223131860190,0.36802377329517316,0.00000000000000000,0.31976264468891552,5.29537529668429130
210,-1.33339276677934104,-4.24120684069518550,60.22390200476022670,-1.33415658582126007,-4.23739327227457352,60.27555067166845504,0.00000000000000000,0.03459750199591820,0.44816188250395222,0.00000000000000000,-0.71676837335889032,-8.13395922370952640
211,-1.33339276677934104,-4.09375440276637459,66.71646039660097927,-1.33415658582126007,-4.10659858030915537,66.51260021011070478,0.00000000000000000,0.02849463049526215,0.42100345123454741,0.00000000000000000,-0.58597368139346218,-1.89690968526748094
212,-1.33339276677934104,-3.09100946294498513,61.53488253264255547,-1.33415658582126007,-3.08674969001966826,61.54104498349608576,0.00000000000000000,0.04613774771118777,0.30407012344513129,0.00000000000000000,0.43387520889602132,-6.86846491188197561
213,-1.33339276677934104,-3.62609646399817409,75.27218890081734060,-1.33415658582126007,-3.62109215320657984,75.32056076608598971,0.00000000000000000,0.02834072523879284,0.23104144046668304,0.00000000000000000,-0.10046725429089039,6.91105087070794522
214,-1.33339276677934104,-2.93526715025554585,77.24585513054233843,-1.33415658582126007,-2.92911127197117382,77.28838979427256106,0.00000000000000000,0.03243547907246402,0.16861752545744504,0.00000000000000000,0.59151362694451382,8.87887989889451390
215,-1.33339276677934104,-2.81963785537018996,61.44889017162311262,-1.33415658582126007,-2.81550883378629146,61.45413577472197630,0.00000000000000000,0.02810659044435802,0.11328817989379200,0.00000000000000000,0.70511606512939706,-6.95537412065614191
216,-1.33339276677934104,-3.23379502857422052,70.72730525023897030,-1.33415658582126007,-3.23485869662120518,70.73689266628166195,0.00000000000000000,0.05666744619658581,0.14048181924416070,0.00000000000000000,0.28576620229448341,2.32738277090357037
217,-1.33339276677934104,-2.83522226060303328,66.24719880445152853,-1.33415658582126007,-2.79005028090665252,66.63977658796790138,0.00000000000000000,0.10669198779637790,0.91203630374252853,0.00000000000000000,0.73057461800903922,-1.76973330741008006
218,-1.33339276677934104,-3.47125844569372566,69.72842406347690769,-1.33415658582126007,-3.47509343008850324,69.69006305658189149,0.00000000000000000,0.02259556476365509,0.19365456538156814,0.00000000000000000,0.04553146882718797,1.28055316120379503
219,-1.33339276677934104,-3.85435763316489588,74.64714173259790186,-1.33415658582126007,-3.86013438830210021,74.68650529779077374,0.00000000000000000,0.13108691961106686,0.69299719714046670,0.00000000000000000,-0.33950948938641190,6.27699540241280030
220,-1.33339276677934104,-3.23798996312109688,72.22643553971525421,-1.33415658582126007,-3.23364781421577341,72.25238125732678895,0.00000000000000000,0.02576921998203408,0.14639942929202487,0.00000000000000000,0.28697708469991345,3.84287136194881151
221,-1.33339276677934104,-4.11017213476256149,64.85905371842576983,-1.33415658582126007,-4.10720737721397011,64.88299094197724060,0.00000000000000000,0.03366576336723844,0.43081344985483250,0.00000000000000000,-0.58658247829827836,-3.52651895340080301
222,-1.33339276677934104,-3.00566033830259371,78.07319393349261816,-1.33415658582126007,-2.96403089217189875,77.94137354464358225,0.00000000000000000,0.18524047199265564,0.62319307558726489,0.00000000000000000,0.55659400674379167,9.53186364926553864
223,-1.33339276677934104,-4.19257184826616758,66.18187463355172895,-1.33415658582126007,-4.19822511521455244,66.10651479571171762,0.00000000000000000,0.02239044470828202,0.29502973322815845,0.00000000000000000,-0.67760021629886813,-2.30299509966629357
224,-1.33339276677934104,-4.60280053748071261,74.95071705238814275,-1.33415658582126007,-4.56305019966609660,74.36730337415612269,0.00000000000000000,0.09529131784197140,1.34230708562810919,0.00000000000000000,-1.04242530075040385,5.95779347877810217
225,-1.33339276677934104,-4.73569556193105345,65.29584886384110121,-1.33415658582126007,-4.73314561444296533,65.35885731169256019,0.00000000000000000,0.04522362709232248,0.53649165944161337,0.00000000000000000,-1.21252071552727725,-3.05065258368547321
226,-1.33339276677934104,-3.16744140969509225,63.17271551093672599,-1.33415658582126007,-3.17214685951560860,63.12802961309699157,0.00000000000000000,0.02720169831116758,0.18187227408391354,0.00000000000000000,0.34847803940008470,-5.28148028228108579
227,-1.33339276677934104,-4.22145850120386168,66.96069220831864754,-1.33415658582126007,-4.21560326545100761,66.96606051063994869,0.00000000000000000,0.04154708091660307,0.27283125978524048,0.00000000000000000,-0.69497836653531686,-1.44344938473806095
228,-1.33339276677934104,-4.17044183494576615,67.07020021411587152,-1.33415658582126007,-4.15955561682062047,67.12607503635906880,0.00000000000000000,0.03693915177654256,0.26890838156142211,0.00000000000000000,-0.63893071790492684,-1.28343485901904941
229,-1.33339276677934104,-4.05287082134311660,61.81982762067062254,-1.33415658582126007,-4.05363012404774192,61.83900418830304346,0.00000000000000000,0.01855346123650201,0.30953181915733247,0.00000000000000000,-0.53300522513205328,-6.57050570707498327
230,-1.33339276677934104,-3.29683006103838405,80.68891431043905982,-1.33415658582126007,-3.31171991899896812,80.70533894201518876,0.00000000000000000,0.10035888132536024,0.18783937087427513,0.00000000000000000,0.20890497991672208,12.29582904663720377
231,-1.33339276677934104,-3.49024076838894981,67.84907537996743088,-1.33415658582126007,-3.48185305282309576,67.87914332282400665,0.00000000000000000,0.03970536027764469,0.17053856981657978,0.00000000000000000,0.03877184609259338,-0.53036657255408892
232,-1.33339276677934104,-3.04152087669936355,69.72332391563880094,-1.33415658582126007,-3.03417240907975971,69.77773557595075715,0.00000000000000000,0.02839813493012660,0.17341299267871599,0.00000000000000000,0.48645248983593181,1.36822568057276861
233,-1.33339276677934104,-3.21922760638370642,63.00257523220103195,-1.33415658582126007,-3.21154816405526056,63.03580007714889177,0.00000000000000000,0.02345987622434749,0.13345445417109858,0.00000000000000000,0.30907673486042814,-5.37370981822909677
234,-1.33339276677934104,-3.60440358766779978,61.04554373953968849,-1.33415658582126007,-3.60119021854956500,61.07393577034284249,0.00000000000000000,0.02470284130568777,0.22596097168473570,0.00000000000000000,-0.08056531963387449,-7.33557412503515227
235,-1.33339276677934104,-4.02669514155346331,59.62090336875241547,-1.33415658582126007,-4.02418176179293408,59.62196625905471592,0.00000000000000000,0.02034166749005228,0.39621863557459469,0.00000000000000000,-0.50355686287724644,-8.78754363632332769
236,-1.33339276677934104,-3.49940562842138680,70.36505875997268333,-1.33415658582126007,-3.49903164008061740,70.36553641796972158,0.00000000000000000,0.02358744231737938,0.25019653135647185,0.00000000000000000,0.02159325883507208,1.95602652259176280
237,-1.33339276677934104,-3.17520495383545631,59.32194374446387286,-1.33415658582126007,-3.17627839764080111,59.30826255766261568,0.00000000000000000,0.01837019923330893,0.15940438879293878,0.00000000000000000,0.34434650127488575,-9.10124733771546168
238,-1.33339276677934104,-3.43070841376007563,74.13983345260116664,-1.33415658582126007,-3.44125861159831725,74.16464557347286757,0.00000000000000000,0.05556925165738304,0.19058886685838364,0.00000000000000000,0.07936628731737426,5.75513567809486037
239,-1.33339276677934104,-3.66833440249841081,71.46922421442722850,-1.33415658582126007,-3.67329263558763452,71.40317171852667855,0.00000000000000000,0.02268200511968049,0.24776971805464021,0.00000000000000000,-0.15266773667194877,2.99366182314855500
240,-1.33339276677934104,-4.20716166054968710,64.90412991907584228,-1.33415658582126007,-4.21020236920785784,64.86398194385498073,0.00000000000000000,0.05948980105617817,0.46633012892774556,0.00000000000000000,-0.68957747029217042,-3.54552795152302291
241,-1.33339276677934104,-3.80749847777849393,57.22814009741790642,-1.33415658582126007,-3.81712615050731507,57.09947010253135602,0.00000000000000000,0.02870602031715129,0.39056769298226590,0.00000000000000000,-0.29650125159162904,-11.31003979284663963
242,-1.33339276677934104,-3.72051126606750948,69.16538248419122681,-1.33415658582126007,-3.72143943054507753,69.16178978479007355,0.00000000000000000,0.02147351757790208,0.23433071487751730,0.00000000000000000,-0.20081453162938492,0.75227988941199342
243,-1.33339276677934104,-3.98083115062069481,76.17456448761045351,-1.33415658582126007,-4.00083532446681289,76.14303693839478626,0.00000000000000000,0.07090568519953361,0.21736548411613554,0.00000000000000000,-0.48021042555112492,7.73352704301682436
244,-1.33339276677934104,-4.09433479407221235,67.75724487333587831,-1.33415658582126007,-4.10107496309459307,67.69691832969307654,0.00000000000000000,0.02977023186472657,0.30512178512406962,0.00000000000000000,-0.58045006417890443,-0.71259156568493132
245,-1.33339276677934104,-4.17438034143651215,57.79804352523118638,-1.33415658582126007,-4.17859831058343723,57.73547810104241762,0.00000000000000000,0.02157064930310516,0.34169860508697747,0.00000000000000000,-0.65797341166774792,-10.67403179433564553
246,-1.33339276677934104,-3.15233001081967412,67.84176743384466590,-1.33415658582126007,-3.14818913158174141,67.86754168924865382,0.00000000000000000,0.02519686082652118,0.14517551643719440,0.00000000000000000,0.37243576733394745,-0.54196820612941776
247,-1.33339276677934104,-4.40240788301608443,66.10379002709292706,-1.33415658582126007,-4.39314466163382011,66.20043769786850874,0.00000000000000000,0.02489838250633451,0.33777077271967670,0.00000000000000000,-0.87251976271813059,-2.20907219750954775
248,-1.33339276677934104,-3.65430156182144295,67.41025618761844385,-1.33415658582126007,-3.66058910232018908,67.35674303713892641,0.00000000000000000,0.02819517246246937,0.18438446340420495,0.00000000000000000,-0.13996420340449559,-1.05276685823915739
249,-1.33339276677934104,-3.30802006082195144,59.45539260815118610,-1.33415658582126007,-3.31054176435721415,59.43165510537164664,0.00000000000000000,0.02749071311300075,0.29178959699821322,0.00000000000000000,0.21008313455847433,-8.97785479000637388
250,-1.33339276677934104,-3.26869617743118157,60.29216827794494549,-1.33415658582126007,-3.26707033067912844,60.31755245916190944,0.00000000000000000,0.02409038999152325,0.18180623512857377,0.00000000000000000,0.25355456823656075,-8.09195743621610220