id,p0_SAEM,alpha_SAEM,tau_SAEM,p0_mean,alpha_mean,tau_mean,p0_sd,alpha_sd,tau_sd,p0_randomEffects,alpha_randomEffects,tau_randomEffects
1,-1.24582173528755824,-3.69797239028292513,69.08927720132275851,-1.24569388358799404,-3.69050174748044535,69.12737028315480359,0.00000000000000000,0.03588908853606042,0.18842884025482981,0.00000000000000000,-0.21961057378753687,0.13587399794312111
2,-1.24582173528755824,-3.27685602866331349,71.87287679504269988,-1.24569388358799404,-3.27678464790929924,71.87332779473939581,0.00000000000000000,0.02467772105017975,0.16372653695021636,0.00000000000000000,0.19410652578360785,2.88183150952757261
3,-1.24582173528755824,-3.99118159169279041,70.42614725374775730,-1.24569388358799404,-3.99112696846474879,70.46102397240555604,0.00000000000000000,0.03814333226544635,0.22920213546978149,0.00000000000000000,-0.52023579477184168,1.46952768719382498
4,-1.24582173528755824,-3.23633844019453498,60.98150417861840822,-1.24569388358799404,-3.23589423069133364,60.98702992711779558,0.00000000000000000,0.02294346098782593,0.15662857101234559,0.00000000000000000,0.23499694300157631,-8.00446635809405826
5,-1.24582173528755824,-3.66715062852746065,73.83925569594805438,-1.24569388358799404,-3.67330380936024703,73.81151526521125561,0.00000000000000000,0.03038803077431981,0.23094945875465306,0.00000000000000000,-0.20241263566733786,4.82001897999931295
6,-1.24582173528755824,-2.84431609594037749,58.59766566220149997,-1.24569388358799404,-2.81435010840523603,58.83486979405812889,0.00000000000000000,0.05020323718512461,0.36983321925411444,0.00000000000000000,0.65654106528766665,-10.15662649115370009
7,-1.24582173528755824,-3.39067560765744824,60.97192386868795921,-1.24569388358799404,-3.38444966228326383,61.01563960224125083,0.00000000000000000,0.02343814873753356,0.16451786318951589,0.00000000000000000,0.08644151140964265,-7.97585668297056305
8,-1.24582173528755824,-3.37108509235923748,56.57174310665194383,-1.24569388358799404,-3.37264507002041736,56.57146418213903161,0.00000000000000000,0.02356594780532933,0.18920379644537902,0.00000000000000000,0.09824610367248950,-12.42003210307285244
9,-1.24582173528755824,-3.28033594268562068,61.95669969219714801,-1.24569388358799404,-3.27109386365336174,62.00793602650280434,0.00000000000000000,0.02918365223426498,0.16432818360714313,0.00000000000000000,0.19979731003954412,-6.98356025870902020
10,-1.24582173528755824,-4.10920467084851193,73.48961484014215273,-1.24569388358799404,-4.10872242540973609,73.48792354756707823,0.00000000000000000,0.04192413885763410,0.23877110437434626,0.00000000000000000,-0.63783125171683652,4.49642726235529988
11,-1.24582173528755824,-2.65319119543382920,63.94539771474427425,-1.24569388358799404,-2.65466585405933930,63.93898923128300282,0.00000000000000000,0.05754223615171354,0.15522465395912494,0.00000000000000000,0.81622531963357203,-5.05250705392880306
12,-1.24582173528755824,-3.45771074571279469,73.43978802367372793,-1.24569388358799404,-3.45913613294660172,73.44585903874762778,0.00000000000000000,0.03388269325842266,0.19907311420777205,0.00000000000000000,0.01175504074630501,4.45436275353584232
13,-1.24582173528755824,-3.02608652805432055,68.91794898938034919,-1.24569388358799404,-3.03618526795882904,68.87456831473997454,0.00000000000000000,0.01838893799567560,0.09450563017738661,0.00000000000000000,0.43470590573407436,-0.11692797047186934
14,-1.24582173528755824,-2.69420749171027918,66.88311950184126431,-1.24569388358799404,-2.69921202722520759,66.87264704322899433,0.00000000000000000,0.02583750534362443,0.15245449826662677,0.00000000000000000,0.77167914646770297,-2.11884924198290081
15,-1.24582173528755824,-3.15404974819498207,79.72285086528924580,-1.24569388358799404,-3.16531875835901655,79.70237426668298042,0.00000000000000000,0.05978090982382188,0.15385886780505403,0.00000000000000000,0.30557241533389284,10.71087798147115322
16,-1.24582173528755824,-3.52695474510827500,56.51447680709140542,-1.24569388358799404,-3.52333672730675307,56.54393760710141947,0.00000000000000000,0.02363604390727783,0.21716924142865046,0.00000000000000000,-0.05244555361384404,-12.44755867811038108
17,-1.24582173528755824,-3.19455555307687389,69.93723298279309120,-1.24569388358799404,-3.19635988393990900,69.93183480502730731,0.00000000000000000,0.02331330258025793,0.13802656339032363,0.00000000000000000,0.27453128975300034,0.94033851981544636
18,-1.24582173528755824,-3.47227495113033546,55.69111918790758153,-1.24569388358799404,-3.47932537574876033,55.64066467227166868,0.00000000000000000,0.02330621324274879,0.21029495047373264,0.00000000000000000,-0.00843420205585380,-13.35083161294011589
19,-1.24582173528755824,-3.40787643996262979,74.18575183672929541,-1.24569388358799404,-3.41608308552080064,74.13189831502252503,0.00000000000000000,0.02302914120575640,0.17083661271613734,0.00000000000000000,0.05480808817210533,5.14040202981074668
20,-1.24582173528755824,-3.48524240127541374,62.22656217834263259,-1.24569388358799404,-3.48211733611537344,62.24700134974433041,0.00000000000000000,0.02074310047575747,0.19988324891027848,0.00000000000000000,-0.01122616242246137,-6.74449493546751633
21,-1.24582173528755824,-3.38774400430248690,64.44291740792044720,-1.24569388358799404,-3.38184089411775934,64.48675473011947190,0.00000000000000000,0.03378562791820451,0.24537460622011190,0.00000000000000000,0.08905027957514945,-4.50474155509234020
22,-1.24582173528755824,-4.42855477852643364,74.22509031624151987,-1.24569388358799404,-4.42520682053993575,74.25418283769639061,0.00000000000000000,0.07544374184053908,0.47492643383465655,0.00000000000000000,-0.95431564684702586,5.26268655248448081
23,-1.24582173528755824,-3.77875219762275671,65.99117576225043535,-1.24569388358799404,-3.76292916638877450,66.14178600987284540,0.00000000000000000,0.03279627679932209,0.31215051612638284,0.00000000000000000,-0.29203799269586644,-2.84971027533906662
24,-1.24582173528755824,-4.66833006637586756,73.30996084693879311,-1.24569388358799404,-4.66526898311952998,73.34582421776977412,0.00000000000000000,0.05966107142436633,0.45415532631099542,0.00000000000000000,-1.19437780942661465,4.35432793255793005
25,-1.24582173528755824,-3.70811666650225691,72.35201452563974556,-1.24569388358799404,-3.70010211146013068,72.33582861367364103,0.00000000000000000,0.05710373754713307,0.24308634060376580,0.00000000000000000,-0.22921093776722068,3.34433232846181294
26,-1.24582173528755824,-2.83725255313298774,73.78530199937742395,-1.24569388358799404,-2.85132392764651055,73.84437752973664715,0.00000000000000000,0.09710323829389500,0.19781330308552805,0.00000000000000000,0.61956724604639657,4.85288124452485459
27,-1.24582173528755824,-3.77128571206859764,65.85707812450510801,-1.24569388358799404,-3.77240046765819370,65.84848432238359806,0.00000000000000000,0.02772714715999830,0.26300801054543160,0.00000000000000000,-0.30150929396528958,-3.14301196282827933
28,-1.24582173528755824,-3.21612205045317978,70.21931037999523539,-1.24569388358799404,-3.20869247233877397,70.26685359296253353,0.00000000000000000,0.02308192661320190,0.19345359276718840,0.00000000000000000,0.26219870135413464,1.27535730775070433
29,-1.24582173528755824,-2.85927974125002127,77.09767715976664704,-1.24569388358799404,-2.85329588075818519,77.12143032810149634,0.00000000000000000,0.02683669965820916,0.10652154322902245,0.00000000000000000,0.61759529293472226,8.12993404288956967
30,-1.24582173528755824,-3.88773305816957793,64.86018120532474995,-1.24569388358799404,-3.88452779992841180,64.91197314379253669,0.00000000000000000,0.02443513990323785,0.32695688711258725,0.00000000000000000,-0.41363662623550534,-4.07952314141928962
31,-1.24582173528755824,-2.98101737347901086,62.95291960172510670,-1.24569388358799404,-2.98212136723849541,62.95803404931553615,0.00000000000000000,0.02542702978374060,0.11329903123958374,0.00000000000000000,0.48876980645441270,-6.03346223589632125
32,-1.24582173528755824,-3.10217299701789617,70.91877501215468271,-1.24569388358799404,-3.10649859024169128,70.90020367591002071,0.00000000000000000,0.03230473731967298,0.20086316409429802,0.00000000000000000,0.36439258345121861,1.90870739069822903
33,-1.24582173528755824,-3.73663338934148692,70.67470430294305572,-1.24569388358799404,-3.72980948633037102,70.64998287195068372,0.00000000000000000,0.07421538418100211,0.28854779978004252,0.00000000000000000,-0.25891831263746251,1.65848658673887672
34,-1.24582173528755824,-3.33346829267486333,64.82695713956076133,-1.24569388358799404,-3.32882433919036025,64.85205103575128760,0.00000000000000000,0.01852494155215442,0.10925860155073572,0.00000000000000000,0.14206683450254873,-4.13944524946054582
35,-1.24582173528755824,-3.33943921430560531,71.59450970362111377,-1.24569388358799404,-3.34557961819450167,71.59415231634383758,0.00000000000000000,0.03448936552773803,0.11596003792697895,0.00000000000000000,0.12531155549840486,2.60265603113204058
36,-1.24582173528755824,-3.51125876196612285,65.99323911218338878,-1.24569388358799404,-3.51308820434843394,65.97333476691083831,0.00000000000000000,0.02476024897458076,0.20947651049844371,0.00000000000000000,-0.04219703065552859,-3.01816151830087875
37,-1.24582173528755824,-3.81507557002571618,61.03868425714762935,-1.24569388358799404,-3.82029931293944758,61.00549309867341918,0.00000000000000000,0.03500389933150808,0.34983875371882450,0.00000000000000000,-0.34940813924653874,-7.98600318653837782
38,-1.24582173528755824,-2.84902183877164061,66.02452859482239944,-1.24569388358799404,-2.85520526696943788,65.95932901013803473,0.00000000000000000,0.03612694112737225,0.34886822151270702,0.00000000000000000,0.61568590672347334,-3.03216727507388972
39,-1.24582173528755824,-3.54666542947125807,70.31989965474937776,-1.24569388358799404,-3.54465925322341358,70.29902157503089200,0.00000000000000000,0.02382371151384910,0.20834975767467687,0.00000000000000000,-0.07376807953050381,1.30752528981902594
40,-1.24582173528755824,-2.87179596523115110,63.82518554545397649,-1.24569388358799404,-2.86957831986883649,63.83945025253348859,0.00000000000000000,0.02268180464621774,0.09215709781989261,0.00000000000000000,0.60131285382407185,-5.15204603267834393
41,-1.24582173528755824,-3.80085148180508980,66.98697616926683907,-1.24569388358799404,-3.80884949666362393,66.92293911788348737,0.00000000000000000,0.03415149289102841,0.20552175573663639,0.00000000000000000,-0.33795832297071465,-2.06855716732831718
42,-1.24582173528755824,-2.56110042475544564,68.55041814718417470,-1.24569388358799404,-2.55604922968119030,68.56414286210547004,0.00000000000000000,0.01961696178310246,0.08437676943526828,0.00000000000000000,0.91484194401171948,-0.42735342310633312
43,-1.24582173528755824,-3.01680662814398604,70.21883603127321294,-1.24569388358799404,-3.01389412204777152,70.22843000441901040,0.00000000000000000,0.03111255485475458,0.15882157818076306,0.00000000000000000,0.45699705164513715,1.23693371920720430
44,-1.24582173528755824,-3.35887174191575877,58.26998409506788335,-1.24569388358799404,-3.37049323414220314,58.16938822885191485,0.00000000000000000,0.03335116821240925,0.30689911460321384,0.00000000000000000,0.10039793955070400,-10.82210805635990880
45,-1.24582173528755824,-2.97976128314554467,69.88196416894274421,-1.24569388358799404,-2.97712493496300779,69.91230323119850709,0.00000000000000000,0.03372156854499633,0.16885062871527032,0.00000000000000000,0.49376623872990349,0.92080694598661494
46,-1.24582173528755824,-3.30511586061950391,65.78039800929349212,-1.24569388358799404,-3.30812702693531291,65.76037204399652580,0.00000000000000000,0.02055986654136105,0.16061626601911744,0.00000000000000000,0.16276414675759629,-3.23112424121531472
47,-1.24582173528755824,-3.03691689878277815,69.79520534398329801,-1.24569388358799404,-3.03826053493331960,69.77544527692531062,0.00000000000000000,0.02008402693867169,0.09416073283153584,0.00000000000000000,0.43263063875958574,0.78394899171352950
48,-1.24582173528755824,-3.81172085211916611,72.27569891693951831,-1.24569388358799404,-3.81261630221924941,72.27361456410019969,0.00000000000000000,0.02221423517486260,0.21017739206215988,0.00000000000000000,-0.34172512852633979,3.28211827888835650
49,-1.24582173528755824,-3.07554749859833487,73.63618749043195066,-1.24569388358799404,-3.07604568488920327,73.62003600816215965,0.00000000000000000,0.08178302505628772,0.15965367159350577,0.00000000000000000,0.39484548880370507,4.62853972295031735
50,-1.24582173528755824,-2.89542434627215028,70.28251097893659960,-1.24569388358799404,-2.89400002765594611,70.28949509625748249,0.00000000000000000,0.01820037629142847,0.13020956417119151,0.00000000000000000,0.57689114603695879,1.29799881104549231
51,-1.24582173528755824,-3.37614764450480198,66.61498439722683429,-1.24569388358799404,-3.37612809009478720,66.61284067204533699,0.00000000000000000,0.02202294950995300,0.15639283706926738,0.00000000000000000,0.09476308359812288,-2.37865561316648311
52,-1.24582173528755824,-3.05577148104618823,65.23469256890405177,-1.24569388358799404,-3.05684841313254330,65.23562979399190453,0.00000000000000000,0.01704010845930519,0.11273214614284158,0.00000000000000000,0.41404276056036510,-3.75586649121994043
53,-1.24582173528755824,-3.04997673287474935,65.46118333013797042,-1.24569388358799404,-3.08208814859298119,65.19308872913578057,0.00000000000000000,0.10407302334508640,0.82762595854496113,0.00000000000000000,0.38880302509992798,-3.79840755607604175
54,-1.24582173528755824,-3.53436665060120836,71.62482287822625437,-1.24569388358799404,-3.52717979884591637,71.68341867803657408,0.00000000000000000,0.02416278805633054,0.19953728874890941,0.00000000000000000,-0.05628862515300968,2.69192239282465895
55,-1.24582173528755824,-2.83824962772242273,62.52159656151487610,-1.24569388358799404,-2.83380049617248808,62.53918554242541461,0.00000000000000000,0.02064213712793362,0.10192823757469310,0.00000000000000000,0.63709067752041904,-6.45231074278641969
56,-1.24582173528755824,-2.95902489962238668,70.54631744736003895,-1.24569388358799404,-2.97200515370954621,70.46164584969504574,0.00000000000000000,0.03538051649604598,0.34108695054577431,0.00000000000000000,0.49888601998336213,1.47014956448320078
57,-1.24582173528755824,-3.41034578858693971,68.98788597606422002,-1.24569388358799404,-3.40940519124429819,69.00049498920748192,0.00000000000000000,0.02748404011649111,0.21069487883687030,0.00000000000000000,0.06148598244860811,0.00899870399562299
58,-1.24582173528755824,-3.99909296344881993,58.60172322455369454,-1.24569388358799404,-3.99794876933789523,58.59763782736951043,0.00000000000000000,0.02685105404357892,0.31265861442428661,0.00000000000000000,-0.52705759564497878,-10.39385845784231677
59,-1.24582173528755824,-3.34532088911780567,75.92406325033155667,-1.24569388358799404,-3.34144806290715479,75.95058428227108038,0.00000000000000000,0.02519957099835885,0.20070297500555287,0.00000000000000000,0.12944311078575596,6.95908799705925940
60,-1.24582173528755824,-2.81409283611126160,71.25141455424633818,-1.24569388358799404,-2.81815062702420605,71.22606885560726653,0.00000000000000000,0.03275209102545271,0.14610381123944161,0.00000000000000000,0.65274054666869930,2.23457257039554946
61,-1.24582173528755824,-2.90724799242250409,62.83484870864567284,-1.24569388358799404,-2.90389885332383368,62.84125782615830502,0.00000000000000000,0.03348502339006194,0.09573912025357395,0.00000000000000000,0.56699232036907088,-6.15023845905353728
62,-1.24582173528755824,-2.66419000688570096,80.95222883823782922,-1.24569388358799404,-2.66827024552033709,80.92640852588964151,0.00000000000000000,0.03262582404836860,0.11433585001702844,0.00000000000000000,0.80262092817256692,11.93491224067778056
63,-1.24582173528755824,-4.10718264248981413,61.67077072409362870,-1.24569388358799404,-4.09501952893141485,61.90277500064854621,0.00000000000000000,0.02661199885650727,0.41929089299405153,0.00000000000000000,-0.62412835523851229,-7.08872128456333606
64,-1.24582173528755824,-3.41815904903427947,70.59033681218001277,-1.24569388358799404,-3.41951120908411044,70.59682847077324652,0.00000000000000000,0.02203017703959915,0.17377043525831823,0.00000000000000000,0.05137996460879900,1.60533218556143020
65,-1.24582173528755824,-3.42547496426355202,77.62292796380422999,-1.24569388358799404,-3.42354944256709137,77.62129955456946107,0.00000000000000000,0.02433737605682711,0.15522847917555044,0.00000000000000000,0.04734173112581581,8.62980326935762498
66,-1.24582173528755824,-2.86622787294439973,70.40069688790497082,-1.24569388358799404,-2.86975594226344288,70.35683516820211025,0.00000000000000000,0.02792276405127347,0.19767512794171679,0.00000000000000000,0.60113523142946368,1.36533888299026906
67,-1.24582173528755824,-3.45193771631420887,84.31169737667407560,-1.24569388358799404,-3.46057440670734540,84.43581504748485145,0.00000000000000000,0.16005384504761352,1.44524560359801990,0.00000000000000000,0.01031676698556147,15.44431876227293188
68,-1.24582173528755824,-3.91513455761588380,72.82265095404791566,-1.24569388358799404,-3.92341273537461221,72.73812699292660966,0.00000000000000000,0.03146596351646210,0.28947600152450764,0.00000000000000000,-0.45252156168170327,3.74663070771481843
69,-1.24582173528755824,-3.69560909978332619,74.13845062588659118,-1.24569388358799404,-3.69615655384444031,74.15739959559438432,0.00000000000000000,0.03863436076378440,0.26606244094200177,0.00000000000000000,-0.22526538015153530,5.16590331038260864
70,-1.24582173528755824,-4.00300598809255970,72.81663111505343977,-1.24569388358799404,-4.00248352935616314,72.83560658723381209,0.00000000000000000,0.02875877830023046,0.26780847615890685,0.00000000000000000,-0.53159235566325325,3.84411030202202442
71,-1.24582173528755824,-4.33960087263703720,73.05514179711536826,-1.24569388358799404,-4.34205227710303010,73.03257914385687855,0.00000000000000000,0.05577128990850540,0.33466090461404469,0.00000000000000000,-0.87116110341012565,4.04108285864491368
72,-1.24582173528755824,-4.23021260661257248,64.57309645025223688,-1.24569388358799404,-4.22525748677152446,64.58930073390639848,0.00000000000000000,0.03829099899027150,0.31638572804109499,0.00000000000000000,-0.75436631307861801,-4.40219555130546958
73,-1.24582173528755824,-3.37161775738713088,68.31929900175173032,-1.24569388358799404,-3.37862298628754054,68.26310783286139383,0.00000000000000000,0.03038351728591732,0.24486371941170085,0.00000000000000000,0.09226818740536938,-0.72838845235033089
74,-1.24582173528755824,-3.25081822410947385,74.44649469719458068,-1.24569388358799404,-3.23963431916782785,74.48189045590632418,0.00000000000000000,0.04070917064451424,0.11529063169500452,0.00000000000000000,0.23125685452507891,5.49039417069448277
75,-1.24582173528755824,-4.13656811641131039,68.00509437346406116,-1.24569388358799404,-4.13503446839858135,68.03516072651359536,0.00000000000000000,0.04360043172713713,0.29486753227688384,0.00000000000000000,-0.66414329470567257,-0.95633555869822540
76,-1.24582173528755824,-3.30591901021719758,71.95752775899698861,-1.24569388358799404,-3.37365708901361394,72.20580692226658925,0.00000000000000000,0.11130433207819639,0.43473455735049732,0.00000000000000000,0.09723408467929134,3.21431063705479891
77,-1.24582173528755824,-3.20665393500267504,61.34745333073569640,-1.24569388358799404,-3.20797540241538259,61.30993711563856863,0.00000000000000000,0.02397435395478978,0.17618600518151853,0.00000000000000000,0.26291577127752414,-7.68155916957336160
78,-1.24582173528755824,-2.90125609705951826,74.55184106335397587,-1.24569388358799404,-2.89569781708023655,74.57115889156185062,0.00000000000000000,0.03707368441704264,0.18664315988540206,0.00000000000000000,0.57519335661267379,5.57966260634999855
79,-1.24582173528755824,-3.88735790862823638,65.31699507981147690,-1.24569388358799404,-3.89438478285316592,65.24964532799445749,0.00000000000000000,0.02492834480764086,0.25275514387718823,0.00000000000000000,-0.42349360916025564,-3.74185095721736305
80,-1.24582173528755824,-3.31136927543757986,87.20996911106355753,-1.24569388358799404,-3.19160941594065450,86.49519160269390738,0.00000000000000000,0.37946544667859272,4.62048100655062122,0.00000000000000000,0.27928175775225672,17.50369531748213703
81,-1.24582173528755824,-3.88675253906495755,60.86749658867020685,-1.24569388358799404,-3.86839035326050817,61.07454915141217100,0.00000000000000000,0.04555580354640356,0.48192166827778626,0.00000000000000000,-0.39749917956759739,-7.91694713379968107
82,-1.24582173528755824,-3.74989212434823838,69.08727796104524543,-1.24569388358799404,-3.74530080939759991,69.10442884590338508,0.00000000000000000,0.04305281101762736,0.27745418976815289,0.00000000000000000,-0.27440963570469473,0.11293256069160186
83,-1.24582173528755824,-3.70423082318227292,68.53389512498506519,-1.24569388358799404,-3.70524936245116399,68.54231716124320428,0.00000000000000000,0.11908503931649521,0.30349430319145426,0.00000000000000000,-0.23435818875825540,-0.44917912396868609
84,-1.24582173528755824,-3.86441883108105388,61.73775870884161776,-1.24569388358799404,-3.84652232238573299,61.91074272636331699,0.00000000000000000,0.05607984508462479,0.60831143672740140,0.00000000000000000,-0.37563114869282366,-7.08075355884848889
85,-1.24582173528755824,-4.46451951253453494,66.68939949138848533,-1.24569388358799404,-4.48442192464543776,66.55985496891318576,0.00000000000000000,0.10913005957349703,0.61320435469147816,0.00000000000000000,-1.01353075095253620,-2.43164131629857305
86,-1.24582173528755824,-3.18283870052506224,73.30777587256467598,-1.24569388358799404,-3.17763836845724068,73.34794772971575583,0.00000000000000000,0.02285709748209043,0.16785830218270512,0.00000000000000000,0.29325280523566472,4.35645144450384869
87,-1.24582173528755824,-2.85103598853303586,62.24491848298058017,-1.24569388358799404,-2.85341277772049606,62.23866373015655284,0.00000000000000000,0.03655713379688119,0.11342615009820048,0.00000000000000000,0.61747839597241372,-6.75283255505531610
88,-1.24582173528755824,-3.51604615983321178,68.28461341058670087,-1.24569388358799404,-3.52762352659594525,68.15142625404683940,0.00000000000000000,0.03233715383519957,0.34300206428794155,0.00000000000000000,-0.05673235290303515,-0.84007003116506251
89,-1.24582173528755824,-3.52267935454140302,56.24927310053229945,-1.24569388358799404,-3.52398623220326979,56.23187169839491162,0.00000000000000000,0.01915705176669748,0.17907702480581394,0.00000000000000000,-0.05309505851036163,-12.75962458681693690
90,-1.24582173528755824,-3.10443591511285533,76.95779600258029518,-1.24569388358799404,-3.10295049176894988,76.94723845742927892,0.00000000000000000,0.04509281787498781,0.12256351976488329,0.00000000000000000,0.36794068192396051,7.95574217221742064
91,-1.24582173528755824,-3.56858196451906817,77.33130246744597969,-1.24569388358799404,-3.54227542032986387,77.13367652684327425,0.00000000000000000,0.15143350364017882,1.14328273973624683,0.00000000000000000,-0.07138424663695775,8.14218024163151100
92,-1.24582173528755824,-3.93595677578168379,59.94427340075002064,-1.24569388358799404,-3.93395249989545581,59.94016103079044910,0.00000000000000000,0.02968700114433964,0.26971779534902146,0.00000000000000000,-0.46306132620254659,-9.05133525442138165
93,-1.24582173528755824,-3.59905203749714486,59.29444743534771334,-1.24569388358799404,-3.59674666080882810,59.34887490530230281,0.00000000000000000,0.03076876157605467,0.35245540504371015,0.00000000000000000,-0.12585548711592032,-9.64262137990948709
94,-1.24582173528755824,-3.45813540150527698,77.48706181203624510,-1.24569388358799404,-3.43004085116270696,77.63789212216684632,0.00000000000000000,0.04850352379794958,0.28230726376539539,0.00000000000000000,0.04085032253020170,8.64639583695506531
95,-1.24582173528755824,-3.57704269142937115,62.43595992136861383,-1.24569388358799404,-3.57669832034990876,62.43226821640776336,0.00000000000000000,0.02480581761287635,0.23295393008264803,0.00000000000000000,-0.10580714665699897,-6.55922806880408249
96,-1.24582173528755824,-3.25976531148553406,65.43355705681604206,-1.24569388358799404,-3.26171810091864289,65.42383040883056822,0.00000000000000000,0.03733926254977241,0.39051566166276958,0.00000000000000000,0.20917307277426689,-3.56766587638134380
97,-1.24582173528755824,-3.44441798715727909,70.13365717342264816,-1.24569388358799404,-3.45198373489750665,70.09512345390466237,0.00000000000000000,0.03549141899907041,0.23152258595029557,0.00000000000000000,0.01890743879540179,1.10362716869274013
98,-1.24582173528755824,-3.05112709407236204,61.65562218301241870,-1.24569388358799404,-3.05925925209651339,61.60332289288383834,0.00000000000000000,0.02937232971053842,0.18654217213262142,0.00000000000000000,0.41163192159639272,-7.38817339232793824
99,-1.24582173528755824,-3.56209584909364585,75.26180055519363066,-1.24569388358799404,-3.56370539027843902,75.22695416639761845,0.00000000000000000,0.05834514651496698,0.26420085027835327,0.00000000000000000,-0.09281421658552858,6.23545788118578415
100,-1.24582173528755824,-3.09926401684317021,66.76218422870540792,-1.24569388358799404,-3.10587295018250442,66.72947643404755524,0.00000000000000000,0.02532976372630251,0.12950826898574944,0.00000000000000000,0.36501822351040814,-2.26201985116417603
101,-1.24582173528755824,-2.84854890793273263,66.18903554162722003,-1.24569388358799404,-2.84626790814373276,66.17417800396030714,0.00000000000000000,0.03760996225934396,0.12628273359783279,0.00000000000000000,0.62462326554918068,-2.81731828125147077
102,-1.24582173528755824,-3.48614955835071472,74.28835185280634335,-1.24569388358799404,-3.49180362306532999,74.31232567713294657,0.00000000000000000,0.12919233514068462,1.01859259601029750,0.00000000000000000,-0.02091244937242238,5.32082939192115312
103,-1.24582173528755824,-3.30174143694518785,79.51356028753667715,-1.24569388358799404,-3.39848062924815464,79.94415282491821984,0.00000000000000000,0.12578975687435837,0.59299156307004641,0.00000000000000000,0.07241054444475345,10.95265653970642106
104,-1.24582173528755824,-3.02563917973266205,64.95269510619276332,-1.24569388358799404,-3.02027989671510078,64.96667882240950576,0.00000000000000000,0.01814431063821915,0.09975783008716396,0.00000000000000000,0.45061127697780767,-4.02481746280232500
105,-1.24582173528755824,-3.41876724660370712,79.71513511174816813,-1.24569388358799404,-3.42221523090218893,79.67905121628858467,0.00000000000000000,0.09862619855238747,0.30818733549181421,0.00000000000000000,0.04867594279072429,10.68755493107661891
106,-1.24582173528755824,-2.27834760427842831,72.54193960943212005,-1.24569388358799404,-2.27926339675874168,72.53910594048566907,0.00000000000000000,0.04159064787492881,0.07894219144994528,0.00000000000000000,1.19162777693416611,3.54760965527385652
107,-1.24582173528755824,-4.15550167859351838,54.88435384983411325,-1.24569388358799404,-4.19756110118352677,54.18330885973675493,0.00000000000000000,0.07740110122567456,1.24786800187712621,0.00000000000000000,-0.72666992749062431,-14.80818742547502609
108,-1.24582173528755824,-2.75843079843860473,67.28765374163134538,-1.24569388358799404,-2.75546455591223083,67.27404527035351123,0.00000000000000000,0.08379326666498214,0.14548894319057629,0.00000000000000000,0.71542661778067751,-1.71745101485831975
109,-1.24582173528755824,-3.05388932910004973,65.77159954641301454,-1.24569388358799404,-3.06430447803712624,65.76195503111928531,0.00000000000000000,0.03573291809404548,0.13573630078051865,0.00000000000000000,0.40658669565578054,-3.22954125409248105
110,-1.24582173528755824,-4.18049151398327279,59.79592403785630950,-1.24569388358799404,-4.18953047612690455,59.67449242784693553,0.00000000000000000,0.05564760656441684,0.67865947747137079,0.00000000000000000,-0.71863930243399832,-9.31700385736493786
111,-1.24582173528755824,-3.26761945647406060,54.98789217739184920,-1.24569388358799404,-3.24336223342857943,55.06427739727005388,0.00000000000000000,0.05563079864797301,0.23335436518783939,0.00000000000000000,0.22752894026433193,-13.92721888794180174
112,-1.24582173528755824,-3.96184624410521735,65.46259569457185989,-1.24569388358799404,-3.97459308993488403,65.37762047446545921,0.00000000000000000,0.04541633164709878,0.30923408280276649,0.00000000000000000,-0.50370191624197302,-3.61387581074638309
113,-1.24582173528755824,-3.16576588863782460,67.42828993345749211,-1.24569388358799404,-3.16701901338381075,67.41405862520686298,0.00000000000000000,0.02488653275964558,0.15636857248461083,0.00000000000000000,0.30387216030909847,-1.57743766000484409
114,-1.24582173528755824,-4.32813748931263209,62.04482342363689185,-1.24569388358799404,-4.32597856795900437,62.06019349171302224,0.00000000000000000,0.05220251146792901,0.49786018450894926,0.00000000000000000,-0.85508739426609515,-6.93130279349881118
115,-1.24582173528755824,-3.60352577919977746,68.03220891251078228,-1.24569388358799404,-3.60259813795244410,68.04736704870485653,0.00000000000000000,0.03305058934044378,0.30383697122013376,0.00000000000000000,-0.13170696425953438,-0.94412923650692637
116,-1.24582173528755824,-3.25077471979468147,61.33530177305779318,-1.24569388358799404,-3.24946544926312919,61.33791817623462350,0.00000000000000000,0.02095496832137981,0.15345449123823862,0.00000000000000000,0.22142572442978048,-7.65357810897715840
117,-1.24582173528755824,-3.32255023265466098,78.58440255175138134,-1.24569388358799404,-3.33400728647395228,78.57201399301722233,0.00000000000000000,0.06086928982202617,0.26773707128480778,0.00000000000000000,0.13688388721895461,9.58051770780536316
118,-1.24582173528755824,-4.31174527606682290,79.91735396761777110,-1.24569388358799404,-4.35734463226323943,80.43461828820311155,0.00000000000000000,0.17966053071926896,1.82542361928462715,0.00000000000000000,-0.88645345857033508,11.44312200299121862
119,-1.24582173528755824,-2.37441918678526775,63.51308683071603411,-1.24569388358799404,-2.37500120736441334,63.51100890853935965,0.00000000000000000,0.03214802475790839,0.12382304958736501,0.00000000000000000,1.09588996632849356,-5.48048737667246399
120,-1.24582173528755824,-2.95040786898768381,82.68307288583331172,-1.24569388358799404,-2.96316367413694337,82.73034562362393274,0.00000000000000000,0.19665413920122990,0.96633421937769903,0.00000000000000000,0.50772749955596586,13.73884933841219436
121,-1.24582173528755824,-3.47311297876389347,65.49502638701609669,-1.24569388358799404,-3.47150285201037256,65.46048371416208056,0.00000000000000000,0.03417595341511045,0.17470773367362583,0.00000000000000000,-0.00061167831746345,-3.53101257104972843
122,-1.24582173528755824,-3.65331791540193862,81.67163114100631560,-1.24569388358799404,-3.64985010862563586,81.65418642117961667,0.00000000000000000,0.06215431114177781,0.23685143535602868,0.00000000000000000,-0.17895893493272511,12.66269013596761006
123,-1.24582173528755824,-3.45948369409911693,84.32347808790586896,-1.24569388358799404,-3.43802108418471830,84.33380801547579608,0.00000000000000000,0.10193897774136296,0.22602936987030559,0.00000000000000000,0.03287008950818889,15.34231173026395467
124,-1.24582173528755824,-3.49715837747755609,78.07040331602088656,-1.24569388358799404,-3.49215617929367017,78.09430593633994988,0.00000000000000000,0.04141151028909534,0.22220719672419001,0.00000000000000000,-0.02126500560076327,9.10280965112798768
125,-1.24582173528755824,-3.33253616474218228,72.97812002453075308,-1.24569388358799404,-3.32748840371097065,72.99515029751162842,0.00000000000000000,0.03815129079020296,0.22064429785502801,0.00000000000000000,0.14340276998193641,4.00365401229982876
126,-1.24582173528755824,-4.19575506449533719,68.60198992217601699,-1.24569388358799404,-4.19493144170555521,68.58949278502876723,0.00000000000000000,0.03528814785509465,0.25443402742630783,0.00000000000000000,-0.72404026801264543,-0.40200350018303033
127,-1.24582173528755824,-3.94369540179140232,76.77169578421859342,-1.24569388358799404,-3.93074383704536290,76.73892509490939062,0.00000000000000000,0.06732918804561656,0.40412810536772142,0.00000000000000000,-0.45985266335245412,7.74742880969757408
128,-1.24582173528755824,-4.76189887683678226,76.15500210855184093,-1.24569388358799404,-4.77699191926854017,76.16461960521225194,0.00000000000000000,0.07970986470332743,0.59869743461507940,0.00000000000000000,-1.30610074557563305,7.17312332000037856
129,-1.24582173528755824,-3.11664518339834418,82.31081928989488006,-1.24569388358799404,-3.11568043184490673,82.29550700488563564,0.00000000000000000,0.06059437840660298,0.13773056769751874,0.00000000000000000,0.35521074184800494,13.30401071967392390
130,-1.24582173528755824,-4.16429878294418732,79.91211805096878606,-1.24569388358799404,-4.16179586511062904,79.91228974771061644,0.00000000000000000,0.04292090458044261,0.32463958628575940,0.00000000000000000,-0.69090469141772293,10.92079346249888161
131,-1.24582173528755824,-3.08071488342777267,60.68444825020518607,-1.24569388358799404,-3.07155488322911419,60.74282036727427680,0.00000000000000000,0.03444738527716255,0.23970782197350574,0.00000000000000000,0.39933629046379365,-8.24867591793755395
132,-1.24582173528755824,-4.00755629224351750,65.49606041977575899,-1.24569388358799404,-3.99456974675441590,65.59167772054249212,0.00000000000000000,0.03382847433771586,0.34469203509304108,0.00000000000000000,-0.52367857306151111,-3.39981856466939325
133,-1.24582173528755824,-3.22671687983057964,69.56489430900766990,-1.24569388358799404,-3.21925038934394658,69.61745426976999340,0.00000000000000000,0.02331299977125126,0.17748360540713720,0.00000000000000000,0.25164078434896336,0.62595798455826279
134,-1.24582173528755824,-3.10324954432249944,74.59143433246710231,-1.24569388358799404,-3.11150688436750800,74.65327510847382086,0.00000000000000000,0.14063224517555323,0.63878951056289346,0.00000000000000000,0.35938428932540045,5.66177882326186754
135,-1.24582173528755824,-4.29608173121401560,71.88011710921659869,-1.24569388358799404,-4.30020025016005558,71.92601711829632904,0.00000000000000000,0.07220604691524775,0.37322952412985216,0.00000000000000000,-0.82930907646714780,2.93452083308452893
136,-1.24582173528755824,-2.16501909596474951,68.65789893682594425,-1.24569388358799404,-2.17992869356200858,68.64862092377832425,0.00000000000000000,0.09147498376822459,0.08806063962606714,0.00000000000000000,1.29096248013090342,-0.34287536143353875
137,-1.24582173528755824,-3.45361334666679198,73.31848358185904146,-1.24569388358799404,-3.44812636408145412,73.34213642051889792,0.00000000000000000,0.06333592526810294,0.23324432914007595,0.00000000000000000,0.02276480961145203,4.35064013530703608
138,-1.24582173528755824,-2.14874655974821627,65.63590604194341438,-1.24569388358799404,-2.08182099535442955,65.72966077214240954,0.00000000000000000,0.15219047792920440,0.21781342948007351,0.00000000000000000,1.38907017833848401,-3.26183551306929509
139,-1.24582173528755824,-3.86247017232115164,52.44066296110094783,-1.24569388358799404,-3.87011492130889501,52.34301525726606030,0.00000000000000000,0.03529157415823727,0.49227749298142331,0.00000000000000000,-0.39922374761598678,-16.64848102794578466
140,-1.24582173528755824,-4.34384259681089979,76.09362677955941479,-1.24569388358799404,-4.30785777923039248,75.88164097698587796,0.00000000000000000,0.15349350659879174,0.83836308109837276,0.00000000000000000,-0.83696660553748203,6.89014469177413247
141,-1.24582173528755824,-3.78969623673746803,67.82173677428934866,-1.24569388358799404,-3.78462198757507151,67.90270605834481898,0.00000000000000000,0.02562489315091543,0.32730694837840729,0.00000000000000000,-0.31373081388216717,-1.08879022686700422
142,-1.24582173528755824,-3.35952603066869804,56.35548629001074517,-1.24569388358799404,-3.35961754600177231,56.35616115024978967,0.00000000000000000,0.03031611025625176,0.22180169211555043,0.00000000000000000,0.11127362769113790,-12.63533513496208371
143,-1.24582173528755824,-3.26933789892489379,73.44853561843872569,-1.24569388358799404,-3.26552693384391901,73.45161250786205187,0.00000000000000000,0.06824708192147483,0.16590308674622312,0.00000000000000000,0.20536423984899022,4.46011622265024066
144,-1.24582173528755824,-3.86352718850052979,62.41835702471379932,-1.24569388358799404,-3.85719026845514668,62.53416261396176878,0.00000000000000000,0.03020344274169964,0.47343326751807752,0.00000000000000000,-0.38629909476223562,-6.45733367125005397
145,-1.24582173528755824,-3.11418799791802536,79.85056834128805292,-1.24569388358799404,-3.14960349943273688,80.34122673540633741,0.00000000000000000,0.33229873162693785,3.59473366415349105,0.00000000000000000,0.32128767426016974,11.34973045019444626
146,-1.24582173528755824,-3.34267509214476366,65.66332524305703089,-1.24569388358799404,-3.33724483611801093,65.72669069645488094,0.00000000000000000,0.02959878689293565,0.35741373640379753,0.00000000000000000,0.13364633757489899,-3.26480558875697469
147,-1.24582173528755824,-2.93607493692819821,57.29059734564900452,-1.24569388358799404,-2.92951777958943982,57.32908958183387682,0.00000000000000000,0.03419826349353822,0.19073444167090547,0.00000000000000000,0.54137339410346619,-11.66240670337792906
148,-1.24582173528755824,-3.56233981131421462,66.26350665766689474,-1.24569388358799404,-3.57218311600617966,66.12712744863483749,0.00000000000000000,0.02731464172699482,0.33875810599206596,0.00000000000000000,-0.10129194231327007,-2.86436883657687469
149,-1.24582173528755824,-3.43373654299885578,70.66925395566453005,-1.24569388358799404,-3.44390520781099019,70.63979814175129945,0.00000000000000000,0.02962419906853734,0.13382829728613294,0.00000000000000000,0.02698596588191551,1.64830185653936812
150,-1.24582173528755824,-3.47190614296942046,70.83854569323753481,-1.24569388358799404,-3.49142569065824304,70.82789307867807338,0.00000000000000000,0.06793069064270317,0.14472429909432674,0.00000000000000000,-0.02053451696533271,1.83639679346617202
151,-1.24582173528755824,-4.52111604361435226,77.13122450498634919,-1.24569388358799404,-4.49465405720796074,77.03721019318156493,0.00000000000000000,0.07922377417131522,0.38889801198055840,0.00000000000000000,-1.02376288351505673,8.04571390796975372
152,-1.24582173528755824,-3.77982958657396617,68.06082677231161426,-1.24569388358799404,-3.77983167850154000,68.04818674968252878,0.00000000000000000,0.02284949410114024,0.31044345343597018,0.00000000000000000,-0.30894050480863444,-0.94330953552930918
153,-1.24582173528755824,-3.48956443202651290,73.14855547703697880,-1.24569388358799404,-3.48983679084081011,73.12766165776648108,0.00000000000000000,0.04142810988992074,0.18373334503431882,0.00000000000000000,-0.01894561714789766,4.13616537255464944
154,-1.24582173528755824,-2.74152512298312478,80.72126660483866090,-1.24569388358799404,-2.58697762972699019,80.30309655067885899,0.00000000000000000,0.36423932605232817,1.04009911708531710,0.00000000000000000,0.88391354396591704,11.31160026546696606
155,-1.24582173528755824,-3.98572222352840999,71.50656573382710235,-1.24569388358799404,-3.98622084015518219,71.45024716383825591,0.00000000000000000,0.05088518869567611,0.29684665894548701,0.00000000000000000,-0.51532966646227485,2.45875087862644781
156,-1.24582173528755824,-3.43368839205670184,81.87363597996895237,-1.24569388358799404,-3.42691048385742425,81.89996104091031270,0.00000000000000000,0.03411274728094058,0.19257567561351391,0.00000000000000000,0.04398068983548391,12.90846475569850149
157,-1.24582173528755824,-2.83963924424131209,64.18611097402737187,-1.24569388358799404,-2.83874679804030317,64.19324090702608032,0.00000000000000000,0.02476453619560001,0.16155075553153198,0.00000000000000000,0.63214437565260706,-4.79825537818570425
158,-1.24582173528755824,-3.59714192018664702,58.55052298975454761,-1.24569388358799404,-3.59413859260089374,58.57170129629139410,0.00000000000000000,0.01883401549304200,0.25848903227951697,0.00000000000000000,-0.12324741890798543,-10.41979498892036027
159,-1.24582173528755824,-3.59950976619952190,75.89591886646744001,-1.24569388358799404,-3.59829775560980369,75.90766871766170709,0.00000000000000000,0.02769299185400949,0.28675019354045128,0.00000000000000000,-0.12740658191689613,6.91617243245006286
160,-1.24582173528755824,-3.65410599377864465,71.51773393435408366,-1.24569388358799404,-3.64615320031438417,71.56295857330488275,0.00000000000000000,0.04589440616924600,0.24675480873925565,0.00000000000000000,-0.17526202662147369,2.57146228809300181
161,-1.24582173528755824,-3.19812888545760909,74.62469096908215249,-1.24569388358799404,-3.18376813397336234,74.59720502047252921,0.00000000000000000,0.13479632230311936,0.38637161447317220,0.00000000000000000,0.28712303971954484,5.60570873526078906
162,-1.24582173528755824,-3.72292505396914741,85.43284453248305965,-1.24569388358799404,-3.71113245750786502,85.36245421860520821,0.00000000000000000,0.10690831761373577,0.36932121951481800,0.00000000000000000,-0.24024128381495541,16.37095793339345917
163,-1.24582173528755824,-4.01234648303669417,74.45719497622809513,-1.24569388358799404,-4.01147809098656527,74.48238760375801348,0.00000000000000000,0.03121620232929258,0.35374901779868706,0.00000000000000000,-0.54058691729365616,5.49089131854617829
164,-1.24582173528755824,-4.48846868872761373,73.64460817960922157,-1.24569388358799404,-4.49463858728446652,73.59448027120890856,0.00000000000000000,0.03840820935823643,0.35851303608465646,0.00000000000000000,-1.02374741359155319,4.60298398599713376
165,-1.24582173528755824,-3.11816684437280056,66.99882756689096652,-1.24569388358799404,-3.11928433746340517,66.97247515228855264,0.00000000000000000,0.02904868392723583,0.15623644795870084,0.00000000000000000,0.35160683622950456,-2.01902113292325236
166,-1.24582173528755824,-3.82493751722577313,72.74927482568320158,-1.24569388358799404,-3.81871499953461147,72.79843608200373239,0.00000000000000000,0.03881163559089465,0.20484088427566730,0.00000000000000000,-0.34782382584170529,3.80693979679202688
167,-1.24582173528755824,-4.96543958836232324,75.36018712886709636,-1.24569388358799404,-4.96545351561243287,75.33068491779168596,0.00000000000000000,0.06782487036156293,0.70392367033106318,0.00000000000000000,-1.49456234191952553,6.33918863257994136
168,-1.24582173528755824,-2.63074636759333336,87.50297709988892336,-1.24569388358799404,-2.68688612520735104,88.70439735988185248,0.00000000000000000,0.33910507554817637,3.47170120048929221,0.00000000000000000,0.78400504848555863,19.71290107467003594
169,-1.24582173528755824,-2.80614285816605014,63.29358418705632516,-1.24569388358799404,-2.79989647755888971,63.33096847006219576,0.00000000000000000,0.03093630573113693,0.14615045865474696,0.00000000000000000,0.67099469613401708,-5.66052781514958347
170,-1.24582173528755824,-3.40548517011614926,69.65168652992471721,-1.24569388358799404,-3.39990554476592077,69.69937140603208547,0.00000000000000000,0.02383486717169720,0.17908846247744267,0.00000000000000000,0.07098562892698858,0.70787512082024528
171,-1.24582173528755824,-4.46609181141928691,65.66660836781059629,-1.24569388358799404,-4.47001279430603837,65.62635394951200851,0.00000000000000000,0.03696674664221869,0.37050427623932947,0.00000000000000000,-0.99912162061312815,-3.36514233569994259
172,-1.24582173528755824,-3.65749865821908138,68.18712918444310844,-1.24569388358799404,-3.65841156684463442,68.17946733619203314,0.00000000000000000,0.04251282727893023,0.15462251439816757,0.00000000000000000,-0.18752039315172692,-0.81202894901972900
173,-1.24582173528755824,-2.87971172499912109,64.87062705047490851,-1.24569388358799404,-2.88205983092402640,64.85472019146190803,0.00000000000000000,0.02162649796735087,0.09804208661346882,0.00000000000000000,0.58883134276888016,-4.13677609374983568
174,-1.24582173528755824,-4.41018872307249588,66.57732373243064217,-1.24569388358799404,-4.41244923574403458,66.56172035963219002,0.00000000000000000,0.03632335576506508,0.28799384020717189,0.00000000000000000,-0.94155806205112125,-2.42977592557963362
175,-1.24582173528755824,-3.97342058998609327,66.02788999664771552,-1.24569388358799404,-3.97919010101563098,65.98854802770546257,0.00000000000000000,0.02360090941754631,0.24894660165416790,0.00000000000000000,-0.50829892732272242,-3.00294825750633043
176,-1.24582173528755824,-3.43617066448580211,62.98086318590882371,-1.24569388358799404,-3.43304181176825907,63.00411329219180345,0.00000000000000000,0.02708359101207444,0.16707871816955491,0.00000000000000000,0.03784936192464692,-5.98738299301999799
177,-1.24582173528755824,-2.82581949820091882,78.21977598207674021,-1.24569388358799404,-2.94567509181517995,79.58907866645984086,0.00000000000000000,0.34682430222234872,3.35940466960731188,0.00000000000000000,0.52521608187772939,10.59758238124802787
178,-1.24582173528755824,-3.38334879128340882,79.47481842728637957,-1.24569388358799404,-3.39535830916145853,79.39699159331453870,0.00000000000000000,0.08447046034735488,0.59929000118502895,0.00000000000000000,0.07553286453144942,10.40549530810264756
179,-1.24582173528755824,-3.23707794101896695,65.30699742325421653,-1.24569388358799404,-3.23690798982625605,65.30826038672245204,0.00000000000000000,0.02139845802164405,0.18700809819966005,0.00000000000000000,0.23398318386665390,-3.68323589848939070
180,-1.24582173528755824,-3.50183896256503857,60.10875263049552331,-1.24569388358799404,-3.49980732861339483,60.12703026190961708,0.00000000000000000,0.03075792377374057,0.12634997406728365,0.00000000000000000,-0.02891615492048583,-8.86446602330217814
181,-1.24582173528755824,-2.66571593058632006,71.06962697111771377,-1.24569388358799404,-2.66678755887927332,71.04080927127655798,0.00000000000000000,0.03257561495491382,0.16822081606909942,0.00000000000000000,0.80410361481363768,2.04931298606465750
182,-1.24582173528755824,-4.45305734470755876,61.12640625199609445,-1.24569388358799404,-4.46982512137621946,61.00650730487530637,0.00000000000000000,0.04775833325272576,0.40670469088921218,0.00000000000000000,-0.99893394768329946,-7.98498898033647553
183,-1.24582173528755824,-3.82011642126706974,68.54572476325735408,-1.24569388358799404,-3.82454825186664316,68.52815071589492391,0.00000000000000000,0.05115150780268072,0.29471905936488368,0.00000000000000000,-0.35365707817373304,-0.46334556931695586
184,-1.24582173528755824,-3.47237482123363517,67.75208227968083463,-1.24569388358799404,-3.47023976576212556,67.76277082192694934,0.00000000000000000,0.01894049398061637,0.16558242453025968,0.00000000000000000,0.00065140793078162,-1.22872546328480903
185,-1.24582173528755824,-2.88329165462138848,72.80320129981650723,-1.24569388358799404,-2.87947884753213001,72.83419087107141365,0.00000000000000000,0.01925740805687556,0.09627808293175080,0.00000000000000000,0.59141232616077977,3.84269458585958557
186,-1.24582173528755824,-3.36291960495069731,68.38605061207522340,-1.24569388358799404,-3.36986745229571305,68.37436972434609572,0.00000000000000000,0.03728799527053470,0.17810684503014687,0.00000000000000000,0.10102372139719698,-0.61712656086574114
187,-1.24582173528755824,-2.32910336936328788,62.15261034195538059,-1.24569388358799404,-2.35316934372385278,62.06816878060350007,0.00000000000000000,0.04918737406821925,0.18640713737769299,0.00000000000000000,1.11772182996905545,-6.92332750460837154
188,-1.24582173528755824,-3.34103907863744976,73.62693762370864192,-1.24569388358799404,-3.33803282880400110,73.63421831176172816,0.00000000000000000,0.03321812852206118,0.24131382344430197,0.00000000000000000,0.13285834488891118,4.64272202654986454
189,-1.24582173528755824,-4.17091496176115140,67.54982684116347968,-1.24569388358799404,-4.18301544876262543,67.51288773680860800,0.00000000000000000,0.06166023237175627,0.30739553136042336,0.00000000000000000,-0.71212427506972031,-1.47860854840323097
190,-1.24582173528755824,-2.61731640332612825,70.77691086797935327,-1.24569388358799404,-2.61563800592228768,70.77798942472119847,0.00000000000000000,0.02069362148444739,0.09014056388982743,0.00000000000000000,0.85525316777061988,1.78649313950932487
191,-1.24582173528755824,-3.64335246844133032,68.71362920762808812,-1.24569388358799404,-3.64364109342300058,68.70003984272878483,0.00000000000000000,0.02753825531962506,0.18733995659137923,0.00000000000000000,-0.17274991973009030,-0.29145644248309061
192,-1.24582173528755824,-3.11353399767448202,57.74075523126070664,-1.24569388358799404,-3.12419699620599767,57.67515739963624810,0.00000000000000000,0.03794100812713198,0.19387155315003818,0.00000000000000000,0.34669417748691295,-11.31633888557555245
193,-1.24582173528755824,-4.12516670368126626,83.16592796419342903,-1.24569388358799404,-4.12414275364331928,83.16093717559974152,0.00000000000000000,0.06190199964897424,0.44573274003422708,0.00000000000000000,-0.65325157995041094,14.16944089038781662
194,-1.24582173528755824,-3.19966750310147052,66.37707658150156931,-1.24569388358799404,-3.21111990091603694,66.30578521377108814,0.00000000000000000,0.02794068091859496,0.16905204419279121,0.00000000000000000,0.25977127277687045,-2.68571107144069288
195,-1.24582173528755824,-3.47728966416162955,64.99060663378652691,-1.24569388358799404,-3.47067163762317410,65.05658333272717186,0.00000000000000000,0.02326132376108257,0.21951319356822022,0.00000000000000000,0.00021953606973483,-3.93491295248470108
196,-1.24582173528755824,-3.21243345407641723,63.67582528502690309,-1.24569388358799404,-3.21316637047511522,63.66321430710853235,0.00000000000000000,0.03448654349188997,0.31767528528335237,0.00000000000000000,0.25772480321779595,-5.32828197810327087
197,-1.24582173528755824,-3.06016979219946750,70.79120381500105452,-1.24569388358799404,-3.06468455079599389,70.79473187587163352,0.00000000000000000,0.04773374804946020,0.09133470577049191,0.00000000000000000,0.40620662289691328,1.80323559065988559
198,-1.24582173528755824,-2.21815865859027728,72.21643009030121618,-1.24569388358799404,-2.21250056984906296,72.22817475473223681,0.00000000000000000,0.05751757542377633,0.26210780985888410,0.00000000000000000,1.25839060384384993,3.23667846952020577
199,-1.24582173528755824,-3.17722793061794295,63.49785905460722546,-1.24569388358799404,-3.17897180566377946,63.44724504359806616,0.00000000000000000,0.01635911484109878,0.13319127847693998,0.00000000000000000,0.29191936802912699,-5.54425124161376015
200,-1.24582173528755824,-3.91984460915486732,63.41050279881551432,-1.24569388358799404,-3.91095690709088073,63.51462356076474691,0.00000000000000000,0.02571298807728534,0.32973071417221878,0.00000000000000000,-0.44006573339796978,-5.47687272444710427
201,-1.24582173528755824,-4.08790504744279293,77.22608837364595047,-1.24569388358799404,-4.08613540336057568,77.23105848578542520,0.00000000000000000,0.03574376580626571,0.29333477635341582,0.00000000000000000,-0.61524422966767045,8.23956220057373123
202,-1.24582173528755824,-4.44815884779216031,66.44979894658091268,-1.24569388358799404,-4.43728519043708935,66.59997629770779781,0.00000000000000000,0.03382890425328459,0.36222664153193868,0.00000000000000000,-0.96639401674418646,-2.39151998750387484
203,-1.24582173528755824,-3.92033582212190446,62.58196382327644613,-1.24569388358799404,-3.93110141298169413,62.47857784148429516,0.00000000000000000,0.02458424402189718,0.22377051352163713,0.00000000000000000,-0.46021023928878713,-6.51291844372753914
204,-1.24582173528755824,-3.86111719440512990,62.21352467802536523,-1.24569388358799404,-3.85451729168275303,62.26018851496969120,0.00000000000000000,0.02922694020206730,0.24355908673392723,0.00000000000000000,-0.38362611798984303,-6.73130777024210758
205,-1.24582173528755824,-2.48931695534139052,69.62535217724919789,-1.24569388358799404,-2.48409436004498962,69.65564877484334261,0.00000000000000000,0.03272548176076905,0.08737030988359176,0.00000000000000000,0.98679681364792371,0.66415248963153650
206,-1.24582173528755824,-3.12879517217292902,76.96081051259884021,-1.24569388358799404,-3.12268595833802731,77.00882549275598876,0.00000000000000000,0.03315358393810675,0.19601759951780254,0.00000000000000000,0.34820521535488236,8.01732920754428946
207,-1.24582173528755824,-3.75406357467044316,73.00364805139393809,-1.24569388358799404,-3.74999783032316181,73.03932740863720596,0.00000000000000000,0.04055971032818500,0.24004153102515849,0.00000000000000000,-0.27910665663025308,4.04783112342536366
208,-1.24582173528755824,-3.20164917195599363,77.87238964081632275,-1.24569388358799404,-3.24078305098514052,78.19517738029308873,0.00000000000000000,0.15221620220024221,1.01608460067525175,0.00000000000000000,0.23010812270776601,9.20368109508125265
209,-1.24582173528755824,-3.15033370705206384,74.08245992083220699,-1.24569388358799404,-3.14425478336274056,74.11909007706665875,0.00000000000000000,0.03751585511759204,0.36132865819184889,0.00000000000000000,0.32663639033016645,5.12759379185477560
210,-1.24582173528755824,-4.18472920791773184,61.32764154724487327,-1.24569388358799404,-4.19268663440616240,61.25109671654623611,0.00000000000000000,0.03503357345752836,0.41072737474789833,0.00000000000000000,-0.72179546071325063,-7.74039956866559464
211,-1.24582173528755824,-4.05370457778042237,67.44509877783632135,-1.24569388358799404,-4.04822422169314233,67.52813196910982185,0.00000000000000000,0.02849247329870209,0.40788866587586742,0.00000000000000000,-0.57733304800023999,-1.46336431610186590
212,-1.24582173528755824,-3.04406365271612467,61.81984146672512992,-1.24569388358799404,-3.04005150093157805,61.84394364445682868,0.00000000000000000,0.05275650671928808,0.33732327801554629,0.00000000000000000,0.43083967276133039,-7.14755264075505892
213,-1.24582173528755824,-3.56982636179886992,75.87563428610599203,-1.24569388358799404,-3.57089337429847475,75.86289844494366719,0.00000000000000000,0.02685323397836371,0.24037597194996566,0.00000000000000000,-0.10000220060556472,6.87140215973192525
214,-1.24582173528755824,-2.88047897951518772,77.54382598944468441,-1.24569388358799404,-2.87851130044633141,77.55112852108459265,0.00000000000000000,0.03521914334377717,0.17322517213131902,0.00000000000000000,0.59237987324657448,8.55963223587277966
215,-1.24582173528755824,-2.77801293619670986,61.66372743737119322,-1.24569388358799404,-2.76859353023059152,61.69178409748058556,0.00000000000000000,0.02792816111151101,0.10816062973145374,0.00000000000000000,0.70229764346231649,-7.29971218773120967
216,-1.24582173528755824,-3.20864333662147638,71.05362244435737296,-1.24569388358799404,-3.18261491368508231,71.10316194339112883,0.00000000000000000,0.05853280519489830,0.12202122142631590,0.00000000000000000,0.28827626000782741,2.11166565817926788
217,-1.24582173528755824,-2.79495429544452634,66.35171377056342124,-1.24569388358799404,-2.80826979408219213,66.31150339532270266,0.00000000000000000,0.09406959138108328,0.84199732721572729,0.00000000000000000,0.66262137961071699,-2.67999288988916629
218,-1.24582173528755824,-3.42550582554458849,70.13721602641186337,-1.24569388358799404,-3.42742563449539972,70.16250650065396144,0.00000000000000000,0.01996979462165516,0.17579263302428419,0.00000000000000000,0.04346553919750897,1.17101021544216888
219,-1.24582173528755824,-3.83218889768072124,75.58461160676809243,-1.24569388358799404,-3.80197112961519545,75.33290980870856401,0.00000000000000000,0.13130614400096838,0.75802275480404802,0.00000000000000000,-0.33107995592228695,6.34141352349671905
220,-1.24582173528755824,-3.20738728996920264,72.49152276944336393,-1.24569388358799404,-3.18857556978479684,72.59923404208879560,0.00000000000000000,0.02584009174271637,0.14254343350755402,0.00000000000000000,0.28231560390811195,3.60773775687700526
221,-1.24582173528755824,-4.05793371082564658,65.75018316406510621,-1.24569388358799404,-4.05785613394923761,65.78348604836916991,0.00000000000000000,0.03550973239923456,0.43532858253092210,0.00000000000000000,-0.58696496025632483,-3.20801023684267328
222,-1.24582173528755824,-2.89620391988486903,78.09608483384049293,-1.24569388358799404,-2.91112848559858906,78.19606439110063434,0.00000000000000000,0.16691516334584339,0.62109328217057569,0.00000000000000000,0.55976268809432006,9.20456810588878582
223,-1.24582173528755824,-4.14328665362069515,67.12002911328058019,-1.24569388358799404,-4.14703514233259618,67.10280432902726488,0.00000000000000000,0.02043940367840355,0.26118215320807558,0.00000000000000000,-0.67614396863968951,-1.88869195618456009
224,-1.24582173528755824,-4.55476063251427998,76.42808720614058871,-1.24569388358799404,-4.54060086088022175,76.25659049063368400,0.00000000000000000,0.11840331626449295,1.93835479656778742,0.00000000000000000,-1.06970968718730686,7.26509420542189321
225,-1.24582173528755824,-4.68671966431413090,66.88680422977033402,-1.24569388358799404,-4.68312550205975420,66.99144979928509258,0.00000000000000000,0.04454116401306766,0.45191691277084856,0.00000000000000000,-1.21223432836684686,-2.00004648592668000
226,-1.24582173528755824,-3.11920147693138761,63.49417625921186925,-1.24569388358799404,-3.12485222730856149,63.46460396154023442,0.00000000000000000,0.02335554792705457,0.15103197782540051,0.00000000000000000,0.34603894638434163,-5.52689232367151817
227,-1.24582173528755824,-4.16909934551792194,67.93527497857937192,-1.24569388358799404,-4.16820327736500573,67.92065042613435821,0.00000000000000000,0.04254172750604916,0.27138759066432211,0.00000000000000000,-0.69731210367210172,-1.07084585907750718
228,-1.24582173528755824,-4.09584227027258851,68.15557769372792052,-1.24569388358799404,-4.10989294351503798,68.06443911194243412,0.00000000000000000,0.04020090303874824,0.23986391447151567,0.00000000000000000,-0.63900176982212409,-0.92705717326942638
229,-1.24582173528755824,-4.00091952123642169,62.70710993220444607,-1.24569388358799404,-4.00325123656824555,62.69192991779894442,0.00000000000000000,0.01764890348886273,0.27966944877802263,0.00000000000000000,-0.53236006287533277,-6.29956636741287390
230,-1.24582173528755824,-3.25681413295861466,81.10102253102479608,-1.24569388358799404,-3.25027208828742609,81.09995836540838354,0.00000000000000000,0.10873710211260490,0.20952023744812856,0.00000000000000000,0.22061908540548347,12.10846208019669845
231,-1.24582173528755824,-3.43629084647761252,68.35929115827379121,-1.24569388358799404,-3.43414724873422861,68.34589184982455379,0.00000000000000000,0.03918986428807788,0.17079979163366960,0.00000000000000000,0.03674392495867970,-0.64560443538726797
232,-1.24582173528755824,-2.98052243782577619,70.08875319461026265,-1.24569388358799404,-2.98256436759372612,70.08806362076693119,0.00000000000000000,0.02921660367322181,0.17459810789798397,0.00000000000000000,0.48832680609918583,1.09656733555514196
233,-1.24582173528755824,-3.16906134558129438,63.36647289630140278,-1.24569388358799404,-3.16481814703550324,63.38470005364793280,0.00000000000000000,0.02353329646421708,0.13100313270571257,0.00000000000000000,0.30607302665740349,-5.60679623156385443
234,-1.24582173528755824,-3.54982522154637126,61.61498081191773935,-1.24569388358799404,-3.54769675752688141,61.62925844344478321,0.00000000000000000,0.02532544741529554,0.21284686567473021,0.00000000000000000,-0.07680558383397461,-7.36223784176703067
235,-1.24582173528755824,-3.97114158824262864,60.50359905721312970,-1.24569388358799404,-3.97351593916352552,60.44359229305277381,0.00000000000000000,0.01870283413142357,0.35611940905938311,0.00000000000000000,-0.50262476547061807,-8.54790399215908003
236,-1.24582173528755824,-3.45282967815235287,70.83749934312493224,-1.24569388358799404,-3.45763901564547371,70.77269947255153681,0.00000000000000000,0.02585428479738530,0.26610193824093514,0.00000000000000000,0.01325215804743350,1.78120318733977046
237,-1.24582173528755824,-3.12104453026105499,59.70704497501930774,-1.24569388358799404,-3.12425458746245122,59.65909600760451070,0.00000000000000000,0.01936691707633627,0.16490467423847238,0.00000000000000000,0.34663658623045612,-9.33240027760726854
238,-1.24582173528755824,-3.37916697271012589,74.61767503325330608,-1.24569388358799404,-3.37364767155488421,74.62178161738658844,0.00000000000000000,0.05639581118944623,0.18700195719390642,0.00000000000000000,0.09724350213802453,5.63028533217477900
239,-1.24582173528755824,-3.62134848294258660,71.99563172005268541,-1.24569388358799404,-3.62283703326086748,71.97910918915680156,0.00000000000000000,0.02258838229184883,0.24442917925631422,0.00000000000000000,-0.15194585956795567,2.98761290394501744
240,-1.24582173528755824,-4.14713549336007947,65.93623064580413029,-1.24569388358799404,-4.14582000475365131,65.94286073878214438,0.00000000000000000,0.06091227202912502,0.39829630356165441,0.00000000000000000,-0.67492883106074608,-3.04863554642960155
241,-1.24582173528755824,-3.76300035279840728,57.79744892908288989,-1.24569388358799404,-3.75245441583257167,57.93577788930760875,0.00000000000000000,0.02940272675593700,0.37730773917825972,0.00000000000000000,-0.28156324213966261,-11.05571839590419891
242,-1.24582173528755824,-3.67159556106660245,69.73447756047578139,-1.24569388358799404,-3.67046759478767370,69.77121949313809068,0.00000000000000000,0.02423339890366548,0.25196514133580361,0.00000000000000000,-0.19957642109476562,0.77972320792621774
243,-1.24582173528755824,-3.94009910393044338,76.92993599576981012,-1.24569388358799404,-3.93663531938830413,76.92054294290035443,0.00000000000000000,0.06772447933669552,0.21354183374151745,0.00000000000000000,-0.46574414569539213,7.92904665768851835
244,-1.24582173528755824,-4.04449356505145197,68.64160713880173148,-1.24569388358799404,-4.04685831906767479,68.60362116524264309,0.00000000000000000,0.02971529876953399,0.27992448463919034,0.00000000000000000,-0.57596714537476468,-0.38787511996933893
245,-1.24582173528755824,-4.12399853123335980,58.77227272785109591,-1.24569388358799404,-4.12767383209195327,58.71381173204025572,0.00000000000000000,0.02218713534979641,0.32130299725479156,0.00000000000000000,-0.65678265839904537,-10.27768455317152174
246,-1.24582173528755824,-3.09762135833969809,68.20892677184625086,-1.24569388358799404,-3.09647464362554325,68.20782057347875593,0.00000000000000000,0.02439677820542714,0.13143027182068637,0.00000000000000000,0.37441653006736220,-0.78367571173321027
247,-1.24582173528755824,-4.34726454851681687,67.32794585509802232,-1.24569388358799404,-4.34299341996014121,67.35973100209544384,0.00000000000000000,0.02250452941511276,0.30554538589769631,0.00000000000000000,-0.87210224626722566,-1.63176528311646352
248,-1.24582173528755824,-3.61753969395715558,67.87598719047053919,-1.24569388358799404,-3.61090484567920633,67.92952855687869373,0.00000000000000000,0.02592225766018881,0.16528795893990916,0.00000000000000000,-0.14001367198629894,-1.06196772833320541
249,-1.24582173528755824,-3.26669692933542066,59.78300803244480477,-1.24569388358799404,-3.24764664032423411,59.95520574156847005,0.00000000000000000,0.02587971824144127,0.26445637024351720,0.00000000000000000,0.22324453336867417,-9.03629054364339090
250,-1.24582173528755824,-3.21870011142071100,60.69886648292795428,-1.24569388358799404,-3.21521964647983616,60.71253479388367680,0.00000000000000000,0.02727447234134478,0.20100097810876921,0.00000000000000000,0.25567152721307324,-8.27896149132814863