Tlag_abscissa,Tlag_pdf,Tlag_cdf,ka_abscissa,ka_pdf,ka_cdf,V_abscissa,V_pdf,V_cdf,alpha_abscissa,alpha_pdf,alpha_cdf,beta_abscissa,beta_pdf,beta_cdf,split
2.22045e-16,4.75695e-91,0,2.22045e-16,0,0,7.98983,9.15906e-08,8.10387e-08,5.00634,0.00752737,0.00439164,0.150763,0.758985,0.00410786,All
0.000764238,312.259,0.256618,0.0909459,0.41575,0.0129441,14.4712,5.5399e-06,1.07769e-05,5.1624,0.00919974,0.00569408,0.151785,0.890384,0.0049495,All
0.00152848,191.439,0.444181,0.181892,0.879124,0.0746449,20.9525,4.34831e-05,0.000141036,5.31847,0.0110908,0.00727453,0.152808,1.03922,0.00593427,All
0.00229272,127.251,0.563544,0.272838,1.0232,0.162962,27.4338,0.000153442,0.000731397,5.47453,0.0132022,0.00916732,0.15383,1.2069,0.00708071,All
0.00305695,90.1692,0.645446,0.363784,1.00247,0.255847,33.9151,0.00035912,0.00233879,5.6306,0.0155318,0.0114067,0.154852,1.39476,0.00840877,All
0.00382119,66.9016,0.70483,0.454729,0.916983,0.343393,40.3965,0.000659056,0.00559154,5.78666,0.0180739,0.0140263,0.155875,1.60413,0.00993976,All
0.00458543,51.3712,0.749651,0.545675,0.813016,0.422103,46.8778,0.00103329,0.011043,5.94273,0.0208189,0.0170587,0.156897,1.83622,0.0116963,All
0.00534967,40.5088,0.784528,0.636621,0.710289,0.491323,53.3591,0.0014536,0.0190853,6.09879,0.0237542,0.0205344,0.157919,2.09216,0.0137022,All
0.00611391,32.6288,0.812322,0.727567,0.616448,0.551573,59.8404,0.00189133,0.0299228,6.25486,0.0268641,0.0244822,0.158941,2.37293,0.0159824,All
0.00687815,26.7428,0.834905,0.818513,0.53377,0.603791,66.3217,0.00232182,0.0435859,6.41092,0.03013,0.0289277,0.159964,2.67937,0.0185626,All
0.00764238,22.2394,0.853549,0.909459,0.462217,0.649,72.8031,0.00272614,0.0599629,6.56699,0.0335313,0.0338937,0.160986,3.01211,0.0214696,All
0.00840662,18.7241,0.869148,1.0004,0.400832,0.688173,79.2844,0.00309124,0.0788388,6.72305,0.0370455,0.0393997,0.162008,3.37158,0.0247303,All
0.00917086,15.9329,0.882352,1.09135,0.348368,0.722178,85.7657,0.00340922,0.0999314,6.87912,0.0406486,0.0454613,0.163031,3.75799,0.0283722,All
0.0099351,13.6839,0.893639,1.1823,0.303573,0.75177,92.247,0.0036764,0.122921,7.03518,0.0443159,0.0520907,0.164053,4.17127,0.032423,All
0.0106993,11.8485,0.903372,1.27324,0.265296,0.777593,98.7284,0.00389222,0.147476,7.19125,0.048022,0.0592957,0.165075,4.6111,0.0369098,All
0.0114636,10.3337,0.91183,1.36419,0.232532,0.800192,105.21,0.00405838,0.173267,7.34731,0.0517415,0.0670805,0.166098,5.07685,0.0418596,All
0.0122278,9.07109,0.919231,1.45513,0.204421,0.82003,111.691,0.00417803,0.199983,7.50338,0.0554493,0.0754451,0.16712,5.56762,0.0472985,All
0.0129921,8.00923,0.925746,1.54608,0.180237,0.837494,118.172,0.00425525,0.227334,7.65944,0.0591211,0.084386,0.168142,6.08218,0.0532513,All
0.0137563,7.10904,0.931514,1.63703,0.159371,0.852914,124.654,0.00429453,0.25506,7.81551,0.0627335,0.0938955,0.169164,6.61899,0.0597416,All
0.0145205,6.34038,0.936646,1.72797,0.141314,0.866567,131.135,0.00430052,0.282931,7.97157,0.0662641,0.103963,0.170187,7.17624,0.0667914,All
0.0152848,5.6797,0.941233,1.81892,0.125642,0.87869,137.616,0.00427777,0.310744,8.12764,0.0696923,0.114573,0.171209,7.75179,0.0744203,All
0.016049,5.10841,0.94535,1.90986,0.111998,0.889482,144.098,0.0042306,0.338329,8.2837,0.072999,0.125709,0.172231,8.34324,0.082646,All
0.0168132,4.61169,0.94906,2.00081,0.100086,0.899114,150.579,0.00416303,0.36554,8.43977,0.0761667,0.137351,0.173254,8.9479,0.0914834,All
0.0175775,4.17761,0.952415,2.09176,0.0896555,0.907731,157.06,0.00407869,0.392257,8.59583,0.0791801,0.149475,0.174276,9.56286,0.100944,All
0.0183417,3.79649,0.955459,2.1827,0.0804974,0.91546,163.542,0.00398086,0.418382,8.7519,0.0820254,0.162057,0.175298,10.185,0.111038,All
0.019106,3.4604,0.958229,2.27365,0.0724349,0.922407,170.023,0.00387243,0.443837,8.90796,0.0846911,0.175069,0.17632,10.8109,0.12177,All
0.0198702,3.16283,0.960758,2.36459,0.0653184,0.928664,176.504,0.00375593,0.468561,9.06403,0.0871675,0.188482,0.177343,11.4373,0.133142,All
0.0206344,2.89837,0.963072,2.45554,0.0590211,0.934312,182.986,0.00363354,0.492511,9.22009,0.0894468,0.202266,0.178365,12.0603,0.145153,All
0.0213987,2.6625,0.965195,2.54648,0.0534353,0.939421,189.467,0.00350716,0.515653,9.37616,0.0915231,0.21639,0.179387,12.6765,0.157798,All
0.0221629,2.45144,0.967148,2.63743,0.0484691,0.94405,195.948,0.00337839,0.537968,9.53222,0.093392,0.230822,0.18041,13.2821,0.171068,All
0.0229272,2.26198,0.968947,2.72838,0.0440439,0.948253,202.43,0.00324857,0.559444,9.68829,0.0950513,0.24553,0.181432,13.8734,0.18495,All
0.0236914,2.09142,0.97061,2.81932,0.0400921,0.952076,208.911,0.00311885,0.580078,9.84435,0.0964999,0.26048,0.182454,14.4467,0.199427,All
0.0244556,1.93746,0.972148,2.91027,0.0365558,0.955558,215.392,0.00299014,0.599874,10.0004,0.0977383,0.275639,0.183477,14.9985,0.21448,All
0.0252199,1.7981,0.973575,3.00121,0.033385,0.958736,221.874,0.00286323,0.618842,10.1565,0.0987685,0.290976,0.184499,15.5253,0.230085,All
0.0259841,1.67167,0.9749,3.09216,0.0305364,0.961641,228.355,0.00273871,0.636995,10.3125,0.0995937,0.306457,0.185521,16.0238,0.246213,All
0.0267483,1.55668,0.976133,3.18311,0.0279725,0.964299,234.836,0.00261709,0.654349,10.4686,0.100218,0.322052,0.186543,16.491,0.262836,All
0.0275126,1.45188,0.977282,3.27405,0.0256606,0.966736,241.318,0.00249874,0.670926,10.6247,0.100646,0.337728,0.187566,16.924,0.279919,All
0.0282768,1.35615,0.978354,3.365,0.0235725,0.968973,247.799,0.00238395,0.686747,10.7807,0.100885,0.353457,0.188588,17.3202,0.297426,All
0.0290411,1.26854,0.979357,3.45594,0.0216832,0.97103,254.28,0.00227293,0.701836,10.9368,0.100941,0.369208,0.18961,17.6774,0.315319,All
0.0298053,1.1882,0.980295,3.54689,0.0199712,0.972923,260.761,0.00216581,0.716219,11.0929,0.100822,0.384954,0.190633,17.9934,0.333555,All
0.0305695,1.1144,0.981175,3.63784,0.0184173,0.974667,267.243,0.00206269,0.72992,11.2489,0.100535,0.400669,0.191655,18.2668,0.352093,All
0.0313338,1.04649,0.982,3.72878,0.0170048,0.976277,273.724,0.00196361,0.742966,11.405,0.100089,0.416326,0.192677,18.496,0.370888,All
0.032098,0.983885,0.982776,3.81973,0.015719,0.977764,280.205,0.00186855,0.755382,11.5611,0.0994924,0.431902,0.1937,18.6801,0.389895,All
0.0328623,0.926085,0.983505,3.91067,0.0145468,0.97914,286.687,0.00177751,0.767196,11.7171,0.0987541,0.447373,0.194722,18.8186,0.409066,All
0.0336265,0.87264,0.984192,4.00162,0.0134768,0.980413,293.168,0.00169041,0.778432,11.8732,0.0978831,0.462719,0.195744,18.911,0.428355,All
0.0343907,0.823147,0.98484,4.09256,0.0124987,0.981594,299.649,0.00160719,0.789116,12.0293,0.0968885,0.477919,0.196766,18.9575,0.447716,All
0.035155,0.77725,0.985451,4.18351,0.0116035,0.982689,306.131,0.00152775,0.799273,12.1853,0.0957794,0.492955,0.197789,18.9584,0.4671,All
0.0359192,0.73463,0.986029,4.27446,0.0107832,0.983707,312.612,0.00145199,0.808928,12.3414,0.0945648,0.507809,0.198811,18.9144,0.486463,All
0.0366834,0.695001,0.986575,4.3654,0.0100306,0.984653,319.093,0.00137979,0.818103,12.4975,0.0932537,0.522466,0.199833,18.8265,0.505757,All
0.0374477,0.658106,0.987092,4.45635,0.00933933,0.985533,325.575,0.00131104,0.826821,12.6535,0.0918547,0.536912,0.200856,18.6961,0.524941,All
0.0382119,0.623717,0.987581,4.54729,0.00870361,0.986353,332.056,0.00124561,0.835104,12.8096,0.0903764,0.551133,0.201878,18.5245,0.543969,All
0.0389762,0.591624,0.988046,4.63824,0.00811836,0.987118,338.537,0.00118338,0.842974,12.9657,0.0888271,0.565117,0.2029,18.3137,0.562802,All
0.0397404,0.561641,0.988486,4.72919,0.00757899,0.987831,345.019,0.00112422,0.850451,13.1217,0.0872148,0.578855,0.203922,18.0655,0.5814,All
0.0405046,0.533599,0.988905,4.82013,0.00708139,0.988497,351.5,0.00106799,0.857554,13.2778,0.0855472,0.592337,0.204945,17.7823,0.599727,All
0.0412689,0.507345,0.989302,4.91108,0.00662187,0.98912,357.981,0.00101458,0.864301,13.4338,0.0838319,0.605555,0.205967,17.4662,0.617747,All
0.0420331,0.482739,0.989681,5.00202,0.00619708,0.989703,364.463,0.00096386,0.870711,13.5899,0.0820758,0.618501,0.206989,17.1199,0.635428,All
0.0427974,0.459655,0.990041,5.09297,0.00580404,0.990248,370.944,0.000915703,0.876801,13.746,0.0802857,0.631171,0.208012,16.7457,0.65274,All
0.0435616,0.437979,0.990383,5.18392,0.00544002,0.99076,377.425,0.000869992,0.882586,13.902,0.0784681,0.643559,0.209034,16.3465,0.669657,All
0.0443258,0.417606,0.99071,5.27486,0.00510257,0.991239,383.907,0.000826613,0.888083,14.0581,0.076629,0.655662,0.210056,15.9248,0.686155,All
0.0450901,0.398441,0.991022,5.36581,0.00478949,0.991688,390.388,0.000785452,0.893306,14.2142,0.0747741,0.667477,0.211079,15.4834,0.70221,All
0.0458543,0.380396,0.99132,5.45675,0.00449875,0.992111,396.869,0.000746402,0.898269,14.3702,0.0729087,0.679001,0.212101,15.0249,0.717806,All
0.0466185,0.363392,0.991604,5.5477,0.00422854,0.992507,403.351,0.000709358,0.902986,14.5263,0.0710379,0.690233,0.213123,14.5522,0.732925,All
0.0473828,0.347355,0.991875,5.63864,0.00397721,0.99288,409.832,0.000674219,0.907468,14.6824,0.0691663,0.701174,0.214145,14.0677,0.747555,All
0.048147,0.332219,0.992135,5.72959,0.00374323,0.993231,416.313,0.00064089,0.911729,14.8384,0.0672982,0.711823,0.215168,13.574,0.761685,All
0.0489113,0.317921,0.992383,5.82054,0.00352526,0.993562,422.795,0.000609279,0.91578,14.9945,0.0654377,0.72218,0.21619,13.0737,0.775306,All
0.0496755,0.304406,0.992621,5.91148,0.00332204,0.993873,429.276,0.000579297,0.919631,15.1506,0.0635883,0.732248,0.217212,12.569,0.788414,All
0.0504397,0.291622,0.992849,6.00243,0.00313242,0.994166,435.757,0.00055086,0.923292,15.3066,0.0617536,0.742029,0.218235,12.0624,0.801004,All
0.051204,0.27952,0.993067,6.09337,0.00295537,0.994443,442.239,0.00052389,0.926775,15.4627,0.0599365,0.751524,0.219257,11.5559,0.813076,All
0.0519682,0.268055,0.993276,6.18432,0.00278994,0.994704,448.72,0.000498308,0.930086,15.6188,0.0581399,0.760738,0.220279,11.0515,0.824632,All
0.0527325,0.257188,0.993477,6.27527,0.00263526,0.994951,455.201,0.000474043,0.933237,15.7748,0.0563662,0.769673,0.221302,10.5511,0.835674,All
0.0534967,0.24688,0.993669,6.36621,0.00249053,0.995184,461.683,0.000451026,0.936234,15.9309,0.0546177,0.778333,0.222324,10.0565,0.846207,All
0.0542609,0.237097,0.993854,6.45716,0.00235502,0.995404,468.164,0.00042919,0.939086,16.087,0.0528965,0.786722,0.223346,9.56917,0.856237,All
0.0550252,0.227805,0.994032,6.5481,0.00222807,0.995612,474.645,0.000408475,0.9418,16.243,0.0512043,0.794845,0.224368,9.09062,0.865775,All
0.0557894,0.218975,0.994203,6.63905,0.00210905,0.99581,481.127,0.00038882,0.944383,16.3991,0.0495426,0.802706,0.225391,8.62213,0.874827,All
0.0565536,0.21058,0.994367,6.73,0.0019974,0.995996,487.608,0.000370169,0.946842,16.5551,0.0479128,0.81031,0.226413,8.16481,0.883407,All
0.0573179,0.202592,0.994525,6.82094,0.0018926,0.996173,494.089,0.000352471,0.949183,16.7112,0.0463162,0.817663,0.227435,7.71967,0.891525,All
0.0580821,0.194988,0.994676,6.91189,0.00179418,0.996341,500.57,0.000335673,0.951413,16.8673,0.0447535,0.824769,0.228458,7.28755,0.899195,All
0.0588464,0.187746,0.994823,7.00283,0.00170168,0.9965,507.052,0.000319728,0.953536,17.0233,0.0432257,0.831633,0.22948,6.86918,0.90643,All
0.0596106,0.180844,0.994964,7.09378,0.00161471,0.99665,513.533,0.000304592,0.955559,17.1794,0.0417334,0.838262,0.230502,6.46512,0.913245,All
0.0603748,0.174264,0.995099,7.18472,0.00153289,0.996794,520.014,0.000290222,0.957486,17.3355,0.0402771,0.844661,0.231524,6.07585,0.919654,All
0.0611391,0.167986,0.99523,7.27567,0.00145586,0.996929,526.496,0.000276576,0.959323,17.4915,0.0388571,0.850836,0.232547,5.70171,0.925672,All
0.0619033,0.161995,0.995356,7.36662,0.00138332,0.997058,532.977,0.000263617,0.961073,17.6476,0.0374738,0.856792,0.233569,5.34292,0.931317,All
0.0626676,0.156274,0.995478,7.45756,0.00131496,0.997181,539.458,0.000251308,0.962741,17.8037,0.0361271,0.862535,0.234591,4.99963,0.936602,All
0.0634318,0.150809,0.995595,7.54851,0.00125051,0.997298,545.94,0.000239615,0.964332,17.9597,0.0348171,0.86807,0.235614,4.67186,0.941544,All
0.064196,0.145585,0.995708,7.63945,0.00118971,0.997409,552.421,0.000228506,0.965849,18.1158,0.0335437,0.873404,0.236636,4.35957,0.946159,All
0.0649603,0.14059,0.995818,7.7304,0.00113233,0.997514,558.902,0.000217949,0.967295,18.2719,0.0323068,0.878542,0.237658,4.06263,0.950463,All
0.0657245,0.135812,0.995923,7.82135,0.00107815,0.997615,565.384,0.000207917,0.968675,18.4279,0.0311061,0.88349,0.238681,3.78085,0.954471,All
0.0664887,0.131239,0.996025,7.91229,0.00102697,0.99771,571.865,0.00019838,0.969992,18.584,0.0299413,0.888253,0.239703,3.51397,0.958198,All
0.067253,0.12686,0.996124,8.00324,0.000978594,0.997802,578.346,0.000189315,0.971248,18.7401,0.0288119,0.892837,0.240725,3.26168,0.96166,All
0.0680172,0.122666,0.996219,8.09418,0.000932853,0.997889,584.828,0.000180694,0.972446,18.8961,0.0277177,0.897248,0.241747,3.02361,0.964872,All
0.0687815,0.118646,0.996311,8.18513,0.000889583,0.997971,591.309,0.000172497,0.973591,19.0522,0.0266579,0.901491,0.24277,2.79937,0.967847,All
0.0695457,0.114794,0.996401,8.27608,0.000848631,0.99805,597.79,0.0001647,0.974683,19.2083,0.0256322,0.90557,0.243792,2.58852,0.9706,All
0.0703099,0.111098,0.996487,8.36702,0.000809856,0.998126,604.272,0.000157283,0.975727,19.3643,0.0246399,0.909493,0.244814,2.3906,0.973144,All
0.0710742,0.107553,0.99657,8.45797,0.000773127,0.998198,610.753,0.000150226,0.976723,19.5204,0.0236804,0.913263,0.245837,2.20513,0.975492,All
0.0718384,0.104151,0.996651,8.54891,0.000738321,0.998266,617.234,0.00014351,0.977675,19.6764,0.022753,0.916886,0.246859,2.03161,0.977657,All
0.0726027,0.100884,0.99673,8.63986,0.000705324,0.998332,623.716,0.000137118,0.978584,19.8325,0.0218571,0.920367,0.247881,1.86953,0.97965,All
0.0733669,0.0977469,0.996806,8.73081,0.000674029,0.998395,630.197,0.000131034,0.979453,19.9886,0.0209921,0.92371,0.248903,1.71837,0.981483,All
0.0741311,0.0947324,0.996879,8.82175,0.000644335,0.998455,636.678,0.000125241,0.980283,20.1446,0.0201571,0.92692,0.249926,1.57762,0.983167,All
0.0748954,0.091835,0.99695,8.9127,0.000616151,0.998512,643.16,0.000119725,0.981077,20.3007,0.0193515,0.930003,0.250948,1.44675,0.984712,All
0.0756596,0.0890493,0.997019,9.00364,0.000589389,0.998567,649.641,0.000114471,0.981836,20.4568,0.0185745,0.932962,0.25197,1.32525,0.986128,All