Tlag_abscissa,Tlag_cdf,ka_abscissa,ka_cdf,V_abscissa,V_cdf,alpha_abscissa,alpha_cdf,beta_abscissa,beta_cdf,split
-1.81864,0.0166667,-1.82849,0.0166667,-2.67632,0.0166667,-2.23627,0.0166667,-2.35959,0.0166667,All
-1.76299,0.0333333,-1.54263,0.0333333,-2.11111,0.0333333,-2.05706,0.0333333,-1.91616,0.0333333,All
-1.72687,0.05,-1.15839,0.05,-1.94405,0.05,-2.05261,0.05,-1.48817,0.05,All
-1.70686,0.0666667,-1.11731,0.0666667,-1.9015,0.0666667,-1.98546,0.0666667,-1.4364,0.0666667,All
-1.15895,0.0833333,-1.01229,0.0833333,-1.69281,0.0833333,-1.92623,0.0833333,-1.2287,0.0833333,All
-0.997482,0.1,-0.987176,0.1,-1.40183,0.1,-1.54749,0.1,-1.05477,0.1,All
-0.901167,0.116667,-0.922538,0.116667,-1.16129,0.116667,-1.54411,0.116667,-0.973471,0.116667,All
-0.744816,0.133333,-0.912765,0.133333,-1.01585,0.133333,-1.52016,0.133333,-0.87716,0.133333,All
-0.735801,0.15,-0.884667,0.15,-0.894044,0.15,-1.48627,0.15,-0.844653,0.15,All
-0.727981,0.166667,-0.846134,0.166667,-0.815899,0.166667,-0.975862,0.166667,-0.773493,0.166667,All
-0.653105,0.183333,-0.832196,0.183333,-0.787667,0.183333,-0.94527,0.183333,-0.767985,0.183333,All
-0.642691,0.2,-0.761262,0.2,-0.589068,0.2,-0.87688,0.2,-0.577281,0.2,All
-0.638934,0.216667,-0.716422,0.216667,-0.570603,0.216667,-0.796341,0.216667,-0.574513,0.216667,All
-0.600862,0.233333,-0.705813,0.233333,-0.507513,0.233333,-0.764553,0.233333,-0.548273,0.233333,All
-0.576871,0.25,-0.623143,0.25,-0.502699,0.25,-0.753189,0.25,-0.477066,0.25,All
-0.520639,0.266667,-0.596964,0.266667,-0.471984,0.266667,-0.743313,0.266667,-0.437896,0.266667,All
-0.519902,0.283333,-0.561632,0.283333,-0.460013,0.283333,-0.548641,0.283333,-0.404959,0.283333,All
-0.447431,0.3,-0.519856,0.3,-0.318662,0.3,-0.536054,0.3,-0.378754,0.3,All
-0.389712,0.316667,-0.480915,0.316667,-0.161422,0.316667,-0.524642,0.316667,-0.312433,0.316667,All
-0.387471,0.333333,-0.459575,0.333333,-0.0755769,0.333333,-0.512047,0.333333,-0.213703,0.333333,All
-0.355598,0.35,-0.407299,0.35,-0.0547495,0.35,-0.468104,0.35,-0.167948,0.35,All
-0.0801607,0.366667,-0.378785,0.366667,0.0042918,0.366667,-0.438439,0.366667,-0.167461,0.366667,All
-0.0372959,0.383333,-0.373382,0.383333,0.0246789,0.383333,-0.434584,0.383333,-0.117534,0.383333,All
0.0486867,0.4,-0.373351,0.4,0.103762,0.4,-0.375979,0.4,-0.0865931,0.4,All
0.107106,0.416667,-0.355468,0.416667,0.107202,0.416667,-0.323487,0.416667,-0.0650131,0.416667,All
0.1624,0.433333,-0.327235,0.433333,0.147529,0.433333,-0.318136,0.433333,-0.0627151,0.433333,All
0.175884,0.45,-0.261982,0.45,0.168964,0.45,-0.192595,0.45,-0.0603669,0.45,All
0.275064,0.466667,-0.251754,0.466667,0.210687,0.466667,-0.127932,0.466667,-0.0314944,0.466667,All
0.336103,0.483333,-0.162503,0.483333,0.217862,0.483333,-0.120224,0.483333,-0.00679631,0.483333,All
0.339824,0.5,-0.162338,0.5,0.225891,0.5,-0.108722,0.5,0.0106192,0.5,All
0.365961,0.516667,-0.159396,0.516667,0.273386,0.516667,-0.101896,0.516667,0.14317,0.516667,All
0.367735,0.533333,-0.146949,0.533333,0.319428,0.533333,-0.0485343,0.533333,0.211169,0.533333,All
0.384395,0.55,-0.0614005,0.55,0.3609,0.55,-0.0333574,0.55,0.21123,0.55,All
0.430004,0.566667,0.157658,0.566667,0.365189,0.566667,-0.0251698,0.566667,0.27412,0.566667,All
0.44598,0.583333,0.16321,0.583333,0.448073,0.583333,0.0210498,0.583333,0.303613,0.583333,All
0.479434,0.6,0.18741,0.6,0.462696,0.6,0.0311512,0.6,0.344136,0.6,All
0.489896,0.616667,0.228311,0.616667,0.493304,0.616667,0.0492075,0.616667,0.363752,0.616667,All
0.519756,0.633333,0.26809,0.633333,0.512968,0.633333,0.145618,0.633333,0.451896,0.633333,All
0.551551,0.65,0.292379,0.65,0.615753,0.65,0.179524,0.65,0.542548,0.65,All
0.559245,0.666667,0.29865,0.666667,0.668047,0.666667,0.277246,0.666667,0.608451,0.666667,All
0.605151,0.683333,0.463157,0.683333,0.683912,0.683333,0.284135,0.683333,0.608868,0.683333,All
0.663117,0.7,0.474852,0.7,0.728819,0.7,0.314969,0.7,0.614049,0.7,All
0.715822,0.716667,0.497484,0.716667,0.773711,0.716667,0.347618,0.716667,0.637026,0.716667,All
0.795613,0.733333,0.675499,0.733333,0.780653,0.733333,0.353622,0.733333,0.661507,0.733333,All
0.918349,0.75,0.753576,0.75,0.790203,0.75,0.364252,0.75,0.694334,0.75,All
1.0903,0.766667,0.83413,0.766667,0.926041,0.766667,0.481192,0.766667,0.745485,0.766667,All
1.09847,0.783333,0.952744,0.783333,0.964303,0.783333,0.520822,0.783333,0.781134,0.783333,All
1.15562,0.8,0.995665,0.8,0.974187,0.8,0.577515,0.8,1.1196,0.8,All
1.15681,0.816667,1.00092,0.816667,0.982292,0.816667,0.579868,0.816667,1.14774,0.816667,All
1.23463,0.833333,1.00612,0.833333,1.02215,0.833333,0.592425,0.833333,1.16223,0.833333,All
1.27626,0.85,1.05163,0.85,1.06513,0.85,0.66278,0.85,1.31702,0.85,All
1.38029,0.866667,1.08257,0.866667,1.22182,0.866667,0.692981,0.866667,1.50979,0.866667,All
1.41881,0.883333,1.19634,0.883333,1.259,0.883333,0.732252,0.883333,1.52622,0.883333,All
1.50257,0.9,1.25001,0.9,1.31199,0.9,0.737196,0.9,1.571,0.9,All
1.60777,0.916667,1.40726,0.916667,1.34285,0.916667,1.01576,0.916667,1.58059,0.916667,All
1.68992,0.933333,1.48624,0.933333,1.38622,0.933333,1.05023,0.933333,1.72298,0.933333,All
1.7038,0.95,1.51124,0.95,1.55362,0.95,1.24651,0.95,1.81067,0.95,All
1.7341,0.966667,1.80754,0.966667,1.66851,0.966667,1.34106,0.966667,1.82236,0.966667,All
1.8674,0.983333,1.87541,0.983333,1.86457,0.983333,1.35643,0.983333,1.9657,0.983333,All
2.71385,1,2.92723,1,2.01666,1,1.39601,1,2.0271,1,All