rep,id,p0,alpha,tau
1,1,0.285983,0.030809,71.139396
2,1,0.285983,0.030211,71.250711
3,1,0.285983,0.030104,71.432785
4,1,0.285983,0.029888,71.640435
5,1,0.285983,0.029888,71.245737
6,1,0.285983,0.030975,71.385704
7,1,0.285983,0.030744,71.756831
8,1,0.285983,0.030744,71.756831
9,1,0.285983,0.031308,71.674330
10,1,0.285983,0.031679,71.674330
1,2,0.285983,0.045250,73.515869
2,2,0.285983,0.045250,73.515869
3,2,0.285983,0.045250,73.515869
4,2,0.285983,0.044596,73.520434
5,2,0.285983,0.044596,73.520434
6,2,0.285983,0.045921,73.520434
7,2,0.285983,0.045921,73.520434
8,2,0.285983,0.045265,73.601769
9,2,0.285983,0.045492,73.601769
10,2,0.285983,0.045855,73.601769
1,3,0.285983,0.022385,73.379951
2,3,0.285983,0.022309,73.523184
3,3,0.285983,0.021751,73.590551
4,3,0.285983,0.021751,73.590551
5,3,0.285983,0.021237,73.192379
6,3,0.285983,0.019827,73.254266
7,3,0.285983,0.020075,73.254266
8,3,0.285983,0.021250,73.254266
9,3,0.285983,0.022610,73.357312
10,3,0.285983,0.021262,73.517093
1,4,0.285983,0.045213,62.370474
2,4,0.285983,0.046914,62.538462
3,4,0.285983,0.046914,62.538462
4,4,0.285983,0.047533,62.575591
5,4,0.285983,0.047533,62.575591
6,4,0.285983,0.047119,62.624828
7,4,0.285983,0.046547,62.361989
8,4,0.285983,0.047350,62.521913
9,4,0.285983,0.047350,62.521913
10,4,0.285983,0.047397,62.521913
1,5,0.285983,0.029342,76.242257
2,5,0.285983,0.030911,75.934983
3,5,0.285983,0.029922,75.914873
4,5,0.285983,0.030649,76.225715
5,5,0.285983,0.030464,76.276429
6,5,0.285983,0.031485,76.255397
7,5,0.285983,0.029798,76.341952
8,5,0.285983,0.030164,76.052008
9,5,0.285983,0.030283,76.307535
10,5,0.285983,0.030283,76.109505
1,6,0.285983,0.074234,60.144713
2,6,0.285983,0.074234,60.144713
3,6,0.285983,0.074234,60.144713
4,6,0.285983,0.072554,59.971285
5,6,0.285983,0.071184,59.860927
6,6,0.285983,0.071520,59.860927
7,6,0.285983,0.070860,59.876433
8,6,0.285983,0.069976,59.740397
9,6,0.285983,0.069976,59.740397
10,6,0.285983,0.071396,60.003083
1,7,0.285983,0.037918,62.464858
2,7,0.285983,0.038194,62.738757
3,7,0.285983,0.038135,62.738757
4,7,0.285983,0.038190,62.700154
5,7,0.285983,0.038190,62.346105
6,7,0.285983,0.038190,62.502884
7,7,0.285983,0.040587,62.896718
8,7,0.285983,0.038390,62.642708
9,7,0.285983,0.038390,62.608933
10,7,0.285983,0.039471,62.560120
1,8,0.285983,0.040887,58.186136
2,8,0.285983,0.040852,58.230390
3,8,0.285983,0.041673,58.135730
4,8,0.285983,0.041768,58.252120
5,8,0.285983,0.040040,58.075527
6,8,0.285983,0.039694,58.075527
7,8,0.285983,0.039694,58.324789
8,8,0.285983,0.039342,58.324789
9,8,0.285983,0.040259,58.035195
10,8,0.285983,0.040259,58.324516
1,9,0.285983,0.045580,63.616753
2,9,0.285983,0.043555,63.616753
3,9,0.285983,0.042987,63.524146
4,9,0.285983,0.047196,63.524146
5,9,0.285983,0.047196,63.524146
6,9,0.285983,0.043878,63.675474
7,9,0.285983,0.043878,63.675474
8,9,0.285983,0.044234,63.544606
9,9,0.285983,0.044234,63.544606
10,9,0.285983,0.043367,63.179717
1,10,0.285983,0.019976,77.106318
2,10,0.285983,0.018850,76.967082
3,10,0.285983,0.019113,76.993642
4,10,0.285983,0.020566,76.993642
5,10,0.285983,0.018909,77.255939
6,10,0.285983,0.018909,77.064566
7,10,0.285983,0.020241,76.940198
8,10,0.285983,0.020480,77.070111
9,10,0.285983,0.019796,76.701528
10,10,0.285983,0.020415,76.956936
1,11,0.285983,0.086503,64.656743
2,11,0.285983,0.083438,65.123135
3,11,0.285983,0.081870,64.569580
4,11,0.285983,0.085934,64.611379
5,11,0.285983,0.085934,64.828253
6,11,0.285983,0.079479,64.828253
7,11,0.285983,0.079479,64.828253
8,11,0.285983,0.080568,64.800105
9,11,0.285983,0.074840,64.746755
10,11,0.285983,0.078495,64.696561
1,12,0.285983,0.037277,75.109953
2,12,0.285983,0.037939,75.445274
3,12,0.285983,0.038458,75.445274
4,12,0.285983,0.038458,75.445274
5,12,0.285983,0.035400,75.026274
6,12,0.285983,0.036502,75.198524
7,12,0.285983,0.036993,75.329882
8,12,0.285983,0.038011,75.190576
9,12,0.285983,0.038011,75.437696
10,12,0.285983,0.035579,75.143485
1,13,0.285983,0.055338,70.074722
2,13,0.285983,0.055561,70.103552
3,13,0.285983,0.057104,70.103552
4,13,0.285983,0.057427,70.103552
5,13,0.285983,0.057427,70.103552
6,13,0.285983,0.057037,69.980171
7,13,0.285983,0.055774,69.980171
8,13,0.285983,0.055774,70.011340
9,13,0.285983,0.056077,69.949084
10,13,0.285983,0.056077,69.949084
1,14,0.285983,0.079757,67.731080
2,14,0.285983,0.079757,67.731080
3,14,0.285983,0.077927,67.618561
4,14,0.285983,0.077527,67.746774
5,14,0.285983,0.080157,67.746774
6,14,0.285983,0.080037,67.677862
7,14,0.285983,0.080037,67.677862
8,14,0.285983,0.079381,67.676196
9,14,0.285983,0.079381,67.729867
10,14,0.285983,0.079381,67.729867
1,15,0.285983,0.050247,81.069808
2,15,0.285983,0.049306,81.103051
3,15,0.285983,0.049977,81.103051
4,15,0.285983,0.049977,81.103051
5,15,0.285983,0.051208,81.103051
6,15,0.285983,0.052808,81.103051
7,15,0.285983,0.051409,81.134452
8,15,0.285983,0.051290,80.942529
9,15,0.285983,0.051256,80.852484
10,15,0.285983,0.051324,81.030618
1,16,0.285983,0.036192,58.770291
2,16,0.285983,0.035729,58.716947
3,16,0.285983,0.035729,58.716947
4,16,0.285983,0.034835,58.693193
5,16,0.285983,0.034317,58.341875
6,16,0.285983,0.033461,58.153826
7,16,0.285983,0.032388,58.045799
8,16,0.285983,0.033375,58.067692
9,16,0.285983,0.033375,58.067692
10,16,0.285983,0.032721,58.067692
1,17,0.285983,0.049269,71.522508
2,17,0.285983,0.049024,71.522508
3,17,0.285983,0.049024,71.522508
4,17,0.285983,0.049024,71.522508
5,17,0.285983,0.047824,71.316969
6,17,0.285983,0.047824,71.316969
7,17,0.285983,0.048458,71.316969
8,17,0.285983,0.048458,71.183726
9,17,0.285983,0.048458,71.277745
10,17,0.285983,0.047297,71.187015
1,18,0.285983,0.036648,57.701528
2,18,0.285983,0.036648,57.351645
3,18,0.285983,0.037089,57.703678
4,18,0.285983,0.037089,57.481367
5,18,0.285983,0.037089,57.504968
6,18,0.285983,0.035448,57.369913
7,18,0.285983,0.035448,57.369913
8,18,0.285983,0.035448,57.369913
9,18,0.285983,0.037471,57.782703
10,18,0.285983,0.036995,57.520411
1,19,0.285983,0.037960,75.739107
2,19,0.285983,0.039829,75.916270
3,19,0.285983,0.039829,75.916270
4,19,0.285983,0.038163,75.916270
5,19,0.285983,0.038498,75.840596
6,19,0.285983,0.038498,75.840596
7,19,0.285983,0.038498,75.840596
8,19,0.285983,0.039134,75.891619
9,19,0.285983,0.038860,75.891619
10,19,0.285983,0.039399,75.865364
1,20,0.285983,0.034913,63.922126
2,20,0.285983,0.034913,63.923838
3,20,0.285983,0.034913,63.868473
4,20,0.285983,0.034865,63.868473
5,20,0.285983,0.034865,63.868473
6,20,0.285983,0.034880,64.008529
7,20,0.285983,0.036109,64.159621
8,20,0.285983,0.035818,64.159621
9,20,0.285983,0.036456,64.259691
10,20,0.285983,0.035581,63.968102
1,21,0.285983,0.039025,65.959121
2,21,0.285983,0.038435,65.766656
3,21,0.285983,0.040614,66.412500
4,21,0.285983,0.040244,66.211806
5,21,0.285983,0.039783,66.369565
6,21,0.285983,0.042447,66.470903
7,21,0.285983,0.042447,66.482599
8,21,0.285983,0.042447,66.117898
9,21,0.285983,0.042513,66.048675
10,21,0.285983,0.042841,66.408939
1,22,0.285983,0.012603,80.729843
2,22,0.285983,0.012142,81.260411
3,22,0.285983,0.011842,81.458170
4,22,0.285983,0.011243,80.834228
5,22,0.285983,0.013140,80.825180
6,22,0.285983,0.012880,80.099527
7,22,0.285983,0.013533,79.182036
8,22,0.285983,0.013369,79.779847
9,22,0.285983,0.013524,79.942431
10,22,0.285983,0.014023,79.022007
1,23,0.285983,0.027365,68.551774
2,23,0.285983,0.027029,68.653005
3,23,0.285983,0.027678,68.730866
4,23,0.285983,0.027264,68.680579
5,23,0.285983,0.026481,68.466298
6,23,0.285983,0.026279,68.482547
7,23,0.285983,0.026279,68.482547
8,23,0.285983,0.026804,68.482547
9,23,0.285983,0.026804,68.482547
10,23,0.285983,0.027444,68.568737
1,24,0.285983,0.010709,79.918325
2,24,0.285983,0.012147,78.844718
3,24,0.285983,0.012384,78.323105
4,24,0.285983,0.011492,79.083801
5,24,0.285983,0.011163,79.818997
6,24,0.285983,0.010811,79.440685
7,24,0.285983,0.010365,79.394295
8,24,0.285983,0.011671,79.581653
9,24,0.285983,0.011333,79.414067
10,24,0.285983,0.011559,79.417439
1,25,0.285983,0.031206,74.794597
2,25,0.285983,0.033048,74.990406
3,25,0.285983,0.031255,74.465533
4,25,0.285983,0.032507,74.465533
5,25,0.285983,0.032507,74.465533
6,25,0.285983,0.032637,74.849797
7,25,0.285983,0.028753,74.848716
8,25,0.285983,0.028470,74.848716
9,25,0.285983,0.027347,74.850426
10,25,0.285983,0.030066,74.752313
1,26,0.285983,0.055676,75.531495
2,26,0.285983,0.055701,74.995893
3,26,0.285983,0.055701,74.995893
4,26,0.285983,0.055701,75.437709
5,26,0.285983,0.059833,75.107098
6,26,0.285983,0.062145,74.948077
7,26,0.285983,0.070685,74.599663
8,26,0.285983,0.071651,74.838238
9,26,0.285983,0.065572,75.377672
10,26,0.285983,0.068433,74.858776
1,27,0.285983,0.027596,68.808019
2,27,0.285983,0.027179,68.418873
3,27,0.285983,0.027452,68.592344
4,27,0.285983,0.026778,68.327520
5,27,0.285983,0.026620,68.231941
6,27,0.285983,0.026632,68.208590
7,27,0.285983,0.027370,68.593524
8,27,0.285983,0.026846,68.593524
9,27,0.285983,0.027341,68.320788
10,27,0.285983,0.026743,68.165159
1,28,0.285983,0.049261,71.722015
2,28,0.285983,0.048846,71.973262
3,28,0.285983,0.048846,71.788900
4,28,0.285983,0.048743,71.852665
5,28,0.285983,0.048743,71.717520
6,28,0.285983,0.047361,71.677542
7,28,0.285983,0.047361,71.677542
8,28,0.285983,0.048725,71.849853
9,28,0.285983,0.048725,71.849853
10,28,0.285983,0.048097,71.657971
1,29,0.285983,0.067788,77.965583
2,29,0.285983,0.068370,78.157564
3,29,0.285983,0.068370,78.157564
4,29,0.285983,0.068370,78.157564
5,29,0.285983,0.067056,78.157564
6,29,0.285983,0.069812,78.157564
7,29,0.285983,0.069812,78.157564
8,29,0.285983,0.069812,78.157564
9,29,0.285983,0.068815,78.157564
10,29,0.285983,0.068325,78.198024
1,30,0.285983,0.024464,67.903225
2,30,0.285983,0.024464,67.903225
3,30,0.285983,0.024464,67.903225
4,30,0.285983,0.023519,67.684289
5,30,0.285983,0.023519,67.684289
6,30,0.285983,0.024729,67.693136
7,30,0.285983,0.023222,67.693136
8,30,0.285983,0.023663,67.579437
9,30,0.285983,0.023625,67.579437
10,30,0.285983,0.023625,67.579437
1,31,0.285983,0.060563,64.106011
2,31,0.285983,0.061611,64.069119
3,31,0.285983,0.058523,64.234961
4,31,0.285983,0.058651,64.069621
5,31,0.285983,0.058020,64.002090
6,31,0.285983,0.058020,64.002090
7,31,0.285983,0.058020,64.002090
8,31,0.285983,0.058020,64.002090
9,31,0.285983,0.058252,64.145267
10,31,0.285983,0.058007,64.002738
1,32,0.285983,0.053868,72.332701
2,32,0.285983,0.053868,72.332701
3,32,0.285983,0.053316,72.263725
4,32,0.285983,0.052829,72.205635
5,32,0.285983,0.053113,72.125499
6,32,0.285983,0.050938,72.032829
7,32,0.285983,0.050938,72.032829
8,32,0.285983,0.054219,72.559190
9,32,0.285983,0.055326,72.551925
10,32,0.285983,0.053796,71.977980
1,33,0.285983,0.028444,72.538240
2,33,0.285983,0.028939,72.538240
3,33,0.285983,0.029072,73.025998
4,33,0.285983,0.028413,73.025998
5,33,0.285983,0.027455,73.520165
6,33,0.285983,0.025646,73.035651
7,33,0.285983,0.030034,73.035651
8,33,0.285983,0.028628,72.681974
9,33,0.285983,0.030067,73.125131
10,33,0.285983,0.028711,73.360230
1,34,0.285983,0.041719,66.458322
2,34,0.285983,0.041719,66.406514
3,34,0.285983,0.041778,66.490244
4,34,0.285983,0.042002,66.545730
5,34,0.285983,0.042002,66.434043
6,34,0.285983,0.042378,66.485289
7,34,0.285983,0.042449,66.380853
8,34,0.285983,0.042449,66.380853
9,34,0.285983,0.042449,66.355661
10,34,0.285983,0.042449,66.355661
1,35,0.285983,0.041152,73.299536
2,35,0.285983,0.041152,73.299536
3,35,0.285983,0.040658,73.488277
4,35,0.285983,0.038966,73.243323
5,35,0.285983,0.041730,73.243323
6,35,0.285983,0.042634,73.243323
7,35,0.285983,0.041217,73.135483
8,35,0.285983,0.043305,73.165476
9,35,0.285983,0.043789,73.328448
10,35,0.285983,0.043789,73.167814
1,36,0.285983,0.033242,67.909517
2,36,0.285983,0.034405,67.899691
3,36,0.285983,0.034405,67.899691
4,36,0.285983,0.034405,67.899691
5,36,0.285983,0.035769,67.899691
6,36,0.285983,0.035646,68.120320
7,36,0.285983,0.033789,67.907340
8,36,0.285983,0.034057,67.838250
9,36,0.285983,0.035310,67.645594
10,36,0.285983,0.035310,68.172352
1,37,0.285983,0.026320,63.581885
2,37,0.285983,0.025629,63.584374
3,37,0.285983,0.027190,64.207286
4,37,0.285983,0.027190,64.207286
5,37,0.285983,0.027190,64.207286
6,37,0.285983,0.027656,64.207286
7,37,0.285983,0.027845,64.314110
8,37,0.285983,0.028286,64.327629
9,37,0.285983,0.028778,64.318541
10,37,0.285983,0.026499,64.066006
1,38,0.285983,0.064060,66.723006
2,38,0.285983,0.066152,66.985544
3,38,0.285983,0.067089,66.866324
4,38,0.285983,0.067360,66.866324
5,38,0.285983,0.068812,66.969464
6,38,0.285983,0.068812,67.156597
7,38,0.285983,0.068754,67.379376
8,38,0.285983,0.068754,67.111582
9,38,0.285983,0.068754,67.111582
10,38,0.285983,0.068425,67.108283
1,39,0.285983,0.034258,72.469825
2,39,0.285983,0.032982,72.086372
3,39,0.285983,0.033205,72.330580
4,39,0.285983,0.034316,72.574541
5,39,0.285983,0.034316,72.560208
6,39,0.285983,0.033483,72.257355
7,39,0.285983,0.034294,72.500254
8,39,0.285983,0.033744,72.245064
9,39,0.285983,0.033744,72.431649
10,39,0.285983,0.034270,72.575540
1,40,0.285983,0.065688,64.753101
2,40,0.285983,0.066316,64.930013
3,40,0.285983,0.066316,64.930013
4,40,0.285983,0.066316,64.930013
5,40,0.285983,0.066316,64.930013
6,40,0.285983,0.066455,64.819916
7,40,0.285983,0.066661,64.819916
8,40,0.285983,0.067034,64.925102
9,40,0.285983,0.067034,64.925102
10,40,0.285983,0.067034,64.925102
1,41,0.285983,0.026888,69.529441
2,41,0.285983,0.028021,69.797352
3,41,0.285983,0.027177,69.429890
4,41,0.285983,0.028103,69.646148
5,41,0.285983,0.025294,69.548532
6,41,0.285983,0.025108,69.304763
7,41,0.285983,0.027348,69.504526
8,41,0.285983,0.026466,69.504526
9,41,0.285983,0.026967,69.600370
10,41,0.285983,0.027161,69.600370
1,42,0.285983,0.091777,69.385376
2,42,0.285983,0.091777,69.385376
3,42,0.285983,0.093473,69.385376
4,42,0.285983,0.093473,69.385376
5,42,0.285983,0.092228,69.385376
6,42,0.285983,0.092228,69.385376
7,42,0.285983,0.092228,69.276260
8,42,0.285983,0.092228,69.276260
9,42,0.285983,0.091462,69.276260
10,42,0.285983,0.089324,69.170594
1,43,0.285983,0.056456,71.239586
2,43,0.285983,0.056456,71.239586
3,43,0.285983,0.054890,71.319781
4,43,0.285983,0.057620,71.281587
5,43,0.285983,0.059968,71.431826
6,43,0.285983,0.057952,71.441899
7,43,0.285983,0.058692,71.496530
8,43,0.285983,0.058692,71.496530
9,43,0.285983,0.056857,71.353314
10,43,0.285983,0.056857,71.353314
1,44,0.285983,0.041081,60.041690
2,44,0.285983,0.041533,59.921081
3,44,0.285983,0.040730,59.921081
4,44,0.285983,0.040730,59.921081
5,44,0.285983,0.041334,60.049070
6,44,0.285983,0.041334,60.049070
7,44,0.285983,0.041334,60.049070
8,44,0.285983,0.041334,60.049070
9,44,0.285983,0.041486,60.049070
10,44,0.285983,0.041486,60.049070
1,45,0.285983,0.061865,71.155547
2,45,0.285983,0.061190,71.155547
3,45,0.285983,0.061190,71.155547
4,45,0.285983,0.060187,70.941329
5,45,0.285983,0.060187,70.941329
6,45,0.285983,0.060187,70.941329
7,45,0.285983,0.059203,70.941329
8,45,0.285983,0.059203,70.941329
9,45,0.285983,0.058303,70.941329
10,45,0.285983,0.063256,71.179710
1,46,0.285983,0.041531,67.010293
2,46,0.285983,0.040493,67.092238
3,46,0.285983,0.040493,66.897215
4,46,0.285983,0.040962,67.069519
5,46,0.285983,0.040962,67.037245
6,46,0.285983,0.041900,67.214069
7,46,0.285983,0.041051,67.014975
8,46,0.285983,0.041425,67.014975
9,46,0.285983,0.041425,67.055392
10,46,0.285983,0.041425,67.297238
1,47,0.285983,0.056053,70.891685
2,47,0.285983,0.054534,70.891685
3,47,0.285983,0.057002,71.032590
4,47,0.285983,0.055997,71.032590
5,47,0.285983,0.055997,71.032590
6,47,0.285983,0.055997,71.032590
7,47,0.285983,0.056766,71.032590
8,47,0.285983,0.056766,71.017460
9,47,0.285983,0.056766,70.942109
10,47,0.285983,0.055742,70.804085
1,48,0.285983,0.026117,74.850301
2,48,0.285983,0.025787,74.853292
3,48,0.285983,0.025787,74.853292
4,48,0.285983,0.026659,74.834141
5,48,0.285983,0.025287,74.568477
6,48,0.285983,0.024170,74.568477
7,48,0.285983,0.024838,74.301362
8,48,0.285983,0.024978,74.736160
9,48,0.285983,0.025626,74.717731
10,48,0.285983,0.025626,74.798048
1,49,0.285983,0.059354,74.745539
2,49,0.285983,0.062089,74.890123
3,49,0.285983,0.050941,74.890123
4,49,0.285983,0.049766,74.798712
5,49,0.285983,0.055182,74.849104
6,49,0.285983,0.054645,74.849104
7,49,0.285983,0.054358,74.796411
8,49,0.285983,0.049530,74.669105
9,49,0.285983,0.053400,74.722167
10,49,0.285983,0.064326,74.722167
1,50,0.285983,0.063348,71.253100
2,50,0.285983,0.063348,71.253100
3,50,0.285983,0.065644,71.332077
4,50,0.285983,0.064575,71.265401
5,50,0.285983,0.064575,71.261642
6,50,0.285983,0.064575,71.261642
7,50,0.285983,0.064575,71.261642
8,50,0.285983,0.064575,71.370033
9,50,0.285983,0.064965,71.200784
10,50,0.285983,0.064965,71.160849
1,51,0.285983,0.040735,68.348495
2,51,0.285983,0.040849,68.348495
3,51,0.285983,0.039720,68.144018
4,51,0.285983,0.039662,68.144018
5,51,0.285983,0.039662,68.142396
6,51,0.285983,0.039784,68.150924
7,51,0.285983,0.039784,68.456914
8,51,0.285983,0.039863,68.264662
9,51,0.285983,0.039863,68.264662
10,51,0.285983,0.039863,68.308421
1,52,0.285983,0.054002,66.480559
2,52,0.285983,0.055762,66.395282
3,52,0.285983,0.055625,66.395282
4,52,0.285983,0.056993,66.521517
5,52,0.285983,0.056993,66.521517
6,52,0.285983,0.056727,66.443414
7,52,0.285983,0.055306,66.443414
8,52,0.285983,0.055306,66.443414
9,52,0.285983,0.054229,66.307811
10,52,0.285983,0.052306,66.307811
1,53,0.285983,0.048065,65.680691
2,53,0.285983,0.048742,65.680691
3,53,0.285983,0.047601,65.835255
4,53,0.285983,0.050014,65.851656
5,53,0.285983,0.049409,66.072776
6,53,0.285983,0.051516,66.072776
7,53,0.285983,0.051516,66.072776
8,53,0.285983,0.051968,66.072776
9,53,0.285983,0.051968,66.216747
10,53,0.285983,0.052246,66.333140
1,54,0.285983,0.035191,73.763027
2,54,0.285983,0.035191,73.849964
3,54,0.285983,0.037098,73.849964
4,54,0.285983,0.034693,73.842349
5,54,0.285983,0.034312,73.898881
6,54,0.285983,0.033594,73.563531
7,54,0.285983,0.034841,73.809527
8,54,0.285983,0.034841,73.386316
9,54,0.285983,0.034841,73.415169
10,54,0.285983,0.034841,73.592832
1,55,0.285983,0.070597,63.561713
2,55,0.285983,0.070597,63.561713
3,55,0.285983,0.070532,63.523460
4,55,0.285983,0.070800,63.523460
5,55,0.285983,0.070800,63.523460
6,55,0.285983,0.070800,63.640345
7,55,0.285983,0.070800,63.591526
8,55,0.285983,0.070800,63.591526
9,55,0.285983,0.070800,63.591526
10,55,0.285983,0.070800,63.591526
1,56,0.285983,0.062589,72.105904
2,56,0.285983,0.059305,71.892272
3,56,0.285983,0.062071,71.892272
4,56,0.285983,0.062786,71.941929
5,56,0.285983,0.060692,71.819258
6,56,0.285983,0.062306,71.440847
7,56,0.285983,0.063299,71.867481
8,56,0.285983,0.060924,72.030031
9,56,0.285983,0.058379,71.171282
10,56,0.285983,0.056017,71.511261
1,57,0.285983,0.038612,70.681443
2,57,0.285983,0.038973,70.902622
3,57,0.285983,0.039614,70.763868
4,57,0.285983,0.039614,70.763868
5,57,0.285983,0.039614,70.763868
6,57,0.285983,0.039614,70.763868
7,57,0.285983,0.038005,70.678447
8,57,0.285983,0.038005,70.662240
9,57,0.285983,0.040101,70.887388
10,57,0.285983,0.040101,70.841931
1,58,0.285983,0.021527,61.727515
2,58,0.285983,0.021527,61.727515
3,58,0.285983,0.022178,61.553229
4,58,0.285983,0.022357,61.867091
5,58,0.285983,0.022084,61.653544
6,58,0.285983,0.022118,61.775194
7,58,0.285983,0.022069,61.481960
8,58,0.285983,0.021418,62.058130
9,58,0.285983,0.020238,61.431721
10,58,0.285983,0.021195,61.362573
1,59,0.285983,0.040765,77.725502
2,59,0.285983,0.040923,77.537229
3,59,0.285983,0.040923,77.482808
4,59,0.285983,0.040971,77.482808
5,59,0.285983,0.041703,77.482808
6,59,0.285983,0.041703,77.638566
7,59,0.285983,0.042449,77.638566
8,59,0.285983,0.042449,77.607564
9,59,0.285983,0.042540,77.816179
10,59,0.285983,0.042540,77.816179
1,60,0.285983,0.069594,72.136255
2,60,0.285983,0.068546,72.321895
3,60,0.285983,0.068546,72.136323
4,60,0.285983,0.070115,72.136323
5,60,0.285983,0.070115,72.136323
6,60,0.285983,0.072268,72.387486
7,60,0.285983,0.070429,72.255753
8,60,0.285983,0.070429,72.255753
9,60,0.285983,0.070429,72.255753
10,60,0.285983,0.071424,72.255753
1,61,0.285983,0.064541,63.869600
2,61,0.285983,0.064541,63.869600
3,61,0.285983,0.064541,63.869600
4,61,0.285983,0.064981,63.837739
5,61,0.285983,0.064981,63.837739
6,61,0.285983,0.064981,63.970382
7,61,0.285983,0.064981,63.884949
8,61,0.285983,0.064726,63.884949
9,61,0.285983,0.064726,63.884949
10,61,0.285983,0.064726,63.884949
1,62,0.285983,0.081771,81.714088
2,62,0.285983,0.080832,81.714088
3,62,0.285983,0.080832,81.777972
4,62,0.285983,0.083562,81.777972
5,62,0.285983,0.081960,81.777972
6,62,0.285983,0.081960,81.777972
7,62,0.285983,0.081017,81.777972
8,62,0.285983,0.081017,81.777972
9,62,0.285983,0.080215,81.705756
10,62,0.285983,0.080683,81.731233
1,63,0.285983,0.020025,65.517783
2,63,0.285983,0.019672,65.665524
3,63,0.285983,0.019672,65.665524
4,63,0.285983,0.019930,65.665524
5,63,0.285983,0.019930,65.665524
6,63,0.285983,0.019930,65.665524
7,63,0.285983,0.020330,65.871374
8,63,0.285983,0.020288,65.689084
9,63,0.285983,0.020404,65.656149
10,63,0.285983,0.019710,65.298395
1,64,0.285983,0.038051,72.444033
2,64,0.285983,0.038051,72.263033
3,64,0.285983,0.039074,72.263033
4,64,0.285983,0.037949,72.223683
5,64,0.285983,0.037949,72.223683
6,64,0.285983,0.039155,71.998963
7,64,0.285983,0.039471,72.498923
8,64,0.285983,0.039471,72.618673
9,64,0.285983,0.038185,72.801749
10,64,0.285983,0.041480,72.337998
1,65,0.285983,0.036401,79.197691
2,65,0.285983,0.037378,79.488258
3,65,0.285983,0.038194,79.284483
4,65,0.285983,0.037016,79.284483
5,65,0.285983,0.037563,79.500817
6,65,0.285983,0.036998,79.240704
7,65,0.285983,0.036998,79.240704
8,65,0.285983,0.039502,79.441254
9,65,0.285983,0.037991,79.363578
10,65,0.285983,0.037991,79.363578
1,66,0.285983,0.063633,70.920469
2,66,0.285983,0.063633,71.364920
3,66,0.285983,0.063633,71.364920
4,66,0.285983,0.066449,71.364920
5,66,0.285983,0.066251,71.364920
6,66,0.285983,0.066251,71.457741
7,66,0.285983,0.067424,71.457741
8,66,0.285983,0.067275,71.457741
9,66,0.285983,0.067275,71.343668
10,66,0.285983,0.066000,71.343668
1,67,0.285983,0.051553,83.071890
2,67,0.285983,0.051224,84.062321
3,67,0.285983,0.044695,84.611805
4,67,0.285983,0.047069,83.929178
5,67,0.285983,0.047069,84.309948
6,67,0.285983,0.046452,84.323374
7,67,0.285983,0.043291,84.142284
8,67,0.285983,0.042375,84.041058
9,67,0.285983,0.040572,84.963575
10,67,0.285983,0.040165,85.254640
1,68,0.285983,0.023469,76.014292
2,68,0.285983,0.023469,76.014292
3,68,0.285983,0.023469,75.565600
4,68,0.285983,0.022806,75.263063
5,68,0.285983,0.022407,75.263063
6,68,0.285983,0.023091,75.748433
7,68,0.285983,0.023091,75.748433
8,68,0.285983,0.022338,75.726167
9,68,0.285983,0.023305,75.612927
10,68,0.285983,0.023120,75.490753
1,69,0.285983,0.029858,76.332702
2,69,0.285983,0.029858,76.603855
3,69,0.285983,0.029640,76.739281
4,69,0.285983,0.029640,76.739281
5,69,0.285983,0.031227,76.739281
6,69,0.285983,0.029097,76.475517
7,69,0.285983,0.028771,76.255805
8,69,0.285983,0.028920,76.319828
9,69,0.285983,0.028920,76.418297
10,69,0.285983,0.031192,77.053587
1,70,0.285983,0.021710,76.001910
2,70,0.285983,0.021225,75.836249
3,70,0.285983,0.021225,75.872623
4,70,0.285983,0.021822,75.908877
5,70,0.285983,0.021822,75.908877
6,70,0.285983,0.020517,76.245250
7,70,0.285983,0.021326,76.083375
8,70,0.285983,0.022109,76.210766
9,70,0.285983,0.020967,76.038513
10,70,0.285983,0.020967,75.918978
1,71,0.285983,0.015234,77.416210
2,71,0.285983,0.015886,77.088773
3,71,0.285983,0.015936,77.651718
4,71,0.285983,0.015936,76.970086
5,71,0.285983,0.015936,77.456116
6,71,0.285983,0.016109,77.801170
7,71,0.285983,0.016109,77.741038
8,71,0.285983,0.015381,77.594320
9,71,0.285983,0.015643,77.979744
10,71,0.285983,0.014823,77.275692
1,72,0.285983,0.016426,68.227977
2,72,0.285983,0.017480,68.640944
3,72,0.285983,0.018069,68.394991
4,72,0.285983,0.017002,68.152306
5,72,0.285983,0.017002,68.152306
6,72,0.285983,0.016612,68.812138
7,72,0.285983,0.015934,68.345126
8,72,0.285983,0.017203,68.278961
9,72,0.285983,0.017304,68.490436
10,72,0.285983,0.016220,68.398488
1,73,0.285983,0.038781,69.842022
2,73,0.285983,0.041245,69.883951
3,73,0.285983,0.040904,70.122066
4,73,0.285983,0.040677,70.106638
5,73,0.285983,0.040910,70.106638
6,73,0.285983,0.038924,69.698448
7,73,0.285983,0.038509,69.727285
8,73,0.285983,0.039100,70.103207
9,73,0.285983,0.038637,69.683699
10,73,0.285983,0.038687,69.683699
1,74,0.285983,0.048782,75.987976
2,74,0.285983,0.043652,75.987976
3,74,0.285983,0.043652,75.987976
4,74,0.285983,0.043652,75.987976
5,74,0.285983,0.043652,75.987976
6,74,0.285983,0.043652,75.936330
7,74,0.285983,0.044726,75.953121
8,74,0.285983,0.045240,75.875337
9,74,0.285983,0.045240,75.875337
10,74,0.285983,0.045240,75.788335
1,75,0.285983,0.018777,71.525170
2,75,0.285983,0.018777,71.635835
3,75,0.285983,0.019045,71.651284
4,75,0.285983,0.018629,71.827027
5,75,0.285983,0.018490,71.063404
6,75,0.285983,0.018604,71.684224
7,75,0.285983,0.018541,71.471580
8,75,0.285983,0.018150,71.403257
9,75,0.285983,0.018259,71.788653
10,75,0.285983,0.019850,71.250762
1,76,0.285983,0.031844,75.315256
2,76,0.285983,0.032830,75.268521
3,76,0.285983,0.032830,75.265035
4,76,0.285983,0.032209,74.937864
5,76,0.285983,0.037696,74.200620
6,76,0.285983,0.042512,73.492519
7,76,0.285983,0.040997,73.717340
8,76,0.285983,0.038447,74.308160
9,76,0.285983,0.038382,73.933687
10,76,0.285983,0.037753,74.566705
1,77,0.285983,0.048349,62.837365
2,77,0.285983,0.048744,62.608101
3,77,0.285983,0.048876,62.506835
4,77,0.285983,0.047451,63.079478
5,77,0.285983,0.048509,62.609250
6,77,0.285983,0.047458,62.610574
7,77,0.285983,0.047188,62.854256
8,77,0.285983,0.047188,62.854256
9,77,0.285983,0.048144,62.854256
10,77,0.285983,0.048829,62.854256
1,78,0.285983,0.068133,75.660846
2,78,0.285983,0.068133,75.660846
3,78,0.285983,0.064151,75.714776
4,78,0.285983,0.064151,75.674578
5,78,0.285983,0.064151,75.674578
6,78,0.285983,0.064151,75.674578
7,78,0.285983,0.064391,75.766646
8,78,0.285983,0.068678,75.766646
9,78,0.285983,0.068678,75.766646
10,78,0.285983,0.062623,75.460412
1,79,0.285983,0.023829,67.878726
2,79,0.285983,0.023826,68.169027
3,79,0.285983,0.023127,68.024295
4,79,0.285983,0.023127,67.971579
5,79,0.285983,0.024118,68.346205
6,79,0.285983,0.024076,68.042113
7,79,0.285983,0.023994,68.004132
8,79,0.285983,0.023994,68.004132
9,79,0.285983,0.023191,68.101404
10,79,0.285983,0.024013,68.050733
1,80,0.285983,0.057660,84.066787
2,80,0.285983,0.061011,83.361585
3,80,0.285983,0.056569,84.116569
4,80,0.285983,0.060486,83.619980
5,80,0.285983,0.055971,84.290430
6,80,0.285983,0.056553,84.085624
7,80,0.285983,0.054317,84.366174
8,80,0.285983,0.057151,86.690142
9,80,0.285983,0.055482,85.971628
10,80,0.285983,0.044995,86.895164
1,81,0.285983,0.025110,63.790589
2,81,0.285983,0.025110,63.790589
3,81,0.285983,0.024793,63.790589
4,81,0.285983,0.024793,63.889860
5,81,0.285983,0.024250,63.863178
6,81,0.285983,0.025064,63.856608
7,81,0.285983,0.025064,63.856608
8,81,0.285983,0.025064,63.856608
9,81,0.285983,0.025064,63.856608
10,81,0.285983,0.025064,63.856608
1,82,0.285983,0.027918,71.628875
2,82,0.285983,0.027918,71.628875
3,82,0.285983,0.029226,71.615933
4,82,0.285983,0.029226,71.615933
5,82,0.285983,0.027969,71.805011
6,82,0.285983,0.027969,71.805011
7,82,0.285983,0.029279,71.805011
8,82,0.285983,0.029279,71.805011
9,82,0.285983,0.027890,71.681760
10,82,0.285983,0.029261,71.681760
1,83,0.285983,0.029139,70.902131
2,83,0.285983,0.028709,70.660505
3,83,0.285983,0.030632,70.738820
4,83,0.285983,0.030440,70.703547
5,83,0.285983,0.030304,70.729083
6,83,0.285983,0.028256,70.991920
7,83,0.285983,0.029598,70.754999
8,83,0.285983,0.028617,71.035788
9,83,0.285983,0.028096,70.781202
10,83,0.285983,0.028096,70.750932
1,84,0.285983,0.026380,64.898286
2,84,0.285983,0.025908,64.749127
3,84,0.285983,0.024668,64.498996
4,84,0.285983,0.025144,64.540657
5,84,0.285983,0.026205,65.205346
6,84,0.285983,0.026134,65.099895
7,84,0.285983,0.027900,65.099895
8,84,0.285983,0.025732,65.099895
9,84,0.285983,0.027205,65.170180
10,84,0.285983,0.025505,64.787344
1,85,0.285983,0.009870,71.736761
2,85,0.285983,0.011189,72.237133
3,85,0.285983,0.014842,71.569009
4,85,0.285983,0.013277,71.893758
5,85,0.285983,0.013325,71.730383
6,85,0.285983,0.013325,71.730383
7,85,0.285983,0.014349,71.730383
8,85,0.285983,0.011860,71.856320
9,85,0.285983,0.012793,72.056956
10,85,0.285983,0.012332,71.639535
1,86,0.285983,0.048575,74.689660
2,86,0.285983,0.048575,74.689660
3,86,0.285983,0.048575,74.689660
4,86,0.285983,0.048575,74.689660
5,86,0.285983,0.048331,74.689660
6,86,0.285983,0.048331,74.689660
7,86,0.285983,0.048331,74.621373
8,86,0.285983,0.049427,74.621373
9,86,0.285983,0.047998,74.621373
10,86,0.285983,0.047998,74.621373
1,87,0.285983,0.068660,63.278391
2,87,0.285983,0.066882,63.195442
3,87,0.285983,0.066298,63.195442
4,87,0.285983,0.067095,63.224194
5,87,0.285983,0.067095,63.224194
6,87,0.285983,0.067081,63.224194
7,87,0.285983,0.067081,63.224194
8,87,0.285983,0.067081,63.224194
9,87,0.285983,0.066872,63.180993
10,87,0.285983,0.070105,63.152459
1,88,0.285983,0.034787,70.140839
2,88,0.285983,0.034787,70.165593
3,88,0.285983,0.033547,69.669550
4,88,0.285983,0.033094,70.223491
5,88,0.285983,0.033857,69.757154
6,88,0.285983,0.033857,69.975332
7,88,0.285983,0.034757,69.975332
8,88,0.285983,0.034708,70.180007
9,88,0.285983,0.034708,70.124415
10,88,0.285983,0.034839,70.102685
1,89,0.285983,0.034993,58.071398
2,89,0.285983,0.034993,58.183847
3,89,0.285983,0.035388,58.177043
4,89,0.285983,0.035388,58.187720
5,89,0.285983,0.035037,58.159968
6,89,0.285983,0.035037,58.159968
7,89,0.285983,0.034101,58.159968
8,89,0.285983,0.034101,58.159968
9,89,0.285983,0.035014,58.159968
10,89,0.285983,0.035014,58.159968
1,90,0.285983,0.052156,78.389116
2,90,0.285983,0.054379,78.120593
3,90,0.285983,0.055491,78.055338
4,90,0.285983,0.055491,78.055338
5,90,0.285983,0.050749,78.192186
6,90,0.285983,0.052578,78.216359
7,90,0.285983,0.053560,78.216359
8,90,0.285983,0.054132,78.356205
9,90,0.285983,0.048155,78.092373
10,90,0.285983,0.048314,78.209403
1,91,0.285983,0.033179,79.534851
2,91,0.285983,0.033809,79.796606
3,91,0.285983,0.034193,79.757570
4,91,0.285983,0.030356,80.457992
5,91,0.285983,0.029289,80.457992
6,91,0.285983,0.028938,80.546500
7,91,0.285983,0.029588,80.458076
8,91,0.285983,0.029588,80.722398
9,91,0.285983,0.029114,80.979317
10,91,0.285983,0.029031,80.401101
1,92,0.285983,0.023732,63.109263
2,92,0.285983,0.024885,63.331227
3,92,0.285983,0.024793,63.077122
4,92,0.285983,0.023557,63.077122
5,92,0.285983,0.023557,63.077122
6,92,0.285983,0.023436,62.848434
7,92,0.285983,0.023056,63.033342
8,92,0.285983,0.022840,62.975449
9,92,0.285983,0.022654,62.920254
10,92,0.285983,0.023223,62.864057
1,93,0.285983,0.032317,61.584103
2,93,0.285983,0.031768,61.350096
3,93,0.285983,0.032537,61.572654
4,93,0.285983,0.032537,61.572654
5,93,0.285983,0.033519,61.572416
6,93,0.285983,0.033519,61.572416
7,93,0.285983,0.034628,61.773662
8,93,0.285983,0.035133,62.249296
9,93,0.285983,0.035133,62.249296
10,93,0.285983,0.034033,62.183074
1,94,0.285983,0.039372,79.529398
2,94,0.285983,0.039372,79.640883
3,94,0.285983,0.038214,79.300399
4,94,0.285983,0.039698,79.748365
5,94,0.285983,0.042656,79.763981
6,94,0.285983,0.042656,79.763981
7,94,0.285983,0.043524,79.763981
8,94,0.285983,0.043524,79.763981
9,94,0.285983,0.042027,79.736467
10,94,0.285983,0.041609,79.736467
1,95,0.285983,0.033691,64.629233
2,95,0.285983,0.033691,64.629233
3,95,0.285983,0.032918,64.630481
4,95,0.285983,0.032918,64.362878
5,95,0.285983,0.032881,64.357647
6,95,0.285983,0.032279,64.209825
7,95,0.285983,0.031706,64.209825
8,95,0.285983,0.033379,64.499850
9,95,0.285983,0.032599,64.428036
10,95,0.285983,0.032599,64.427988
1,96,0.285983,0.045612,66.987866
2,96,0.285983,0.045612,66.866883
3,96,0.285983,0.045481,67.082429
4,96,0.285983,0.044189,66.736357
5,96,0.285983,0.044189,66.951181
6,96,0.285983,0.047771,67.360771
7,96,0.285983,0.047771,67.438692
8,96,0.285983,0.046333,67.320351
9,96,0.285983,0.044141,66.406985
10,96,0.285983,0.048294,67.470906
1,97,0.285983,0.036857,71.951529
2,97,0.285983,0.036857,71.951529
3,97,0.285983,0.036857,71.951529
4,97,0.285983,0.035975,71.778672
5,97,0.285983,0.035661,71.963804
6,97,0.285983,0.038613,72.089793
7,97,0.285983,0.038613,72.089793
8,97,0.285983,0.038613,72.089793
9,97,0.285983,0.038613,72.089793
10,97,0.285983,0.038613,72.089793
1,98,0.285983,0.054804,62.755457
2,98,0.285983,0.054804,62.768446
3,98,0.285983,0.055493,62.768446
4,98,0.285983,0.055493,62.946381
5,98,0.285983,0.056567,62.915602
6,98,0.285983,0.056567,62.915602
7,98,0.285983,0.056567,62.915602
8,98,0.285983,0.056567,62.915602
9,98,0.285983,0.055746,62.816930
10,98,0.285983,0.055746,62.816930
1,99,0.285983,0.031590,77.253514
2,99,0.285983,0.033735,77.231850
3,99,0.285983,0.035045,77.146648
4,99,0.285983,0.034805,77.085181
5,99,0.285983,0.034805,77.085181
6,99,0.285983,0.033046,76.952803
7,99,0.285983,0.038238,76.900394
8,99,0.285983,0.032707,77.045744
9,99,0.285983,0.032819,77.023378
10,99,0.285983,0.034381,77.388013
1,100,0.285983,0.054443,67.879620
2,100,0.285983,0.052980,68.245943
3,100,0.285983,0.051623,68.019844
4,100,0.285983,0.051643,68.026065
5,100,0.285983,0.052413,68.113582
6,100,0.285983,0.052508,67.890314
7,100,0.285983,0.050716,67.980535
8,100,0.285983,0.051032,67.902762
9,100,0.285983,0.050064,67.898437
10,100,0.285983,0.051852,67.851222
1,101,0.285983,0.072919,67.176666
2,101,0.285983,0.072919,67.176666
3,101,0.285983,0.076404,67.281374
4,101,0.285983,0.068255,67.285651
5,101,0.285983,0.068255,67.285651
6,101,0.285983,0.068255,67.285651
7,101,0.285983,0.067665,67.026333
8,101,0.285983,0.067665,67.182044
9,101,0.285983,0.066570,67.242356
10,101,0.285983,0.066570,67.242356
1,102,0.285983,0.030343,77.202976
2,102,0.285983,0.032715,76.834473
3,102,0.285983,0.033259,76.160831
4,102,0.285983,0.034052,76.267391
5,102,0.285983,0.036000,76.617614
6,102,0.285983,0.033177,75.974643
7,102,0.285983,0.034404,76.243068
8,102,0.285983,0.033233,76.789803
9,102,0.285983,0.029324,77.380883
10,102,0.285983,0.029734,78.728004
1,103,0.285983,0.038581,81.419774
2,103,0.285983,0.038581,81.724966
3,103,0.285983,0.038581,81.941393
4,103,0.285983,0.038581,81.941393
5,103,0.285983,0.035957,82.061709
6,103,0.285983,0.035455,81.896089
7,103,0.285983,0.038009,82.143731
8,103,0.285983,0.038112,81.392737
9,103,0.285983,0.039953,81.535128
10,103,0.285983,0.038249,81.498792
1,104,0.285983,0.057122,66.167087
2,104,0.285983,0.057122,66.167087
3,104,0.285983,0.057122,66.167087
4,104,0.285983,0.058349,66.167087
5,104,0.285983,0.057136,66.167087
6,104,0.285983,0.057136,66.167087
7,104,0.285983,0.057136,66.167087
8,104,0.285983,0.057136,66.167087
9,104,0.285983,0.057136,66.167087
10,104,0.285983,0.057136,66.167087
1,105,0.285983,0.035342,82.456935
2,105,0.285983,0.037651,81.933878
3,105,0.285983,0.039499,81.632788
4,105,0.285983,0.039499,81.632788
5,105,0.285983,0.034395,81.905609
6,105,0.285983,0.034395,81.875486
7,105,0.285983,0.034439,81.856841
8,105,0.285983,0.037350,81.623267
9,105,0.285983,0.035604,81.623267
10,105,0.285983,0.037088,81.490753
1,106,0.285983,0.117301,73.048883
2,106,0.285983,0.118056,73.048883
3,106,0.285983,0.117931,73.062995
4,106,0.285983,0.121861,73.062995
5,106,0.285983,0.118619,73.026244
6,106,0.285983,0.118619,73.026244
7,106,0.285983,0.115438,73.026244
8,106,0.285983,0.124006,73.026244
9,106,0.285983,0.124006,73.026244
10,106,0.285983,0.124006,73.152915
1,107,0.285983,0.017669,58.022431
2,107,0.285983,0.017669,58.088453
3,107,0.285983,0.017669,58.088453
4,107,0.285983,0.018125,58.346844
5,107,0.285983,0.018169,58.346844
6,107,0.285983,0.017181,57.636315
7,107,0.285983,0.018018,58.204487
8,107,0.285983,0.018237,58.446145
9,107,0.285983,0.018191,58.446145
10,107,0.285983,0.018489,58.611679
1,108,0.285983,0.068910,68.372455
2,108,0.285983,0.068886,68.392680
3,108,0.285983,0.068886,68.330492
4,108,0.285983,0.067974,68.274790
5,108,0.285983,0.068826,68.513278
6,108,0.285983,0.066338,68.507562
7,108,0.285983,0.064455,68.507562
8,108,0.285983,0.066940,68.342363
9,108,0.285983,0.066940,68.391069
10,108,0.285983,0.071730,68.225183
1,109,0.285983,0.059031,67.246028
2,109,0.285983,0.056498,66.993608
3,109,0.285983,0.055504,66.993608
4,109,0.285983,0.055504,66.736928
5,109,0.285983,0.054953,67.113866
6,109,0.285983,0.054025,66.874368
7,109,0.285983,0.053569,66.874368
8,109,0.285983,0.053569,66.874368
9,109,0.285983,0.053569,66.899181
10,109,0.285983,0.053569,66.899181
1,110,0.285983,0.018922,64.160319
2,110,0.285983,0.018044,63.466292
3,110,0.285983,0.017353,63.494952
4,110,0.285983,0.017353,63.494952
5,110,0.285983,0.018463,64.057661
6,110,0.285983,0.018694,64.029312
7,110,0.285983,0.018694,64.029312
8,110,0.285983,0.019569,64.251183
9,110,0.285983,0.018692,63.764430
10,110,0.285983,0.018692,63.764430
1,111,0.285983,0.043986,56.568478
2,111,0.285983,0.043421,56.383396
3,111,0.285983,0.043421,56.383396
4,111,0.285983,0.040235,56.383396
5,111,0.285983,0.040235,56.383396
6,111,0.285983,0.040612,56.248761
7,111,0.285983,0.046240,56.301508
8,111,0.285983,0.045552,56.338962
9,111,0.285983,0.045552,56.338962
10,111,0.285983,0.046545,56.498272
1,112,0.285983,0.023001,68.914344
2,112,0.285983,0.023442,68.679752
3,112,0.285983,0.022691,68.387898
4,112,0.285983,0.022296,68.525268
5,112,0.285983,0.023575,68.465200
6,112,0.285983,0.023575,68.465200
7,112,0.285983,0.023867,68.856643
8,112,0.285983,0.023308,68.703396
9,112,0.285983,0.022716,68.742212
10,112,0.285983,0.022018,68.273668
1,113,0.285983,0.048403,68.615775
2,113,0.285983,0.048403,68.615775
3,113,0.285983,0.048140,68.700139
4,113,0.285983,0.048140,68.700139
5,113,0.285983,0.049397,68.733025
6,113,0.285983,0.049131,68.733025
7,113,0.285983,0.048900,68.669410
8,113,0.285983,0.048305,68.669410
9,113,0.285983,0.048305,68.669410
10,113,0.285983,0.048231,68.669410
1,114,0.285983,0.015401,66.123496
2,114,0.285983,0.015401,66.123496
3,114,0.285983,0.015657,66.074949
4,114,0.285983,0.014386,66.074949
5,114,0.285983,0.014442,66.454038
6,114,0.285983,0.014442,66.114914
7,114,0.285983,0.015185,66.074443
8,114,0.285983,0.015185,66.214583
9,114,0.285983,0.015185,66.164414
10,114,0.285983,0.016592,66.416920
1,115,0.285983,0.031637,70.226035
2,115,0.285983,0.031232,70.226035
3,115,0.285983,0.031232,69.775892
4,115,0.285983,0.031523,70.395414
5,115,0.285983,0.032099,70.310636
6,115,0.285983,0.032099,70.027425
7,115,0.285983,0.032099,70.316634
8,115,0.285983,0.032099,70.316634
9,115,0.285983,0.032099,70.188900
10,115,0.285983,0.031356,70.039329
1,116,0.285983,0.045376,62.851063
2,116,0.285983,0.045376,62.851063
3,116,0.285983,0.045779,62.851063
4,116,0.285983,0.044838,62.730157
5,116,0.285983,0.044838,62.730157
6,116,0.285983,0.044838,62.730157
7,116,0.285983,0.044976,62.623047
8,116,0.285983,0.044976,62.623047
9,116,0.285983,0.044976,62.623047
10,116,0.285983,0.044976,62.623047
1,117,0.285983,0.039539,79.967014
2,117,0.285983,0.040464,80.044277
3,117,0.285983,0.043222,80.011162
4,117,0.285983,0.039480,80.539638
5,117,0.285983,0.044782,80.144381
6,117,0.285983,0.040872,80.136790
7,117,0.285983,0.043695,79.999891
8,117,0.285983,0.041719,80.269513
9,117,0.285983,0.036484,79.807342
10,117,0.285983,0.036484,79.831842
1,118,0.285983,0.014879,84.794979
2,118,0.285983,0.015410,85.007788
3,118,0.285983,0.015410,83.451385
4,118,0.285983,0.016521,83.626191
5,118,0.285983,0.015774,83.839770
6,118,0.285983,0.017565,82.816095
7,118,0.285983,0.017565,82.816095
8,118,0.285983,0.018163,81.657745
9,118,0.285983,0.018163,82.203316
10,118,0.285983,0.018938,81.796313
1,119,0.285983,0.107344,64.127676
2,119,0.285983,0.103696,63.847911
3,119,0.285983,0.103696,63.847911
4,119,0.285983,0.103696,63.847911
5,119,0.285983,0.101849,63.847911
6,119,0.285983,0.102526,63.930972
7,119,0.285983,0.101807,63.930972
8,119,0.285983,0.105454,63.930972
9,119,0.285983,0.108013,63.930972
10,119,0.285983,0.105848,63.930972
1,120,0.285983,0.054056,83.803024
2,120,0.285983,0.056606,84.359593
3,120,0.285983,0.050819,84.157819
4,120,0.285983,0.055268,84.416363
5,120,0.285983,0.056443,84.229537
6,120,0.285983,0.058376,84.625573
7,120,0.285983,0.056929,84.625573
8,120,0.285983,0.056111,84.822064
9,120,0.285983,0.052266,84.663203
10,120,0.285983,0.048684,85.429804
1,121,0.285983,0.034884,67.181872
2,121,0.285983,0.034259,67.208979
3,121,0.285983,0.033314,67.187921
4,121,0.285983,0.032605,67.187921
5,121,0.285983,0.037223,67.309058
6,121,0.285983,0.033264,67.077106
7,121,0.285983,0.033360,67.237346
8,121,0.285983,0.036655,67.237346
9,121,0.285983,0.036192,67.288445
10,121,0.285983,0.036192,67.288445
1,122,0.285983,0.032117,83.795026
2,122,0.285983,0.032767,83.814142
3,122,0.285983,0.032784,83.684935
4,122,0.285983,0.031456,83.627432
5,122,0.285983,0.033858,83.500466
6,122,0.285983,0.033605,83.772649
7,122,0.285983,0.030630,83.661067
8,122,0.285983,0.032557,83.661067
9,122,0.285983,0.032800,83.715336
10,122,0.285983,0.032718,83.783039
1,123,0.285983,0.039676,86.192192
2,123,0.285983,0.036403,86.192192
3,123,0.285983,0.036773,86.192192
4,123,0.285983,0.033626,86.388062
5,123,0.285983,0.033169,86.271953
6,123,0.285983,0.040381,86.138590
7,123,0.285983,0.037623,86.028700
8,123,0.285983,0.034507,86.323665
9,123,0.285983,0.042547,86.170090
10,123,0.285983,0.034516,86.170090
1,124,0.285983,0.033231,80.027632
2,124,0.285983,0.037357,79.588868
3,124,0.285983,0.035448,79.758695
4,124,0.285983,0.036279,79.713214
5,124,0.285983,0.035646,80.080667
6,124,0.285983,0.035777,80.078784
7,124,0.285983,0.035777,80.078784
8,124,0.285983,0.034070,79.746523
9,124,0.285983,0.034614,80.064674
10,124,0.285983,0.034614,80.184950
1,125,0.285983,0.042915,74.337683
2,125,0.285983,0.040338,74.489357
3,125,0.285983,0.041288,74.489357
4,125,0.285983,0.041980,74.503685
5,125,0.285983,0.042570,74.489238
6,125,0.285983,0.041248,74.317095
7,125,0.285983,0.041248,74.595824
8,125,0.285983,0.041248,74.595824
9,125,0.285983,0.041248,74.595824
10,125,0.285983,0.041248,74.595824
1,126,0.285983,0.016373,72.672245
2,126,0.285983,0.016983,72.586946
3,126,0.285983,0.017288,71.832024
4,126,0.285983,0.017844,72.312956
5,126,0.285983,0.018414,72.589037
6,126,0.285983,0.018405,72.420141
7,126,0.285983,0.018405,72.420141
8,126,0.285983,0.018405,72.355776
9,126,0.285983,0.018405,72.245184
10,126,0.285983,0.017463,72.528078
1,127,0.285983,0.021890,79.838230
2,127,0.285983,0.021861,79.982281
3,127,0.285983,0.021542,80.617549
4,127,0.285983,0.021542,80.245229
5,127,0.285983,0.023141,79.870740
6,127,0.285983,0.022598,79.797842
7,127,0.285983,0.023386,79.817666
8,127,0.285983,0.022529,80.124710
9,127,0.285983,0.021501,80.213997
10,127,0.285983,0.021393,79.874847
1,128,0.285983,0.009693,82.156424
2,128,0.285983,0.009919,82.746161
3,128,0.285983,0.010154,83.554630
4,128,0.285983,0.009149,83.196449
5,128,0.285983,0.010702,82.256408
6,128,0.285983,0.010499,82.928209
7,128,0.285983,0.010266,82.790050
8,128,0.285983,0.010127,83.087629
9,128,0.285983,0.009464,82.813119
10,128,0.285983,0.009315,83.083416
1,129,0.285983,0.054775,83.292491
2,129,0.285983,0.054775,83.669222
3,129,0.285983,0.054301,83.669222
4,129,0.285983,0.052091,83.350439
5,129,0.285983,0.056177,83.350439
6,129,0.285983,0.065397,83.347889
7,129,0.285983,0.056326,83.683424
8,129,0.285983,0.056326,83.683424
9,129,0.285983,0.057328,83.683424
10,129,0.285983,0.055025,83.610644
1,130,0.285983,0.018242,83.689270
2,130,0.285983,0.017884,84.014425
3,130,0.285983,0.018694,83.972349
4,130,0.285983,0.018914,83.335653
5,130,0.285983,0.017875,83.533221
6,130,0.285983,0.017658,84.158245
7,130,0.285983,0.018605,83.543843
8,130,0.285983,0.018144,83.797189
9,130,0.285983,0.018164,84.014815
10,130,0.285983,0.019066,83.400472
1,131,0.285983,0.055119,62.105312
2,131,0.285983,0.055906,62.233990
3,131,0.285983,0.055906,61.969588
4,131,0.285983,0.055906,62.296366
5,131,0.285983,0.055906,61.953417
6,131,0.285983,0.055906,61.997077
7,131,0.285983,0.055906,61.997077
8,131,0.285983,0.056923,62.272910
9,131,0.285983,0.057373,62.215387
10,131,0.285983,0.057383,62.255969
1,132,0.285983,0.021474,68.747505
2,132,0.285983,0.021362,68.938141
3,132,0.285983,0.022721,68.828388
4,132,0.285983,0.022721,68.975875
5,132,0.285983,0.022721,68.975875
6,132,0.285983,0.022523,68.829653
7,132,0.285983,0.021973,69.214983
8,132,0.285983,0.021856,68.701280
9,132,0.285983,0.021252,68.490032
10,132,0.285983,0.021252,68.720145
1,133,0.285983,0.046449,70.982609
2,133,0.285983,0.046449,70.819020
3,133,0.285983,0.046449,70.819020
4,133,0.285983,0.048286,71.201078
5,133,0.285983,0.048286,71.201078
6,133,0.285983,0.048703,71.219331
7,133,0.285983,0.048243,71.117896
8,133,0.285983,0.048660,71.157627
9,133,0.285983,0.047717,71.157627
10,133,0.285983,0.047717,71.157627
1,134,0.285983,0.060709,75.258846
2,134,0.285983,0.060709,75.192111
3,134,0.285983,0.054815,75.586258
4,134,0.285983,0.052445,76.098150
5,134,0.285983,0.053073,76.171371
6,134,0.285983,0.048925,76.199893
7,134,0.285983,0.048220,76.524371
8,134,0.285983,0.048599,76.429881
9,134,0.285983,0.048857,76.129349
10,134,0.285983,0.047035,76.714996
1,135,0.285983,0.015171,76.781060
2,135,0.285983,0.014035,76.963668
3,135,0.285983,0.014296,77.175058
4,135,0.285983,0.014464,76.597560
5,135,0.285983,0.014689,76.893665
6,135,0.285983,0.016257,76.567539
7,135,0.285983,0.015590,76.725971
8,135,0.285983,0.015727,76.684804
9,135,0.285983,0.016059,76.236119
10,135,0.285983,0.015605,76.332601
1,136,0.285983,0.148668,69.119262
2,136,0.285983,0.148031,69.119262
3,136,0.285983,0.162199,69.164682
4,136,0.285983,0.144354,69.164682
5,136,0.285983,0.140597,69.076821
6,136,0.285983,0.128141,69.112689
7,136,0.285983,0.118101,69.201822
8,136,0.285983,0.148156,69.050257
9,136,0.285983,0.151118,69.032860
10,136,0.285983,0.148592,69.032860
1,137,0.285983,0.034831,75.381742
2,137,0.285983,0.036007,74.964678
3,137,0.285983,0.036493,75.230150
4,137,0.285983,0.036493,75.334299
5,137,0.285983,0.036748,75.634977
6,137,0.285983,0.033998,75.378360
7,137,0.285983,0.033673,75.378360
8,137,0.285983,0.035032,75.768901
9,137,0.285983,0.033766,75.578135
10,137,0.285983,0.033539,75.189271
1,138,0.285983,0.148601,66.242171
2,138,0.285983,0.145006,66.241180
3,138,0.285983,0.143793,66.241180
4,138,0.285983,0.143793,66.241180
5,138,0.285983,0.143793,66.241180
6,138,0.285983,0.137856,66.094200
7,138,0.285983,0.137856,66.182108
8,138,0.285983,0.144237,66.204641
9,138,0.285983,0.150988,66.204641
10,138,0.285983,0.149534,66.204641
1,139,0.285983,0.025161,55.436566
2,139,0.285983,0.024708,55.275074
3,139,0.285983,0.024303,55.167883
4,139,0.285983,0.024264,55.164792
5,139,0.285983,0.024667,55.364265
6,139,0.285983,0.024667,55.179743
7,139,0.285983,0.023681,54.923297
8,139,0.285983,0.023891,54.639989
9,139,0.285983,0.023456,54.657663
10,139,0.285983,0.023456,54.657663
1,140,0.285983,0.013446,81.434969
2,140,0.285983,0.013599,81.597730
3,140,0.285983,0.013384,81.710112
4,140,0.285983,0.013901,81.044427
5,140,0.285983,0.014906,80.413463
6,140,0.285983,0.015244,80.766524
7,140,0.285983,0.015400,80.536226
8,140,0.285983,0.015838,80.031598
9,140,0.285983,0.016640,80.126099
10,140,0.285983,0.016509,79.994102
1,141,0.285983,0.025722,70.235351
2,141,0.285983,0.025695,69.802384
3,141,0.285983,0.026654,70.369010
4,141,0.285983,0.027012,70.366851
5,141,0.285983,0.026839,70.586291
6,141,0.285983,0.026969,70.377529
7,141,0.285983,0.027083,70.439461
8,141,0.285983,0.027083,70.439461
9,141,0.285983,0.027932,70.816026
10,141,0.285983,0.027932,70.738853
1,142,0.285983,0.042142,58.196054
2,142,0.285983,0.042142,58.075180
3,142,0.285983,0.042142,58.030522
4,142,0.285983,0.042142,58.030522
5,142,0.285983,0.040105,57.889684
6,142,0.285983,0.040105,57.994133
7,142,0.285983,0.041209,57.994133
8,142,0.285983,0.041024,58.174374
9,142,0.285983,0.040875,58.410595
10,142,0.285983,0.044539,58.410595
1,143,0.285983,0.036969,75.544604
2,143,0.285983,0.042351,75.378414
3,143,0.285983,0.042351,75.378414
4,143,0.285983,0.040575,75.307055
5,143,0.285983,0.040575,75.297292
6,143,0.285983,0.041859,75.409965
7,143,0.285983,0.040131,75.409965
8,143,0.285983,0.039694,75.073917
9,143,0.285983,0.047005,74.855078
10,143,0.285983,0.048039,75.070796
1,144,0.285983,0.025784,65.626525
2,144,0.285983,0.025837,65.832974
3,144,0.285983,0.025696,65.756542
4,144,0.285983,0.025696,65.756542
5,144,0.285983,0.025798,65.756542
6,144,0.285983,0.024523,65.637898
7,144,0.285983,0.024029,65.260443
8,144,0.285983,0.024029,65.156646
9,144,0.285983,0.024029,65.156646
10,144,0.285983,0.024029,64.611336
1,145,0.285983,0.045849,81.481812
2,145,0.285983,0.054139,82.260054
3,145,0.285983,0.045927,82.312532
4,145,0.285983,0.046220,80.637046
5,145,0.285983,0.041467,83.808383
6,145,0.285983,0.042895,84.199616
7,145,0.285983,0.034401,83.896871
8,145,0.285983,0.037143,83.875007
9,145,0.285983,0.039651,84.966023
10,145,0.285983,0.051991,85.096692
1,146,0.285983,0.041663,67.129509
2,146,0.285983,0.041663,67.240271
3,146,0.285983,0.041978,67.240271
4,146,0.285983,0.042042,67.240271
5,146,0.285983,0.042288,67.240271
6,146,0.285983,0.042192,67.408114
7,146,0.285983,0.042192,67.219266
8,146,0.285983,0.041761,66.819768
9,146,0.285983,0.042362,66.962815
10,146,0.285983,0.041990,67.323736
1,147,0.285983,0.066241,58.331160
2,147,0.285983,0.066241,58.331160
3,147,0.285983,0.062769,58.508555
4,147,0.285983,0.066608,58.554752
5,147,0.285983,0.066608,58.554752
6,147,0.285983,0.066373,58.821877
7,147,0.285983,0.066373,58.503073
8,147,0.285983,0.064528,58.573592
9,147,0.285983,0.064528,58.573592
10,147,0.285983,0.064528,58.501337
1,148,0.285983,0.033956,68.398530
2,148,0.285983,0.033956,68.398530
3,148,0.285983,0.033956,68.398530
4,148,0.285983,0.033956,68.325244
5,148,0.285983,0.033608,68.114511
6,148,0.285983,0.032437,68.007694
7,148,0.285983,0.032437,68.007694
8,148,0.285983,0.032711,68.258995
9,148,0.285983,0.033314,68.245814
10,148,0.285983,0.033939,68.245814
1,149,0.285983,0.036259,72.354088
2,149,0.285983,0.036259,72.354088
3,149,0.285983,0.038464,72.544104
4,149,0.285983,0.039604,72.544104
5,149,0.285983,0.039604,72.501586
6,149,0.285983,0.039688,72.501586
7,149,0.285983,0.036201,72.343113
8,149,0.285983,0.036201,72.343113
9,149,0.285983,0.036975,72.426849
10,149,0.285983,0.037128,72.426849
1,150,0.285983,0.038315,72.562868
2,150,0.285983,0.035522,72.845372
3,150,0.285983,0.036950,72.606224
4,150,0.285983,0.037430,72.503668
5,150,0.285983,0.034184,72.503668
6,150,0.285983,0.035406,72.903742
7,150,0.285983,0.035406,72.899555
8,150,0.285983,0.035406,72.899555
9,150,0.285983,0.035108,72.626485
10,150,0.285983,0.033952,72.734920
1,151,0.285983,0.012011,83.268779
2,151,0.285983,0.012241,83.265314
3,151,0.285983,0.011799,82.888717
4,151,0.285983,0.012017,82.699778
5,151,0.285983,0.013988,82.226490
6,151,0.285983,0.013527,81.532081
7,151,0.285983,0.013415,81.828084
8,151,0.285983,0.013316,82.201738
9,151,0.285983,0.013765,81.854225
10,151,0.285983,0.014110,81.398951
1,152,0.285983,0.026960,70.103056
2,152,0.285983,0.026220,70.612450
3,152,0.285983,0.028270,70.947779
4,152,0.285983,0.027944,70.924574
5,152,0.285983,0.027944,70.924574
6,152,0.285983,0.027944,70.924574
7,152,0.285983,0.027904,70.805203
8,152,0.285983,0.027904,70.872905
9,152,0.285983,0.027749,70.872905
10,152,0.285983,0.027749,70.816426
1,153,0.285983,0.036246,75.140400
2,153,0.285983,0.035580,75.091068
3,153,0.285983,0.035580,75.176770
4,153,0.285983,0.035580,75.039983
5,153,0.285983,0.035580,74.830241
6,153,0.285983,0.034304,74.860869
7,153,0.285983,0.034304,74.860869
8,153,0.285983,0.034304,74.875549
9,153,0.285983,0.035106,74.826315
10,153,0.285983,0.035106,75.034632
1,154,0.285983,0.102443,80.778261
2,154,0.285983,0.105009,80.207316
3,154,0.285983,0.100557,80.207316
4,154,0.285983,0.107393,80.142241
5,154,0.285983,0.117886,80.142241
6,154,0.285983,0.100988,80.217962
7,154,0.285983,0.113068,80.086854
8,154,0.285983,0.117467,79.778962
9,154,0.285983,0.115925,80.225371
10,154,0.285983,0.116686,80.022395
1,155,0.285983,0.022094,74.212079
2,155,0.285983,0.022094,74.212079
3,155,0.285983,0.022094,74.502324
4,155,0.285983,0.021132,74.547810
5,155,0.285983,0.021507,74.656553
6,155,0.285983,0.020855,74.967819
7,155,0.285983,0.023364,74.801244
8,155,0.285983,0.021458,74.644424
9,155,0.285983,0.021782,74.685788
10,155,0.285983,0.022903,74.580751
1,156,0.285983,0.038510,83.540215
2,156,0.285983,0.038510,83.540215
3,156,0.285983,0.040952,83.892127
4,156,0.285983,0.040952,83.892127
5,156,0.285983,0.040154,83.889452
6,156,0.285983,0.040162,83.889452
7,156,0.285983,0.038378,83.810071
8,156,0.285983,0.037487,83.976818
9,156,0.285983,0.037487,83.620553
10,156,0.285983,0.038979,83.668663
1,157,0.285983,0.067206,64.974220
2,157,0.285983,0.066903,64.997294
3,157,0.285983,0.066903,64.997294
4,157,0.285983,0.066903,64.997294
5,157,0.285983,0.066903,64.997294
6,157,0.285983,0.065860,64.933134
7,157,0.285983,0.065860,64.933134
8,157,0.285983,0.066518,64.919551
9,157,0.285983,0.066518,64.970086
10,157,0.285983,0.066518,64.970086
1,158,0.285983,0.031643,60.624722
2,158,0.285983,0.032722,60.712665
3,158,0.285983,0.031966,60.506946
4,158,0.285983,0.031966,60.688921
5,158,0.285983,0.032603,60.596277
6,158,0.285983,0.032603,60.596277
7,158,0.285983,0.032397,60.419523
8,158,0.285983,0.032386,61.025527
9,158,0.285983,0.031909,60.487258
10,158,0.285983,0.031673,60.487258
1,159,0.285983,0.033547,78.227248
2,159,0.285983,0.033547,78.718748
3,159,0.285983,0.033547,78.575037
4,159,0.285983,0.033547,78.312661
5,159,0.285983,0.033547,78.182263
6,159,0.285983,0.033547,78.088121
7,159,0.285983,0.033326,78.296836
8,159,0.285983,0.033326,78.296836
9,159,0.285983,0.033337,78.272103
10,159,0.285983,0.033674,78.098537
1,160,0.285983,0.031539,73.923205
2,160,0.285983,0.031539,73.751040
3,160,0.285983,0.031539,73.861577
4,160,0.285983,0.031539,73.861577
5,160,0.285983,0.032038,74.009030
6,160,0.285983,0.033068,74.009030
7,160,0.285983,0.032921,73.932991
8,160,0.285983,0.032921,73.932991
9,160,0.285983,0.031777,73.583463
10,160,0.285983,0.030316,73.906165
1,161,0.285983,0.049024,75.887378
2,161,0.285983,0.049223,75.964190
3,161,0.285983,0.045164,76.296009
4,161,0.285983,0.044763,76.296009
5,161,0.285983,0.046577,76.154427
6,161,0.285983,0.050026,76.154427
7,161,0.285983,0.039806,76.772646
8,161,0.285983,0.041872,76.511031
9,161,0.285983,0.040681,76.791954
10,161,0.285983,0.037521,76.790264
1,162,0.285983,0.023764,88.066883
2,162,0.285983,0.031559,87.313421
3,162,0.285983,0.028768,87.632637
4,162,0.285983,0.029549,87.355623
5,162,0.285983,0.032912,87.512159
6,162,0.285983,0.035052,87.137378
7,162,0.285983,0.034152,87.318230
8,162,0.285983,0.033520,86.864515
9,162,0.285983,0.032751,87.232436
10,162,0.285983,0.029998,87.579891
1,163,0.285983,0.019812,76.973390
2,163,0.285983,0.019415,77.143731
3,163,0.285983,0.020524,77.292120
4,163,0.285983,0.020478,77.289630
5,163,0.285983,0.020478,77.381498
6,163,0.285983,0.022124,78.122667
7,163,0.285983,0.022124,78.122667
8,163,0.285983,0.022183,78.063357
9,163,0.285983,0.021826,77.862893
10,163,0.285983,0.021826,77.882350
1,164,0.285983,0.012952,78.447164
2,164,0.285983,0.013270,78.160591
3,164,0.285983,0.013270,78.453440
4,164,0.285983,0.012663,78.282268
5,164,0.285983,0.013371,78.516285
6,164,0.285983,0.013273,78.407913
7,164,0.285983,0.013485,78.450876
8,164,0.285983,0.012630,79.049007
9,164,0.285983,0.013404,78.809755
10,164,0.285983,0.013404,78.499756
1,165,0.285983,0.053307,68.377118
2,165,0.285983,0.053391,68.154788
3,165,0.285983,0.051766,68.260384
4,165,0.285983,0.051766,68.393950
5,165,0.285983,0.050434,68.434155
6,165,0.285983,0.053096,68.284461
7,165,0.285983,0.053063,68.284461
8,165,0.285983,0.048980,68.284461
9,165,0.285983,0.049463,68.284461
10,165,0.285983,0.049463,68.284461
1,166,0.285983,0.025319,75.335758
2,166,0.285983,0.027521,75.462669
3,166,0.285983,0.027843,75.275152
4,166,0.285983,0.025457,75.423027
5,166,0.285983,0.026870,75.471308
6,166,0.285983,0.026829,75.345427
7,166,0.285983,0.024487,75.727109
8,166,0.285983,0.025090,75.600501
9,166,0.285983,0.026903,75.539146
10,166,0.285983,0.026595,75.532202
1,167,0.285983,0.008311,84.305528
2,167,0.285983,0.008537,83.415266
3,167,0.285983,0.008340,82.120077
4,167,0.285983,0.008900,82.496561
5,167,0.285983,0.008779,82.371177
6,167,0.285983,0.008493,83.438601
7,167,0.285983,0.007845,83.724478
8,167,0.285983,0.008127,84.745964
9,167,0.285983,0.007291,85.538872
10,167,0.285983,0.007122,85.242891
1,168,0.285983,0.100687,87.392478
2,168,0.285983,0.088958,86.487014
3,168,0.285983,0.082047,87.606442
4,168,0.285983,0.079911,89.022882
5,168,0.285983,0.066078,86.691932
6,168,0.285983,0.077426,88.299588
7,168,0.285983,0.072296,85.837438
8,168,0.285983,0.074347,85.551573
9,168,0.285983,0.075782,85.635779
10,168,0.285983,0.083118,85.591172
1,169,0.285983,0.072452,64.213830
2,169,0.285983,0.072452,64.213830
3,169,0.285983,0.069685,64.213830
4,169,0.285983,0.072302,64.167317
5,169,0.285983,0.072302,64.167317
6,169,0.285983,0.070531,64.167317
7,169,0.285983,0.069257,64.144855
8,169,0.285983,0.072623,64.362543
9,169,0.285983,0.073845,64.247133
10,169,0.285983,0.069168,64.191134
1,170,0.285983,0.037370,71.051857
2,170,0.285983,0.037370,71.143676
3,170,0.285983,0.038055,71.143676
4,170,0.285983,0.038091,71.186800
5,170,0.285983,0.038091,71.186800
6,170,0.285983,0.038091,71.186800
7,170,0.285983,0.038091,71.186800
8,170,0.285983,0.038091,71.186800
9,170,0.285983,0.038091,71.186800
10,170,0.285983,0.038091,71.221390
1,171,0.285983,0.014286,70.841072
2,171,0.285983,0.014421,70.963012
3,171,0.285983,0.014193,71.173298
4,171,0.285983,0.013381,71.195073
5,171,0.285983,0.013807,71.047730
6,171,0.285983,0.013779,70.883553
7,171,0.285983,0.013998,70.901042
8,171,0.285983,0.014345,70.633304
9,171,0.285983,0.014010,70.692181
10,171,0.285983,0.013443,70.450491
1,172,0.285983,0.028888,70.121051
2,172,0.285983,0.029087,70.693665
3,172,0.285983,0.030556,70.398042
4,172,0.285983,0.031368,70.128458
5,172,0.285983,0.031368,70.563689
6,172,0.285983,0.030203,70.646441
7,172,0.285983,0.030446,70.612440
8,172,0.285983,0.030446,70.131539
9,172,0.285983,0.030259,70.131539
10,172,0.285983,0.030826,70.131539
1,173,0.285983,0.066055,66.028746
2,173,0.285983,0.066867,66.006133
3,173,0.285983,0.066867,66.006133
4,173,0.285983,0.066867,65.976741
5,173,0.285983,0.066867,65.976741
6,173,0.285983,0.068324,65.976741
7,173,0.285983,0.068324,65.973665
8,173,0.285983,0.068050,65.973665
9,173,0.285983,0.068050,65.973665
10,173,0.285983,0.068161,65.827994
1,174,0.285983,0.014238,71.238985
2,174,0.285983,0.014238,71.216249
3,174,0.285983,0.014238,71.236238
4,174,0.285983,0.014431,71.236238
5,174,0.285983,0.014511,71.537971
6,174,0.285983,0.014511,71.537971
7,174,0.285983,0.014685,71.301822
8,174,0.285983,0.014096,71.942717
9,174,0.285983,0.014523,71.715324
10,174,0.285983,0.014404,71.336310
1,175,0.285983,0.021981,69.012211
2,175,0.285983,0.022397,69.076502
3,175,0.285983,0.022188,69.289522
4,175,0.285983,0.022188,69.314980
5,175,0.285983,0.021783,69.314980
6,175,0.285983,0.021783,69.314980
7,175,0.285983,0.021873,69.272602
8,175,0.285983,0.021873,69.272602
9,175,0.285983,0.022784,69.088295
10,175,0.285983,0.022633,69.140113
1,176,0.285983,0.038212,64.759813
2,176,0.285983,0.038012,64.759813
3,176,0.285983,0.038012,64.759813
4,176,0.285983,0.038012,64.759813
5,176,0.285983,0.037295,64.759813
6,176,0.285983,0.037495,64.759813
7,176,0.285983,0.037495,64.759813
8,176,0.285983,0.038615,64.759813
9,176,0.285983,0.038615,64.759813
10,176,0.285983,0.039787,64.842591
1,177,0.285983,0.062054,80.192335
2,177,0.285983,0.062555,80.259838
3,177,0.285983,0.056560,80.186819
4,177,0.285983,0.073682,80.189530
5,177,0.285983,0.071363,78.109188
6,177,0.285983,0.058013,80.986851
7,177,0.285983,0.048483,80.228098
8,177,0.285983,0.047219,81.313696
9,177,0.285983,0.052642,80.930559
10,177,0.285983,0.054985,80.624373
1,178,0.285983,0.039442,81.105243
2,178,0.285983,0.039607,81.083772
3,178,0.285983,0.039244,81.132062
4,178,0.285983,0.037074,80.787179
5,178,0.285983,0.037074,80.663762
6,178,0.285983,0.037056,80.985408
7,178,0.285983,0.037509,81.103037
8,178,0.285983,0.043813,81.820521
9,178,0.285983,0.043037,81.392657
10,178,0.285983,0.041576,81.431875
1,179,0.285983,0.050732,66.870740
2,179,0.285983,0.050732,67.122649
3,179,0.285983,0.045598,66.849729
4,179,0.285983,0.044562,66.736163
5,179,0.285983,0.045228,66.616330
6,179,0.285983,0.045228,66.616330
7,179,0.285983,0.044527,66.544052
8,179,0.285983,0.047336,67.041939
9,179,0.285983,0.047257,66.716678
10,179,0.285983,0.047257,66.716678
1,180,0.285983,0.035858,62.135323
2,180,0.285983,0.036710,62.135323
3,180,0.285983,0.035661,61.955547
4,180,0.285983,0.036164,61.888892
5,180,0.285983,0.034068,61.941588
6,180,0.285983,0.035311,61.941588
7,180,0.285983,0.035536,62.345333
8,180,0.285983,0.035536,62.136689
9,180,0.285983,0.036001,62.136689
10,180,0.285983,0.034783,62.136689
1,181,0.285983,0.082507,71.850419
2,181,0.285983,0.080338,71.850419
3,181,0.285983,0.078869,71.850419
4,181,0.285983,0.082221,71.850419
5,181,0.285983,0.082221,71.850419
6,181,0.285983,0.082425,71.850419
7,181,0.285983,0.083108,71.952766
8,181,0.285983,0.076182,71.671975
9,181,0.285983,0.076182,71.671975
10,181,0.285983,0.076182,71.671975
1,182,0.285983,0.013929,65.877797
2,182,0.285983,0.013929,66.117202
3,182,0.285983,0.014100,66.072857
4,182,0.285983,0.014144,66.312103
5,182,0.285983,0.014628,66.059283
6,182,0.285983,0.014476,66.178064
7,182,0.285983,0.013470,65.665120
8,182,0.285983,0.012390,66.054836
9,182,0.285983,0.014701,65.999506
10,182,0.285983,0.014668,66.158277
1,183,0.285983,0.026697,71.532868
2,183,0.285983,0.025730,71.375625
3,183,0.285983,0.025880,71.199163
4,183,0.285983,0.025079,71.469801
5,183,0.285983,0.024371,71.288791
6,183,0.285983,0.026969,71.288791
7,183,0.285983,0.025797,70.943624
8,183,0.285983,0.023407,70.808615
9,183,0.285983,0.025060,71.354711
10,183,0.285983,0.027478,71.354711
1,184,0.285983,0.036467,69.659010
2,184,0.285983,0.036387,69.659010
3,184,0.285983,0.036623,69.448403
4,184,0.285983,0.036623,69.739324
5,184,0.285983,0.036774,69.371817
6,184,0.285983,0.035751,69.482093
7,184,0.285983,0.036587,69.507964
8,184,0.285983,0.035774,69.320780
9,184,0.285983,0.035774,69.452025
10,184,0.285983,0.036532,69.383283
1,185,0.285983,0.064098,73.670291
2,185,0.285983,0.063933,73.670291
3,185,0.285983,0.063933,73.670291
4,185,0.285983,0.063933,73.670291
5,185,0.285983,0.061859,73.636483
6,185,0.285983,0.061220,73.691311
7,185,0.285983,0.062384,73.557337
8,185,0.285983,0.065876,73.765380
9,185,0.285983,0.065604,73.736422
10,185,0.285983,0.065604,73.721507
1,186,0.285983,0.039518,70.057160
2,186,0.285983,0.039518,70.057160
3,186,0.285983,0.041546,69.860708
4,186,0.285983,0.038361,69.900662
5,186,0.285983,0.038361,70.145001
6,186,0.285983,0.040258,70.137709
7,186,0.285983,0.040258,70.217162
8,186,0.285983,0.042633,70.112705
9,186,0.285983,0.042633,70.076950
10,186,0.285983,0.040730,69.927092
1,187,0.285983,0.108377,62.439712
2,187,0.285983,0.104421,62.549007
3,187,0.285983,0.104421,62.475359
4,187,0.285983,0.104421,62.475359
5,187,0.285983,0.104421,62.417974
6,187,0.285983,0.104421,62.417974
7,187,0.285983,0.104421,62.417974
8,187,0.285983,0.115365,62.664055
9,187,0.285983,0.108450,62.670209
10,187,0.285983,0.108450,62.670209
1,188,0.285983,0.044421,75.405926
2,188,0.285983,0.044421,75.516408
3,188,0.285983,0.040486,75.367995
4,188,0.285983,0.041432,74.920935
5,188,0.285983,0.042862,75.415346
6,188,0.285983,0.042856,75.302965
7,188,0.285983,0.042856,75.302965
8,188,0.285983,0.041409,75.210376
9,188,0.285983,0.041409,75.337184
10,188,0.285983,0.041763,75.200283
1,189,0.285983,0.017167,70.860352
2,189,0.285983,0.017914,71.159549
3,189,0.285983,0.018863,71.153995
4,189,0.285983,0.017665,71.480636
5,189,0.285983,0.016549,71.313840
6,189,0.285983,0.017777,71.186681
7,189,0.285983,0.016741,71.162169
8,189,0.285983,0.018812,71.514813
9,189,0.285983,0.016874,71.554994
10,189,0.285983,0.015668,71.413645
1,190,0.285983,0.085985,71.644116
2,190,0.285983,0.083840,71.494077
3,190,0.285983,0.082867,71.494077
4,190,0.285983,0.087038,71.494077
5,190,0.285983,0.087038,71.494077
6,190,0.285983,0.087038,71.494077
7,190,0.285983,0.087038,71.494077
8,190,0.285983,0.082978,71.392771
9,190,0.285983,0.087709,71.485385
10,190,0.285983,0.085206,71.560485
1,191,0.285983,0.029161,70.641652
2,191,0.285983,0.029161,70.467193
3,191,0.285983,0.030172,70.467193
4,191,0.285983,0.030413,71.063764
5,191,0.285983,0.031011,70.834372
6,191,0.285983,0.031011,70.834372
7,191,0.285983,0.030998,71.236159
8,191,0.285983,0.031989,70.996210
9,191,0.285983,0.032167,71.192801
10,191,0.285983,0.032430,71.136153
1,192,0.285983,0.055613,59.172882
2,192,0.285983,0.052992,59.199134
3,192,0.285983,0.052992,59.110838
4,192,0.285983,0.052577,59.026081
5,192,0.285983,0.052263,58.912489
6,192,0.285983,0.049108,58.755314
7,192,0.285983,0.051616,59.054998
8,192,0.285983,0.051616,59.107595
9,192,0.285983,0.051616,59.107595
10,192,0.285983,0.054875,59.107595
1,193,0.285983,0.019774,86.105017
2,193,0.285983,0.019850,85.751562
3,193,0.285983,0.020580,86.537162
4,193,0.285983,0.019483,86.063059
5,193,0.285983,0.020839,86.143085
6,193,0.285983,0.019875,86.019431
7,193,0.285983,0.020187,86.456928
8,193,0.285983,0.019554,86.464802
9,193,0.285983,0.019787,87.039324
10,193,0.285983,0.020387,86.493023
1,194,0.285983,0.049520,67.849464
2,194,0.285983,0.049507,67.894282
3,194,0.285983,0.049507,67.894282
4,194,0.285983,0.049234,67.894282
5,194,0.285983,0.049234,67.834743
6,194,0.285983,0.049268,67.834743
7,194,0.285983,0.049268,67.835320
8,194,0.285983,0.049268,67.857216
9,194,0.285983,0.047089,67.549900
10,194,0.285983,0.047089,67.739524
1,195,0.285983,0.037727,66.976772
2,195,0.285983,0.037116,67.056972
3,195,0.285983,0.037116,67.056972
4,195,0.285983,0.036997,67.089599
5,195,0.285983,0.037093,67.089599
6,195,0.285983,0.037093,67.089599
7,195,0.285983,0.037553,67.089599
8,195,0.285983,0.037667,67.055040
9,195,0.285983,0.037667,67.055040
10,195,0.285983,0.037667,66.808012
1,196,0.285983,0.048527,65.273375
2,196,0.285983,0.048527,65.273375
3,196,0.285983,0.048527,65.138186
4,196,0.285983,0.047268,65.110588
5,196,0.285983,0.047195,65.110588
6,196,0.285983,0.048637,65.554113
7,196,0.285983,0.048660,65.562491
8,196,0.285983,0.047970,65.192901
9,196,0.285983,0.047970,65.192901
10,196,0.285983,0.047970,65.192901
1,197,0.285983,0.059666,71.970366
2,197,0.285983,0.058784,71.970366
3,197,0.285983,0.049545,71.970366
4,197,0.285983,0.052859,71.970366
5,197,0.285983,0.054406,71.970366
6,197,0.285983,0.053947,71.970366
7,197,0.285983,0.053947,71.970366
8,197,0.285983,0.053760,71.952980
9,197,0.285983,0.055684,72.065883
10,197,0.285983,0.054650,72.126511
1,198,0.285983,0.136097,73.119119
2,198,0.285983,0.137574,72.544885
3,198,0.285983,0.135393,72.524238
4,198,0.285983,0.124515,72.927433
5,198,0.285983,0.137874,72.041898
6,198,0.285983,0.136712,72.041898
7,198,0.285983,0.136712,72.784424
8,198,0.285983,0.140138,72.435958
9,198,0.285983,0.115224,72.675055
10,198,0.285983,0.128809,72.675055
1,199,0.285983,0.048303,64.814290
2,199,0.285983,0.048303,64.814290
3,199,0.285983,0.048644,64.680176
4,199,0.285983,0.048307,64.864541
5,199,0.285983,0.049389,64.864541
6,199,0.285983,0.048468,64.864541
7,199,0.285983,0.048468,64.864541
8,199,0.285983,0.049555,64.864541
9,199,0.285983,0.049555,64.864541
10,199,0.285983,0.049555,64.864541
1,200,0.285983,0.024085,66.473083
2,200,0.285983,0.024122,66.473083
3,200,0.285983,0.024201,66.695589
4,200,0.285983,0.023692,66.760870
5,200,0.285983,0.023221,66.483575
6,200,0.285983,0.023622,66.483575
7,200,0.285983,0.023587,66.276012
8,200,0.285983,0.023587,66.276012
9,200,0.285983,0.022804,65.857550
10,200,0.285983,0.023352,66.122650
1,201,0.285983,0.019661,80.563714
2,201,0.285983,0.021308,79.996084
3,201,0.285983,0.019853,80.803633
4,201,0.285983,0.020972,80.803633
5,201,0.285983,0.020972,80.465497
6,201,0.285983,0.018057,80.750244
7,201,0.285983,0.020158,80.651473
8,201,0.285983,0.020198,80.380024
9,201,0.285983,0.019887,80.593138
10,201,0.285983,0.019478,80.923982
1,202,0.285983,0.014546,71.780565
2,202,0.285983,0.014876,72.032483
3,202,0.285983,0.014176,71.970878
4,202,0.285983,0.013960,71.625449
5,202,0.285983,0.013893,71.432272
6,202,0.285983,0.013893,71.432272
7,202,0.285983,0.013893,71.056287
8,202,0.285983,0.014037,71.552802
9,202,0.285983,0.014037,71.478072
10,202,0.285983,0.013893,71.365423
1,203,0.285983,0.022128,65.131016
2,203,0.285983,0.022438,65.131016
3,203,0.285983,0.022438,65.175901
4,203,0.285983,0.022438,65.175901
5,203,0.285983,0.022438,65.505187
6,203,0.285983,0.022390,65.172618
7,203,0.285983,0.022390,65.172618
8,203,0.285983,0.022576,65.046388
9,203,0.285983,0.023057,65.408062
10,203,0.285983,0.022720,65.265041
1,204,0.285983,0.025151,64.984169
2,204,0.285983,0.025259,64.925158
3,204,0.285983,0.025259,65.116478
4,204,0.285983,0.024918,65.140148
5,204,0.285983,0.024779,64.750348
6,204,0.285983,0.024779,64.851318
7,204,0.285983,0.024365,64.954784
8,204,0.285983,0.024589,64.623106
9,204,0.285983,0.024342,64.688791
10,204,0.285983,0.023796,64.509224
1,205,0.285983,0.090686,70.282128
2,205,0.285983,0.090686,70.279048
3,205,0.285983,0.097874,70.279048
4,205,0.285983,0.097874,70.279048
5,205,0.285983,0.097874,70.279048
6,205,0.285983,0.093208,70.243893
7,205,0.285983,0.093924,70.243893
8,205,0.285983,0.093924,70.253333
9,205,0.285983,0.093924,70.253333
10,205,0.285983,0.098404,70.253333
1,206,0.285983,0.052825,78.446951
2,206,0.285983,0.052865,78.447304
3,206,0.285983,0.050941,78.326229
4,206,0.285983,0.053870,78.604240
5,206,0.285983,0.053504,78.348767
6,206,0.285983,0.050566,78.348767
7,206,0.285983,0.049187,78.023850
8,206,0.285983,0.052153,78.019605
9,206,0.285983,0.056407,78.623725
10,206,0.285983,0.052760,78.256527
1,207,0.285983,0.027896,75.682092
2,207,0.285983,0.027488,75.268071
3,207,0.285983,0.026246,75.663987
4,207,0.285983,0.027752,75.410343
5,207,0.285983,0.030445,75.655585
6,207,0.285983,0.030174,75.655585
7,207,0.285983,0.028651,75.363024
8,207,0.285983,0.027130,75.385059
9,207,0.285983,0.027236,75.385059
10,207,0.285983,0.026652,75.385059
1,208,0.285983,0.044579,79.727425
2,208,0.285983,0.045857,79.707950
3,208,0.285983,0.046956,79.503475
4,208,0.285983,0.047384,79.199572
5,208,0.285983,0.047742,79.193899
6,208,0.285983,0.048179,79.009366
7,208,0.285983,0.048405,79.079259
8,208,0.285983,0.050438,78.591026
9,208,0.285983,0.049193,78.317726
10,208,0.285983,0.051300,78.906665
1,209,0.285983,0.048516,75.054867
2,209,0.285983,0.050544,75.459662
3,209,0.285983,0.049754,75.217642
4,209,0.285983,0.049754,75.217642
5,209,0.285983,0.049754,75.217642
6,209,0.285983,0.049754,75.217642
7,209,0.285983,0.049754,75.217642
8,209,0.285983,0.049754,75.217642
9,209,0.285983,0.049203,75.217642
10,209,0.285983,0.049022,75.217642
1,210,0.285983,0.018247,65.246066
2,210,0.285983,0.018247,65.246066
3,210,0.285983,0.017027,64.789869
4,210,0.285983,0.017188,64.737335
5,210,0.285983,0.017067,64.879021
6,210,0.285983,0.017067,64.739247
7,210,0.285983,0.017319,64.608620
8,210,0.285983,0.017319,64.619480
9,210,0.285983,0.017021,64.835407
10,210,0.285983,0.017663,64.835407
1,211,0.285983,0.020728,70.815035
2,211,0.285983,0.020921,71.073198
3,211,0.285983,0.021969,71.317029
4,211,0.285983,0.021969,71.126875
5,211,0.285983,0.019897,70.731183
6,211,0.285983,0.019499,70.501005
7,211,0.285983,0.019750,70.616882
8,211,0.285983,0.019506,70.467543
9,211,0.285983,0.020903,70.710141
10,211,0.285983,0.020534,70.918476
1,212,0.285983,0.058347,63.169717
2,212,0.285983,0.058347,63.169717
3,212,0.285983,0.058347,63.273728
4,212,0.285983,0.060428,63.498613
5,212,0.285983,0.060428,63.498613
6,212,0.285983,0.060513,63.318172
7,212,0.285983,0.059662,63.335194
8,212,0.285983,0.058501,63.335194
9,212,0.285983,0.056762,63.235148
10,212,0.285983,0.056762,63.056585
1,213,0.285983,0.031896,77.829162
2,213,0.285983,0.032845,77.829162
3,213,0.285983,0.033347,77.829162
4,213,0.285983,0.032253,77.982952
5,213,0.285983,0.032835,77.664864
6,213,0.285983,0.033371,78.123942
7,213,0.285983,0.033008,77.899689
8,213,0.285983,0.033287,77.681723
9,213,0.285983,0.033287,77.681723
10,213,0.285983,0.033450,77.607747
1,214,0.285983,0.066609,78.705771
2,214,0.285983,0.066609,78.508211
3,214,0.285983,0.068596,78.703901
4,214,0.285983,0.066503,78.567049
5,214,0.285983,0.066503,78.567049
6,214,0.285983,0.066282,78.483581
7,214,0.285983,0.066555,78.483581
8,214,0.285983,0.066246,78.583078
9,214,0.285983,0.067373,78.583078
10,214,0.285983,0.063462,78.592136
1,215,0.285983,0.072264,62.515315
2,215,0.285983,0.072566,62.515315
3,215,0.285983,0.074405,62.564321
4,215,0.285983,0.073743,62.564321
5,215,0.285983,0.073743,62.564321
6,215,0.285983,0.073139,62.518315
7,215,0.285983,0.073769,62.649994
8,215,0.285983,0.073516,62.649994
9,215,0.285983,0.071296,62.548166
10,215,0.285983,0.076230,62.548166
1,216,0.285983,0.046796,72.542868
2,216,0.285983,0.047698,72.456129
3,216,0.285983,0.049539,72.456129
4,216,0.285983,0.049098,72.456129
5,216,0.285983,0.047242,72.456129
6,216,0.285983,0.047446,72.456129
7,216,0.285983,0.048053,72.439916
8,216,0.285983,0.049088,72.405078
9,216,0.285983,0.049088,72.405078
10,216,0.285983,0.050601,72.555277
1,217,0.285983,0.064022,66.779775
2,217,0.285983,0.060858,66.096246
3,217,0.285983,0.058672,65.755229
4,217,0.285983,0.058672,65.755229
5,217,0.285983,0.061151,65.802399
6,217,0.285983,0.061429,65.802399
7,217,0.285983,0.061429,65.885531
8,217,0.285983,0.060953,66.291703
9,217,0.285983,0.061568,66.038411
10,217,0.285983,0.063230,66.572180
1,218,0.285983,0.039434,72.066291
2,218,0.285983,0.039768,71.903050
3,218,0.285983,0.039768,71.903050
4,218,0.285983,0.036868,72.125512
5,218,0.285983,0.040654,72.125512
6,218,0.285983,0.039450,72.293117
7,218,0.285983,0.038278,71.972217
8,218,0.285983,0.038103,71.972217
9,218,0.285983,0.037852,71.972217
10,218,0.285983,0.038646,71.972217
1,219,0.285983,0.031247,76.768720
2,219,0.285983,0.030401,76.768720
3,219,0.285983,0.029575,76.342532
4,219,0.285983,0.029665,76.944250
5,219,0.285983,0.029623,76.949562
6,219,0.285983,0.030548,77.177985
7,219,0.285983,0.030189,77.177985
8,219,0.285983,0.029147,77.184198
9,219,0.285983,0.029147,76.869968
10,219,0.285983,0.028781,77.447429
1,220,0.285983,0.047045,73.952187
2,220,0.285983,0.047593,73.952187
3,220,0.285983,0.047593,73.952187
4,220,0.285983,0.047604,73.963741
5,220,0.285983,0.047604,73.963741
6,220,0.285983,0.049251,73.963741
7,220,0.285983,0.049251,73.963741
8,220,0.285983,0.049251,74.119866
9,220,0.285983,0.049251,74.119866
10,220,0.285983,0.046746,73.990693
1,221,0.285983,0.020622,69.334494
2,221,0.285983,0.020622,69.349338
3,221,0.285983,0.020832,69.349338
4,221,0.285983,0.020633,69.155247
5,221,0.285983,0.020896,69.154527
6,221,0.285983,0.021358,69.528825
7,221,0.285983,0.021358,69.219402
8,221,0.285983,0.020305,68.942490
9,221,0.285983,0.020101,69.032365
10,221,0.285983,0.020101,69.006707
1,222,0.285983,0.046272,81.381078
2,222,0.285983,0.048318,80.945209
3,222,0.285983,0.047789,81.578941
4,222,0.285983,0.047947,80.473939
5,222,0.285983,0.047947,80.692560
6,222,0.285983,0.047947,81.101332
7,222,0.285983,0.047583,80.669329
8,222,0.285983,0.048657,80.746943
9,222,0.285983,0.047054,81.017898
10,222,0.285983,0.049217,80.710477
1,223,0.285983,0.018789,70.785378
2,223,0.285983,0.018309,70.623675
3,223,0.285983,0.018604,70.770098
4,223,0.285983,0.018604,70.770098
5,223,0.285983,0.018638,70.717017
6,223,0.285983,0.018598,70.610592
7,223,0.285983,0.019060,70.620508
8,223,0.285983,0.019060,70.512920
9,223,0.285983,0.019197,70.963669
10,223,0.285983,0.018487,70.595268
1,224,0.285983,0.012512,81.202764
2,224,0.285983,0.012201,81.608600
3,224,0.285983,0.011939,83.560629
4,224,0.285983,0.012068,82.706670
5,224,0.285983,0.011709,82.532899
6,224,0.285983,0.012127,82.718626
7,224,0.285983,0.012062,81.746924
8,224,0.285983,0.012176,81.878792
9,224,0.285983,0.011994,81.726851
10,224,0.285983,0.011776,82.546598
1,225,0.285983,0.010913,72.908777
2,225,0.285983,0.011073,73.651876
3,225,0.285983,0.010942,73.040235
4,225,0.285983,0.011228,73.321294
5,225,0.285983,0.011550,73.312537
6,225,0.285983,0.011639,73.503774
7,225,0.285983,0.011447,73.460057
8,225,0.285983,0.011099,73.460057
9,225,0.285983,0.010787,73.329239
10,225,0.285983,0.010504,73.025133
1,226,0.285983,0.052208,64.692174
2,226,0.285983,0.051056,64.830118
3,226,0.285983,0.051056,64.830118
4,226,0.285983,0.052971,64.830118
5,226,0.285983,0.052194,64.905306
6,226,0.285983,0.052194,64.766216
7,226,0.285983,0.052194,64.766216
8,226,0.285983,0.052194,64.821566
9,226,0.285983,0.053097,64.902471
10,226,0.285983,0.052499,64.941951
1,227,0.285983,0.018571,71.562464
2,227,0.285983,0.018571,71.804476
3,227,0.285983,0.018571,71.804476
4,227,0.285983,0.017395,71.853344
5,227,0.285983,0.016982,71.762095
6,227,0.285983,0.018414,71.642724
7,227,0.285983,0.019552,71.786911
8,227,0.285983,0.017406,71.645354
9,227,0.285983,0.018778,71.547700
10,227,0.285983,0.018778,71.579581
1,228,0.285983,0.018921,71.698202
2,228,0.285983,0.019539,71.578319
3,228,0.285983,0.018726,71.638907
4,228,0.285983,0.018726,71.638907
5,228,0.285983,0.018946,71.638907
6,228,0.285983,0.018946,71.987345
7,228,0.285983,0.018946,71.987345
8,228,0.285983,0.020342,71.896844
9,228,0.285983,0.020342,71.683027
10,228,0.285983,0.017777,71.001373
1,229,0.285983,0.021732,65.940424
2,229,0.285983,0.021644,65.836648
3,229,0.285983,0.021644,65.888334
4,229,0.285983,0.021644,65.888334
5,229,0.285983,0.021493,65.888334
6,229,0.285983,0.021493,65.888334
7,229,0.285983,0.021345,65.900182
8,229,0.285983,0.021137,65.542191
9,229,0.285983,0.021661,65.788404
10,229,0.285983,0.021872,66.083512
1,230,0.285983,0.042902,82.505029
2,230,0.285983,0.045852,82.620634
3,230,0.285983,0.042722,82.547772
4,230,0.285983,0.044032,82.547772
5,230,0.285983,0.045213,82.344139
6,230,0.285983,0.046843,82.580065
7,230,0.285983,0.044080,82.421748
8,230,0.285983,0.047295,82.293555
9,230,0.285983,0.049961,82.293555
10,230,0.285983,0.056896,82.058051
1,231,0.285983,0.034396,70.110921
2,231,0.285983,0.040416,70.303540
3,231,0.285983,0.037496,69.885207
4,231,0.285983,0.035824,69.866549
5,231,0.285983,0.036789,70.130302
6,231,0.285983,0.038079,70.130302
7,231,0.285983,0.039801,70.054864
8,231,0.285983,0.039902,70.142004
9,231,0.285983,0.036036,70.142004
10,231,0.285983,0.038369,70.298009
1,232,0.285983,0.063366,71.495780
2,232,0.285983,0.063366,71.495780
3,232,0.285983,0.063366,71.495780
4,232,0.285983,0.060860,71.188099
5,232,0.285983,0.060860,71.267739
6,232,0.285983,0.060860,71.297552
7,232,0.285983,0.060860,71.297552
8,232,0.285983,0.059799,71.199452
9,232,0.285983,0.059799,71.199452
10,232,0.285983,0.060762,71.281570
1,233,0.285983,0.050880,64.856598
2,233,0.285983,0.050029,64.888994
3,233,0.285983,0.047984,64.653849
4,233,0.285983,0.050090,64.878694
5,233,0.285983,0.051618,64.878694
6,233,0.285983,0.051618,64.878694
7,233,0.285983,0.051937,64.878694
8,233,0.285983,0.049921,64.955316
9,233,0.285983,0.051544,64.882712
10,233,0.285983,0.051544,64.906760
1,234,0.285983,0.034020,63.801741
2,234,0.285983,0.034020,63.462802
3,234,0.285983,0.034079,63.462802
4,234,0.285983,0.034079,63.670360
5,234,0.285983,0.034079,63.670360
6,234,0.285983,0.034079,63.670360
7,234,0.285983,0.034079,63.670360
8,234,0.285983,0.034079,63.670360
9,234,0.285983,0.032388,63.450693
10,234,0.285983,0.032237,63.479157
1,235,0.285983,0.021638,63.198877
2,235,0.285983,0.021272,63.403609
3,235,0.285983,0.021702,63.403609
4,235,0.285983,0.022120,63.228628
5,235,0.285983,0.022157,63.647720
6,235,0.285983,0.022447,63.676194
7,235,0.285983,0.022447,63.676194
8,235,0.285983,0.022447,63.657950
9,235,0.285983,0.022285,63.245914
10,235,0.285983,0.022285,63.632712
1,236,0.285983,0.037544,72.765978
2,236,0.285983,0.036123,72.505556
3,236,0.285983,0.037439,72.397027
4,236,0.285983,0.035620,72.397027
5,236,0.285983,0.036994,72.661688
6,236,0.285983,0.037081,72.661688
7,236,0.285983,0.037081,72.649929
8,236,0.285983,0.037081,72.649929
9,236,0.285983,0.037895,72.628215
10,236,0.285983,0.037895,72.628215
1,237,0.285983,0.052430,60.973615
2,237,0.285983,0.052430,60.973615
3,237,0.285983,0.051187,60.973615
4,237,0.285983,0.052310,60.973615
5,237,0.285983,0.052914,61.066238
6,237,0.285983,0.052914,61.066238
7,237,0.285983,0.052914,61.236238
8,237,0.285983,0.053643,61.164648
9,237,0.285983,0.053643,61.164648
10,237,0.285983,0.051613,60.954672
1,238,0.285983,0.039452,76.290825
2,238,0.285983,0.039452,76.325499
3,238,0.285983,0.040768,76.475768
4,238,0.285983,0.039328,76.491444
5,238,0.285983,0.037834,76.623648
6,238,0.285983,0.039832,76.263427
7,238,0.285983,0.037821,76.558742
8,238,0.285983,0.040318,76.353274
9,238,0.285983,0.040209,76.353274
10,238,0.285983,0.040165,76.334339
1,239,0.285983,0.030865,73.810769
2,239,0.285983,0.030865,73.810769
3,239,0.285983,0.030865,73.843861
4,239,0.285983,0.030632,74.117484
5,239,0.285983,0.030632,74.117484
6,239,0.285983,0.030632,73.947531
7,239,0.285983,0.030632,73.947531
8,239,0.285983,0.030632,73.947531
9,239,0.285983,0.031848,74.259925
10,239,0.285983,0.030667,74.091877
1,240,0.285983,0.016951,69.492671
2,240,0.285983,0.018014,69.273452
3,240,0.285983,0.018014,69.273452
4,240,0.285983,0.018014,69.426940
5,240,0.285983,0.018014,69.716230
6,240,0.285983,0.017990,69.822173
7,240,0.285983,0.019165,69.640826
8,240,0.285983,0.018816,69.612508
9,240,0.285983,0.017575,69.467792
10,240,0.285983,0.019142,69.462225
1,241,0.285983,0.026061,59.599779
2,241,0.285983,0.026061,59.762234
3,241,0.285983,0.025970,59.645896
4,241,0.285983,0.025231,59.769287
5,241,0.285983,0.027053,60.307991
6,241,0.285983,0.027053,60.307991
7,241,0.285983,0.027053,60.103984
8,241,0.285983,0.027403,60.370364
9,241,0.285983,0.027403,60.245991
10,241,0.285983,0.027403,60.494083
1,242,0.285983,0.030416,71.970611
2,242,0.285983,0.030416,72.250815
3,242,0.285983,0.030416,72.250815
4,242,0.285983,0.030416,72.250815
5,242,0.285983,0.030382,72.250815
6,242,0.285983,0.030498,72.082450
7,242,0.285983,0.030498,72.082450
8,242,0.285983,0.031132,72.286732
9,242,0.285983,0.031132,72.286732
10,242,0.285983,0.031321,72.286732
1,243,0.285983,0.022986,79.784020
2,243,0.285983,0.024169,79.993017
3,243,0.285983,0.024400,79.875332
4,243,0.285983,0.024218,79.627831
5,243,0.285983,0.022682,79.723568
6,243,0.285983,0.023593,79.744253
7,243,0.285983,0.023922,79.892646
8,243,0.285983,0.023069,79.686436
9,243,0.285983,0.022717,80.035142
10,243,0.285983,0.022769,80.203014
1,244,0.285983,0.020934,72.204084
2,244,0.285983,0.020944,72.014890
3,244,0.285983,0.021262,72.060445
4,244,0.285983,0.020984,72.183201
5,244,0.285983,0.021493,72.016541
6,244,0.285983,0.021566,72.090889
7,244,0.285983,0.020965,72.090889
8,244,0.285983,0.020965,72.044310
9,244,0.285983,0.020965,71.756827
10,244,0.285983,0.020717,71.756827
1,245,0.285983,0.019037,62.467957
2,245,0.285983,0.019037,62.107562
3,245,0.285983,0.019037,62.109461
4,245,0.285983,0.018672,62.109461
5,245,0.285983,0.018672,62.234169
6,245,0.285983,0.018672,62.166843
7,245,0.285983,0.019224,61.824300
8,245,0.285983,0.019224,62.105890
9,245,0.285983,0.019224,62.471911
10,245,0.285983,0.019329,62.522148
1,246,0.285983,0.051824,69.374644
2,246,0.285983,0.051824,69.439745
3,246,0.285983,0.053471,69.501499
4,246,0.285983,0.052483,69.594873
5,246,0.285983,0.052483,69.594873
6,246,0.285983,0.052624,69.615400
7,246,0.285983,0.052624,69.615400
8,246,0.285983,0.052624,69.549591
9,246,0.285983,0.052624,69.549591
10,246,0.285983,0.052835,69.549591
1,247,0.285983,0.015578,72.258891
2,247,0.285983,0.015097,71.890649
3,247,0.285983,0.015097,71.890649
4,247,0.285983,0.015097,71.238038
5,247,0.285983,0.015097,71.550027
6,247,0.285983,0.015097,71.550027
7,247,0.285983,0.015315,71.468563
8,247,0.285983,0.014617,71.456821
9,247,0.285983,0.015275,71.183814
10,247,0.285983,0.015299,71.831595
1,248,0.285983,0.031260,70.112474
2,248,0.285983,0.031143,69.930074
3,248,0.285983,0.031143,69.930074
4,248,0.285983,0.033613,70.314432
5,248,0.285983,0.033806,70.314432
6,248,0.285983,0.032961,70.256377
7,248,0.285983,0.031928,69.825564
8,248,0.285983,0.031208,70.093488
9,248,0.285983,0.031414,70.014364
10,248,0.285983,0.031414,70.061280
1,249,0.285983,0.043794,61.083477
2,249,0.285983,0.043191,61.070191
3,249,0.285983,0.044530,61.128662
4,249,0.285983,0.044530,61.138598
5,249,0.285983,0.045566,61.387460
6,249,0.285983,0.046406,61.668172
7,249,0.285983,0.046406,61.532939
8,249,0.285983,0.044377,61.295295
9,249,0.285983,0.044377,61.393828
10,249,0.285983,0.044106,61.393828
1,250,0.285983,0.047701,62.262628
2,250,0.285983,0.047701,62.262628
3,250,0.285983,0.047701,62.262628
4,250,0.285983,0.047701,62.262628
5,250,0.285983,0.047701,62.262628
6,250,0.285983,0.047701,62.254923
7,250,0.285983,0.047701,62.150397
8,250,0.285983,0.048084,62.174044
9,250,0.285983,0.046944,62.074239
10,250,0.285983,0.046944,62.074239