rep,id,eta_p0,eta_alpha,eta_tau
1,1,0.000000,-0.173305,0.030112
2,1,0.000000,-0.192918,0.141427
3,1,0.000000,-0.196462,0.323500
4,1,0.000000,-0.203661,0.531150
5,1,0.000000,-0.203661,0.136453
6,1,0.000000,-0.167934,0.276420
7,1,0.000000,-0.175419,0.647546
8,1,0.000000,-0.175419,0.647546
9,1,0.000000,-0.157251,0.565046
10,1,0.000000,-0.145470,0.565046
1,2,0.000000,0.211081,2.406584
2,2,0.000000,0.211081,2.406584
3,2,0.000000,0.211081,2.406584
4,2,0.000000,0.196535,2.411150
5,2,0.000000,0.196535,2.411150
6,2,0.000000,0.225804,2.411150
7,2,0.000000,0.225804,2.411150
8,2,0.000000,0.211416,2.492484
9,2,0.000000,0.216422,2.492484
10,2,0.000000,0.224375,2.492484
1,3,0.000000,-0.492720,2.270667
2,3,0.000000,-0.496114,2.413900
3,3,0.000000,-0.521444,2.481266
4,3,0.000000,-0.521444,2.481266
5,3,0.000000,-0.545376,2.083095
6,3,0.000000,-0.614055,2.144981
7,3,0.000000,-0.601638,2.144981
8,3,0.000000,-0.544781,2.144981
9,3,0.000000,-0.482709,2.248028
10,3,0.000000,-0.544190,2.407808
1,4,0.000000,0.210270,-8.738811
2,4,0.000000,0.247193,-8.570823
3,4,0.000000,0.247193,-8.570823
4,4,0.000000,0.260304,-8.533694
5,4,0.000000,0.260304,-8.533694
6,4,0.000000,0.251568,-8.484457
7,4,0.000000,0.239341,-8.747296
8,4,0.000000,0.256441,-8.587371
9,4,0.000000,0.256441,-8.587371
10,4,0.000000,0.257446,-8.587371
1,5,0.000000,-0.222102,5.132972
2,5,0.000000,-0.170009,4.825699
3,5,0.000000,-0.202533,4.805588
4,5,0.000000,-0.178533,5.116430
5,5,0.000000,-0.184561,5.167144
6,5,0.000000,-0.151600,5.146113
7,5,0.000000,-0.206672,5.232667
8,5,0.000000,-0.194473,4.942723
9,5,0.000000,-0.190521,5.198250
10,5,0.000000,-0.190521,5.000221
1,6,0.000000,0.706109,-10.964572
2,6,0.000000,0.706109,-10.964572
3,6,0.000000,0.706109,-10.964572
4,6,0.000000,0.683208,-11.138000
5,6,0.000000,0.664149,-11.248358
6,6,0.000000,0.668858,-11.248358
7,6,0.000000,0.659582,-11.232852
8,6,0.000000,0.647035,-11.368888
9,6,0.000000,0.647035,-11.368888
10,6,0.000000,0.667124,-11.106202
1,7,0.000000,0.034300,-8.644426
2,7,0.000000,0.041557,-8.370527
3,7,0.000000,0.040021,-8.370527
4,7,0.000000,0.041449,-8.409130
5,7,0.000000,0.041449,-8.763180
6,7,0.000000,0.041449,-8.606400
7,7,0.000000,0.102320,-8.212566
8,7,0.000000,0.046686,-8.466577
9,7,0.000000,0.046686,-8.500352
10,7,0.000000,0.074442,-8.549165
1,8,0.000000,0.109690,-12.923148
2,8,0.000000,0.108830,-12.878895
3,8,0.000000,0.128731,-12.973555
4,8,0.000000,0.131001,-12.857165
5,8,0.000000,0.088757,-13.033758
6,8,0.000000,0.080090,-13.033758
7,8,0.000000,0.080090,-12.784496
8,8,0.000000,0.071170,-12.784496
9,8,0.000000,0.094220,-13.074090
10,8,0.000000,0.094220,-12.784769
1,9,0.000000,0.218349,-7.492532
2,9,0.000000,0.172896,-7.492532
3,9,0.000000,0.159788,-7.585138
4,9,0.000000,0.253195,-7.585138
5,9,0.000000,0.253195,-7.585138
6,9,0.000000,0.180306,-7.433810
7,9,0.000000,0.180306,-7.433810
8,9,0.000000,0.188379,-7.564679
9,9,0.000000,0.188379,-7.564679
10,9,0.000000,0.168575,-7.929568
1,10,0.000000,-0.606580,5.997033
2,10,0.000000,-0.664587,5.857797
3,10,0.000000,-0.650729,5.884357
4,10,0.000000,-0.577459,5.884357
5,10,0.000000,-0.661455,6.146655
6,10,0.000000,-0.661455,5.955281
7,10,0.000000,-0.593396,5.830913
8,10,0.000000,-0.581675,5.960827
9,10,0.000000,-0.615639,5.592243
10,10,0.000000,-0.584858,5.847652
1,11,0.000000,0.859065,-6.452541
2,11,0.000000,0.822991,-5.986150
3,11,0.000000,0.804018,-6.539704
4,11,0.000000,0.852467,-6.497905
5,11,0.000000,0.852467,-6.281031
6,11,0.000000,0.774379,-6.281031
7,11,0.000000,0.774379,-6.281031
8,11,0.000000,0.787985,-6.309180
9,11,0.000000,0.714239,-6.362530
10,11,0.000000,0.761915,-6.412724
1,12,0.000000,0.017270,4.000669
2,12,0.000000,0.034860,4.335989
3,12,0.000000,0.048440,4.335989
4,12,0.000000,0.048440,4.335989
5,12,0.000000,-0.034393,3.916990
6,12,0.000000,-0.003752,4.089239
7,12,0.000000,0.009610,4.220598
8,12,0.000000,0.036761,4.081291
9,12,0.000000,0.036761,4.328412
10,12,0.000000,-0.029374,4.034201
1,13,0.000000,0.412348,-1.034563
2,13,0.000000,0.416365,-1.005732
3,13,0.000000,0.443754,-1.005732
4,13,0.000000,0.449398,-1.005732
5,13,0.000000,0.449398,-1.005732
6,13,0.000000,0.442578,-1.129113
7,13,0.000000,0.420193,-1.129113
8,13,0.000000,0.420193,-1.097945
9,13,0.000000,0.425614,-1.160200
10,13,0.000000,0.425614,-1.160200
1,14,0.000000,0.777872,-3.378205
2,14,0.000000,0.777872,-3.378205
3,14,0.000000,0.754656,-3.490724
4,14,0.000000,0.749509,-3.362510
5,14,0.000000,0.782873,-3.362510
6,14,0.000000,0.781375,-3.431423
7,14,0.000000,0.781375,-3.431423
8,14,0.000000,0.773138,-3.433089
9,14,0.000000,0.773138,-3.379417
10,14,0.000000,0.773138,-3.379417
1,15,0.000000,0.315835,9.960524
2,15,0.000000,0.296926,9.993767
3,15,0.000000,0.310453,9.993767
4,15,0.000000,0.310453,9.993767
5,15,0.000000,0.334770,9.993767
6,15,0.000000,0.365535,9.993767
7,15,0.000000,0.338690,10.025167
8,15,0.000000,0.336375,9.833244
9,15,0.000000,0.335716,9.743200
10,15,0.000000,0.337048,9.921333
1,16,0.000000,-0.012283,-12.338994
2,16,0.000000,-0.025160,-12.392338
3,16,0.000000,-0.025160,-12.392338
4,16,0.000000,-0.050509,-12.416092
5,16,0.000000,-0.065464,-12.767409
6,16,0.000000,-0.090741,-12.955458
7,16,0.000000,-0.123328,-13.063485
8,16,0.000000,-0.093302,-13.041593
9,16,0.000000,-0.093302,-13.041593
10,16,0.000000,-0.113093,-13.041593
1,17,0.000000,0.296184,0.413224
2,17,0.000000,0.291192,0.413224
3,17,0.000000,0.291192,0.413224
4,17,0.000000,0.291192,0.413224
5,17,0.000000,0.266415,0.207685
6,17,0.000000,0.266415,0.207685
7,17,0.000000,0.279589,0.207685
8,17,0.000000,0.279589,0.074441
9,17,0.000000,0.279589,0.168461
10,17,0.000000,0.255334,0.077731
1,18,0.000000,0.000253,-13.407756
2,18,0.000000,0.000253,-13.757639
3,18,0.000000,0.012210,-13.405607
4,18,0.000000,0.012210,-13.627918
5,18,0.000000,0.012210,-13.604316
6,18,0.000000,-0.033050,-13.739371
7,18,0.000000,-0.033050,-13.739371
8,18,0.000000,-0.033050,-13.739371
9,18,0.000000,0.022447,-13.326581
10,18,0.000000,0.009663,-13.588874
1,19,0.000000,0.035416,4.629822
2,19,0.000000,0.083467,4.806986
3,19,0.000000,0.083467,4.806986
4,19,0.000000,0.040742,4.806986
5,19,0.000000,0.049489,4.731311
6,19,0.000000,0.049489,4.731311
7,19,0.000000,0.049489,4.731311
8,19,0.000000,0.065879,4.782334
9,19,0.000000,0.058860,4.782334
10,19,0.000000,0.072611,4.756079
1,20,0.000000,-0.048245,-7.187158
2,20,0.000000,-0.048245,-7.185447
3,20,0.000000,-0.048245,-7.240811
4,20,0.000000,-0.049645,-7.240811
5,20,0.000000,-0.049645,-7.240811
6,20,0.000000,-0.049207,-7.100756
7,20,0.000000,-0.014568,-6.949663
8,20,0.000000,-0.022672,-6.949663
9,20,0.000000,-0.005012,-6.849594
10,20,0.000000,-0.029320,-7.141182
1,21,0.000000,0.063086,-5.150163
2,21,0.000000,0.047857,-5.342629
3,21,0.000000,0.102999,-4.696784
4,21,0.000000,0.093854,-4.897479
5,21,0.000000,0.082320,-4.739720
6,21,0.000000,0.147149,-4.638381
7,21,0.000000,0.147149,-4.626686
8,21,0.000000,0.147149,-4.991386
9,21,0.000000,0.148698,-5.060609
10,21,0.000000,0.156370,-4.700346
1,22,0.000000,-1.067189,9.620559
2,22,0.000000,-1.104436,10.151126
3,22,0.000000,-1.129461,10.348886
4,22,0.000000,-1.181376,9.724944
5,22,0.000000,-1.025451,9.715895
6,22,0.000000,-1.045423,8.990242
7,22,0.000000,-0.995983,8.072751
8,22,0.000000,-1.008211,8.670562
9,22,0.000000,-0.996632,8.833146
10,22,0.000000,-0.960437,7.912722
1,23,0.000000,-0.291865,-2.557510
2,23,0.000000,-0.304197,-2.456280
3,23,0.000000,-0.280482,-2.378419
4,23,0.000000,-0.295550,-2.428706
5,23,0.000000,-0.324700,-2.642986
6,23,0.000000,-0.332337,-2.626738
7,23,0.000000,-0.332337,-2.626738
8,23,0.000000,-0.312558,-2.626738
9,23,0.000000,-0.312558,-2.626738
10,23,0.000000,-0.288954,-2.540547
1,24,0.000000,-1.230023,8.809040
2,24,0.000000,-1.104013,7.735433
3,24,0.000000,-1.084681,7.213820
4,24,0.000000,-1.159435,7.974517
5,24,0.000000,-1.188522,8.709712
6,24,0.000000,-1.220522,8.331400
7,24,0.000000,-1.262718,8.285010
8,24,0.000000,-1.144034,8.472368
9,24,0.000000,-1.173430,8.304782
10,24,0.000000,-1.153662,8.308155
1,25,0.000000,-0.160519,3.685312
2,25,0.000000,-0.103169,3.881122
3,25,0.000000,-0.158934,3.356248
4,25,0.000000,-0.119662,3.356248
5,25,0.000000,-0.119662,3.356248
6,25,0.000000,-0.115657,3.740512
7,25,0.000000,-0.242370,3.739431
8,25,0.000000,-0.252275,3.739431
9,25,0.000000,-0.292497,3.741141
10,25,0.000000,-0.197710,3.643029
1,26,0.000000,0.418425,4.422210
2,26,0.000000,0.418876,3.886609
3,26,0.000000,0.418876,3.886609
4,26,0.000000,0.418876,4.328424
5,26,0.000000,0.490442,3.997814
6,26,0.000000,0.528351,3.838793
7,26,0.000000,0.657116,3.490379
8,26,0.000000,0.670692,3.728953
9,26,0.000000,0.582036,4.268387
10,26,0.000000,0.624732,3.749492
1,27,0.000000,-0.283438,-2.301266
2,27,0.000000,-0.298676,-2.690412
3,27,0.000000,-0.288675,-2.516941
4,27,0.000000,-0.313530,-2.781765
5,27,0.000000,-0.319465,-2.877343
6,27,0.000000,-0.318999,-2.900694
7,27,0.000000,-0.291685,-2.515761
8,27,0.000000,-0.311015,-2.515761
9,27,0.000000,-0.292748,-2.788496
10,27,0.000000,-0.314844,-2.944125
1,28,0.000000,0.296015,0.612730
2,28,0.000000,0.287557,0.863977
3,28,0.000000,0.287557,0.679615
4,28,0.000000,0.285438,0.743380
5,28,0.000000,0.285438,0.608235
6,28,0.000000,0.256686,0.568258
7,28,0.000000,0.256686,0.568258
8,28,0.000000,0.285076,0.740568
9,28,0.000000,0.285076,0.740568
10,28,0.000000,0.272104,0.548686
1,29,0.000000,0.615262,6.856298
2,29,0.000000,0.623820,7.048279
3,29,0.000000,0.623820,7.048279
4,29,0.000000,0.623820,7.048279
5,29,0.000000,0.604413,7.048279
6,29,0.000000,0.644691,7.048279
7,29,0.000000,0.644691,7.048279
8,29,0.000000,0.644691,7.048279
9,29,0.000000,0.630309,7.048279
10,29,0.000000,0.623158,7.088740
1,30,0.000000,-0.403923,-3.206059
2,30,0.000000,-0.403923,-3.206059
3,30,0.000000,-0.403923,-3.206059
4,30,0.000000,-0.443296,-3.424996
5,30,0.000000,-0.443296,-3.424996
6,30,0.000000,-0.393155,-3.416149
7,30,0.000000,-0.456029,-3.416149
8,30,0.000000,-0.437203,-3.529848
9,30,0.000000,-0.438809,-3.529848
10,30,0.000000,-0.438809,-3.529848
1,31,0.000000,0.502563,-7.003274
2,31,0.000000,0.519728,-7.040166
3,31,0.000000,0.468301,-6.874324
4,31,0.000000,0.470484,-7.039664
5,31,0.000000,0.459674,-7.107195
6,31,0.000000,0.459674,-7.107195
7,31,0.000000,0.459674,-7.107195
8,31,0.000000,0.459674,-7.107195
9,31,0.000000,0.463661,-6.964018
10,31,0.000000,0.459443,-7.106547
1,32,0.000000,0.385426,1.223417
2,32,0.000000,0.385426,1.223417
3,32,0.000000,0.375116,1.154440
4,32,0.000000,0.365940,1.096351
5,32,0.000000,0.371295,1.016214
6,32,0.000000,0.329492,0.923545
7,32,0.000000,0.329492,0.923545
8,32,0.000000,0.391909,1.449905
9,32,0.000000,0.412126,1.442640
10,32,0.000000,0.384073,0.868696
1,33,0.000000,-0.253171,1.428956
2,33,0.000000,-0.235924,1.428956
3,33,0.000000,-0.231351,1.916713
4,33,0.000000,-0.254267,1.916713
5,33,0.000000,-0.288553,2.410880
6,33,0.000000,-0.356729,1.926367
7,33,0.000000,-0.198779,1.926367
8,33,0.000000,-0.246716,1.572689
9,33,0.000000,-0.197700,2.015846
10,33,0.000000,-0.243823,2.250945
1,34,0.000000,0.129827,-4.650963
2,34,0.000000,0.129827,-4.702771
3,34,0.000000,0.131253,-4.619041
4,34,0.000000,0.136601,-4.563554
5,34,0.000000,0.136601,-4.675241
6,34,0.000000,0.145516,-4.623996
7,34,0.000000,0.147177,-4.728431
8,34,0.000000,0.147177,-4.728431
9,34,0.000000,0.147177,-4.753624
10,34,0.000000,0.147177,-4.753624
1,35,0.000000,0.116155,2.190252
2,35,0.000000,0.116155,2.190252
3,35,0.000000,0.104081,2.378992
4,35,0.000000,0.061560,2.134038
5,35,0.000000,0.130105,2.134038
6,35,0.000000,0.151532,2.134038
7,35,0.000000,0.117733,2.026199
8,35,0.000000,0.167141,2.056192
9,35,0.000000,0.178264,2.219163
10,35,0.000000,0.178264,2.058529
1,36,0.000000,-0.097296,-3.199768
2,36,0.000000,-0.062919,-3.209594
3,36,0.000000,-0.062919,-3.209594
4,36,0.000000,-0.062919,-3.209594
5,36,0.000000,-0.024027,-3.209594
6,36,0.000000,-0.027489,-2.988965
7,36,0.000000,-0.080992,-3.201945
8,36,0.000000,-0.073082,-3.271035
9,36,0.000000,-0.036966,-3.463690
10,36,0.000000,-0.036966,-2.936932
1,37,0.000000,-0.330774,-7.527400
2,37,0.000000,-0.357406,-7.524911
3,37,0.000000,-0.298283,-6.901999
4,37,0.000000,-0.298283,-6.901999
5,37,0.000000,-0.298283,-6.901999
6,37,0.000000,-0.281292,-6.901999
7,37,0.000000,-0.274458,-6.795174
8,37,0.000000,-0.258766,-6.781656
9,37,0.000000,-0.241508,-6.790743
10,37,0.000000,-0.324011,-7.043279
1,38,0.000000,0.558698,-4.386279
2,38,0.000000,0.590839,-4.123740
3,38,0.000000,0.604898,-4.242961
4,38,0.000000,0.608936,-4.242961
5,38,0.000000,0.630258,-4.139821
6,38,0.000000,0.630258,-3.952688
7,38,0.000000,0.629410,-3.729909
8,38,0.000000,0.629410,-3.997703
9,38,0.000000,0.629410,-3.997703
10,38,0.000000,0.624623,-4.001001
1,39,0.000000,-0.067193,1.360540
2,39,0.000000,-0.105162,0.977088
3,39,0.000000,-0.098417,1.221295
4,39,0.000000,-0.065515,1.465256
5,39,0.000000,-0.065515,1.450924
6,39,0.000000,-0.090086,1.148070
7,39,0.000000,-0.066148,1.390969
8,39,0.000000,-0.082323,1.135780
9,39,0.000000,-0.082323,1.322365
10,39,0.000000,-0.066838,1.466256
1,40,0.000000,0.583791,-6.356184
2,40,0.000000,0.593309,-6.179272
3,40,0.000000,0.593309,-6.179272
4,40,0.000000,0.593309,-6.179272
5,40,0.000000,0.593309,-6.179272
6,40,0.000000,0.595410,-6.289369
7,40,0.000000,0.598497,-6.289369
8,40,0.000000,0.604086,-6.184183
9,40,0.000000,0.604086,-6.184183
10,40,0.000000,0.604086,-6.184183
1,41,0.000000,-0.309449,-1.579844
2,41,0.000000,-0.268167,-1.311933
3,41,0.000000,-0.298749,-1.679395
4,41,0.000000,-0.265228,-1.463137
5,41,0.000000,-0.370540,-1.560752
6,41,0.000000,-0.377912,-1.804522
7,41,0.000000,-0.292468,-1.604759
8,41,0.000000,-0.325267,-1.604759
9,41,0.000000,-0.306518,-1.508915
10,41,0.000000,-0.299323,-1.508915
1,42,0.000000,0.918243,-1.723909
2,42,0.000000,0.918243,-1.723909
3,42,0.000000,0.936556,-1.723909
4,42,0.000000,0.936556,-1.723909
5,42,0.000000,0.923151,-1.723909
6,42,0.000000,0.923151,-1.723909
7,42,0.000000,0.923151,-1.833025
8,42,0.000000,0.923151,-1.833025
9,42,0.000000,0.914802,-1.833025
10,42,0.000000,0.891148,-1.938691
1,43,0.000000,0.432350,0.130301
2,43,0.000000,0.432350,0.130301
3,43,0.000000,0.404209,0.210496
4,43,0.000000,0.452754,0.172302
5,43,0.000000,0.492693,0.322541
6,43,0.000000,0.458497,0.332615
7,43,0.000000,0.471181,0.387245
8,43,0.000000,0.471181,0.387245
9,43,0.000000,0.439418,0.244029
10,43,0.000000,0.439418,0.244029
1,44,0.000000,0.114431,-11.067594
2,44,0.000000,0.125376,-11.188204
3,44,0.000000,0.105851,-11.188204
4,44,0.000000,0.105851,-11.188204
5,44,0.000000,0.120571,-11.060215
6,44,0.000000,0.120571,-11.060215
7,44,0.000000,0.120571,-11.060215
8,44,0.000000,0.120571,-11.060215
9,44,0.000000,0.124226,-11.060215
10,44,0.000000,0.124226,-11.060215
1,45,0.000000,0.523838,0.046262
2,45,0.000000,0.512863,0.046262
3,45,0.000000,0.512863,0.046262
4,45,0.000000,0.496344,-0.167956
5,45,0.000000,0.496344,-0.167956
6,45,0.000000,0.496344,-0.167956
7,45,0.000000,0.479848,-0.167956
8,45,0.000000,0.479848,-0.167956
9,45,0.000000,0.464537,-0.167956
10,45,0.000000,0.546078,0.070425
1,46,0.000000,0.125311,-4.098992
2,46,0.000000,0.100021,-4.017047
3,46,0.000000,0.100021,-4.212069
4,46,0.000000,0.111530,-4.039766
5,46,0.000000,0.111530,-4.072040
6,46,0.000000,0.134161,-3.895215
7,46,0.000000,0.113686,-4.094309
8,46,0.000000,0.122760,-4.094309
9,46,0.000000,0.122760,-4.053893
10,46,0.000000,0.122760,-3.812047
1,47,0.000000,0.425175,-0.217600
2,47,0.000000,0.397706,-0.217600
3,47,0.000000,0.441973,-0.076695
4,47,0.000000,0.424180,-0.076695
5,47,0.000000,0.424180,-0.076695
6,47,0.000000,0.424180,-0.076695
7,47,0.000000,0.437826,-0.076695
8,47,0.000000,0.437826,-0.091824
9,47,0.000000,0.437826,-0.167175
10,47,0.000000,0.419615,-0.305199
1,48,0.000000,-0.338532,3.741017
2,48,0.000000,-0.351262,3.744007
3,48,0.000000,-0.351262,3.744007
4,48,0.000000,-0.318010,3.724856
5,48,0.000000,-0.370822,3.459192
6,48,0.000000,-0.415993,3.459192
7,48,0.000000,-0.388732,3.192077
8,48,0.000000,-0.383105,3.626876
9,48,0.000000,-0.357505,3.608446
10,48,0.000000,-0.357505,3.688763
1,49,0.000000,0.482397,3.636254
2,49,0.000000,0.527451,3.780839
3,49,0.000000,0.329554,3.780839
4,49,0.000000,0.306214,3.689427
5,49,0.000000,0.409513,3.739819
6,49,0.000000,0.399732,3.739819
7,49,0.000000,0.394477,3.687127
8,49,0.000000,0.301470,3.559821
9,49,0.000000,0.376693,3.612883
10,49,0.000000,0.562840,3.612883
1,50,0.000000,0.547527,0.143816
2,50,0.000000,0.547527,0.143816
3,50,0.000000,0.583123,0.222792
4,50,0.000000,0.566708,0.156117
5,50,0.000000,0.566708,0.152358
6,50,0.000000,0.566708,0.152358
7,50,0.000000,0.566708,0.152358
8,50,0.000000,0.566708,0.260748
9,50,0.000000,0.572733,0.091499
10,50,0.000000,0.572733,0.051565
1,51,0.000000,0.105977,-2.760790
2,51,0.000000,0.108763,-2.760790
3,51,0.000000,0.080741,-2.965267
4,51,0.000000,0.079281,-2.965267
5,51,0.000000,0.079281,-2.966889
6,51,0.000000,0.082357,-2.958361
7,51,0.000000,0.082357,-2.652371
8,51,0.000000,0.084332,-2.844622
9,51,0.000000,0.084332,-2.844622
10,51,0.000000,0.084332,-2.800864
1,52,0.000000,0.387906,-4.628726
2,52,0.000000,0.419978,-4.714002
3,52,0.000000,0.417516,-4.714002
4,52,0.000000,0.441818,-4.587767
5,52,0.000000,0.441818,-4.587767
6,52,0.000000,0.437126,-4.665871
7,52,0.000000,0.411757,-4.665871
8,52,0.000000,0.411757,-4.665871
9,52,0.000000,0.392103,-4.801474
10,52,0.000000,0.356001,-4.801474
1,53,0.000000,0.271441,-5.428593
2,53,0.000000,0.285421,-5.428593
3,53,0.000000,0.261744,-5.274029
4,53,0.000000,0.311177,-5.257629
5,53,0.000000,0.299014,-5.036509
6,53,0.000000,0.340780,-5.036509
7,53,0.000000,0.340780,-5.036509
8,53,0.000000,0.349505,-5.036509
9,53,0.000000,0.349505,-4.892537
10,53,0.000000,0.354839,-4.776144
1,54,0.000000,-0.040319,2.653743
2,54,0.000000,-0.040319,2.740680
3,54,0.000000,0.012454,2.740680
4,54,0.000000,-0.054589,2.733064
5,54,0.000000,-0.065627,2.789596
6,54,0.000000,-0.086762,2.454246
7,54,0.000000,-0.050321,2.700242
8,54,0.000000,-0.050321,2.277031
9,54,0.000000,-0.050321,2.305884
10,54,0.000000,-0.050321,2.483547
1,55,0.000000,0.655870,-7.547571
2,55,0.000000,0.655870,-7.547571
3,55,0.000000,0.654946,-7.585824
4,55,0.000000,0.658743,-7.585824
5,55,0.000000,0.658743,-7.585824
6,55,0.000000,0.658743,-7.468940
7,55,0.000000,0.658743,-7.517759
8,55,0.000000,0.658743,-7.517759
9,55,0.000000,0.658743,-7.517759
10,55,0.000000,0.658743,-7.517759
1,56,0.000000,0.535477,0.996619
2,56,0.000000,0.481574,0.782987
3,56,0.000000,0.527164,0.782987
4,56,0.000000,0.538609,0.832645
5,56,0.000000,0.504701,0.709973
6,56,0.000000,0.530938,0.331562
7,56,0.000000,0.546745,0.758196
8,56,0.000000,0.508515,0.920746
9,56,0.000000,0.465834,0.061997
10,56,0.000000,0.424539,0.401977
1,57,0.000000,0.052448,-0.427842
2,57,0.000000,0.061756,-0.206663
3,57,0.000000,0.078057,-0.345417
4,57,0.000000,0.078057,-0.345417
5,57,0.000000,0.078057,-0.345417
6,57,0.000000,0.078057,-0.345417
7,57,0.000000,0.036607,-0.430838
8,57,0.000000,0.036607,-0.447045
9,57,0.000000,0.090272,-0.221897
10,57,0.000000,0.090272,-0.267354
1,58,0.000000,-0.531809,-9.381770
2,58,0.000000,-0.531809,-9.381770
3,58,0.000000,-0.502033,-9.556056
4,58,0.000000,-0.493985,-9.242194
5,58,0.000000,-0.506277,-9.455741
6,58,0.000000,-0.504747,-9.334091
7,58,0.000000,-0.506949,-9.627324
8,58,0.000000,-0.536897,-9.051155
9,58,0.000000,-0.593537,-9.677564
10,58,0.000000,-0.547369,-9.746712
1,59,0.000000,0.106718,6.616218
2,59,0.000000,0.110578,6.427944
3,59,0.000000,0.110578,6.373523
4,59,0.000000,0.111757,6.373523
5,59,0.000000,0.129454,6.373523
6,59,0.000000,0.129454,6.529281
7,59,0.000000,0.147196,6.529281
8,59,0.000000,0.147196,6.498279
9,59,0.000000,0.149327,6.706894
10,59,0.000000,0.149327,6.706894
1,60,0.000000,0.641564,1.026971
2,60,0.000000,0.626383,1.212610
3,60,0.000000,0.626383,1.027038
4,60,0.000000,0.649015,1.027038
5,60,0.000000,0.649015,1.027038
6,60,0.000000,0.679263,1.278201
7,60,0.000000,0.653486,1.146468
8,60,0.000000,0.653486,1.146468
9,60,0.000000,0.653486,1.146468
10,60,0.000000,0.667521,1.146468
1,61,0.000000,0.566188,-7.239685
2,61,0.000000,0.566188,-7.239685
3,61,0.000000,0.566188,-7.239685
4,61,0.000000,0.572978,-7.271546
5,61,0.000000,0.572978,-7.271546
6,61,0.000000,0.572978,-7.138903
7,61,0.000000,0.572978,-7.224336
8,61,0.000000,0.569045,-7.224336
9,61,0.000000,0.569045,-7.224336
10,61,0.000000,0.569045,-7.224336
1,62,0.000000,0.802800,10.604804
2,62,0.000000,0.791260,10.604804
3,62,0.000000,0.791260,10.668688
4,62,0.000000,0.824469,10.668688
5,62,0.000000,0.805116,10.668688
6,62,0.000000,0.805116,10.668688
7,62,0.000000,0.793536,10.668688
8,62,0.000000,0.793536,10.668688
9,62,0.000000,0.783586,10.596471
10,62,0.000000,0.789407,10.621949
1,63,0.000000,-0.604131,-5.591502
2,63,0.000000,-0.621919,-5.443761
3,63,0.000000,-0.621919,-5.443761
4,63,0.000000,-0.608894,-5.443761
5,63,0.000000,-0.608894,-5.443761
6,63,0.000000,-0.608894,-5.443761
7,63,0.000000,-0.589036,-5.237911
8,63,0.000000,-0.591102,-5.420200
9,63,0.000000,-0.585409,-5.453135
10,63,0.000000,-0.620002,-5.810889
1,64,0.000000,0.037822,1.334749
2,64,0.000000,0.037822,1.153748
3,64,0.000000,0.064329,1.153748
4,64,0.000000,0.035119,1.114399
5,64,0.000000,0.035119,1.114399
6,64,0.000000,0.066419,0.889678
7,64,0.000000,0.074437,1.389638
8,64,0.000000,0.074437,1.509389
9,64,0.000000,0.041320,1.692464
10,64,0.000000,0.124099,1.228713
1,65,0.000000,-0.006523,8.088406
2,65,0.000000,0.019976,8.378974
3,65,0.000000,0.041569,8.175198
4,65,0.000000,0.010227,8.175198
5,65,0.000000,0.024910,8.391532
6,65,0.000000,0.009736,8.131419
7,65,0.000000,0.009736,8.131419
8,65,0.000000,0.075241,8.331969
9,65,0.000000,0.036224,8.254294
10,65,0.000000,0.036224,8.254294
1,66,0.000000,0.552009,-0.188816
2,66,0.000000,0.552009,0.255635
3,66,0.000000,0.552009,0.255635
4,66,0.000000,0.595312,0.255635
5,66,0.000000,0.592326,0.255635
6,66,0.000000,0.592326,0.348456
7,66,0.000000,0.609880,0.348456
8,66,0.000000,0.607675,0.348456
9,66,0.000000,0.607675,0.234383
10,66,0.000000,0.588531,0.234383
1,67,0.000000,0.341486,11.962605
2,67,0.000000,0.335098,12.953036
3,67,0.000000,0.198753,13.502520
4,67,0.000000,0.250502,12.819894
5,67,0.000000,0.250502,13.200663
6,67,0.000000,0.237292,13.214090
7,67,0.000000,0.166826,13.032999
8,67,0.000000,0.145441,12.931773
9,67,0.000000,0.101955,13.854290
10,67,0.000000,0.091887,14.145355
1,68,0.000000,-0.445440,4.905008
2,68,0.000000,-0.445440,4.905008
3,68,0.000000,-0.445440,4.456316
4,68,0.000000,-0.474077,4.153778
5,68,0.000000,-0.491749,4.153778
6,68,0.000000,-0.461669,4.639148
7,68,0.000000,-0.461669,4.639148
8,68,0.000000,-0.494847,4.616883
9,68,0.000000,-0.452461,4.503642
10,68,0.000000,-0.460442,4.381469
1,69,0.000000,-0.204680,5.223417
2,69,0.000000,-0.204680,5.494570
3,69,0.000000,-0.211985,5.629996
4,69,0.000000,-0.211985,5.629996
5,69,0.000000,-0.159827,5.629996
6,69,0.000000,-0.230492,5.366232
7,69,0.000000,-0.241749,5.146521
8,69,0.000000,-0.236570,5.210544
9,69,0.000000,-0.236570,5.309012
10,69,0.000000,-0.160961,5.944302
1,70,0.000000,-0.523356,4.892625
2,70,0.000000,-0.545951,4.726965
3,70,0.000000,-0.545951,4.763338
4,70,0.000000,-0.518200,4.799592
5,70,0.000000,-0.518200,4.799592
6,70,0.000000,-0.579874,5.135966
7,70,0.000000,-0.541210,4.974090
8,70,0.000000,-0.505114,5.101481
9,70,0.000000,-0.558153,4.929229
10,70,0.000000,-0.558153,4.809693
1,71,0.000000,-0.877617,6.306925
2,71,0.000000,-0.835665,5.979488
3,71,0.000000,-0.832516,6.542434
4,71,0.000000,-0.832516,5.860802
5,71,0.000000,-0.832516,6.346831
6,71,0.000000,-0.821744,6.691885
7,71,0.000000,-0.821744,6.631753
8,71,0.000000,-0.867988,6.485035
9,71,0.000000,-0.851117,6.870459
10,71,0.000000,-0.904968,6.166407
1,72,0.000000,-0.802249,-2.881308
2,72,0.000000,-0.740073,-2.468341
3,72,0.000000,-0.706926,-2.714293
4,72,0.000000,-0.767803,-2.956978
5,72,0.000000,-0.767803,-2.956978
6,72,0.000000,-0.791014,-2.297147
7,72,0.000000,-0.832668,-2.764158
8,72,0.000000,-0.756032,-2.830324
9,72,0.000000,-0.750179,-2.618848
10,72,0.000000,-0.814867,-2.710796
1,73,0.000000,0.056824,-1.267262
2,73,0.000000,0.118421,-1.225334
3,73,0.000000,0.110102,-0.987219
4,73,0.000000,0.104557,-1.002646
5,73,0.000000,0.110265,-1.002646
6,73,0.000000,0.060504,-1.410837
7,73,0.000000,0.049781,-1.382000
8,73,0.000000,0.064994,-1.006077
9,73,0.000000,0.053101,-1.425586
10,73,0.000000,0.054375,-1.425586
1,74,0.000000,0.286250,4.878692
2,74,0.000000,0.175133,4.878692
3,74,0.000000,0.175133,4.878692
4,74,0.000000,0.175133,4.878692
5,74,0.000000,0.175133,4.878692
6,74,0.000000,0.175133,4.827045
7,74,0.000000,0.199445,4.843836
8,74,0.000000,0.210854,4.766052
9,74,0.000000,0.210854,4.766052
10,74,0.000000,0.210854,4.679050
1,75,0.000000,-0.668470,0.415885
2,75,0.000000,-0.668470,0.526550
3,75,0.000000,-0.654296,0.542000
4,75,0.000000,-0.676381,0.717743
5,75,0.000000,-0.683913,-0.045881
6,75,0.000000,-0.677742,0.574940
7,75,0.000000,-0.681124,0.362295
8,75,0.000000,-0.702444,0.293972
9,75,0.000000,-0.696465,0.679369
10,75,0.000000,-0.612918,0.141477
1,76,0.000000,-0.140263,4.205971
2,76,0.000000,-0.109774,4.159236
3,76,0.000000,-0.109774,4.155751
4,76,0.000000,-0.128864,3.828580
5,76,0.000000,0.028447,3.091335
6,76,0.000000,0.148658,2.383234
7,76,0.000000,0.112378,2.608056
8,76,0.000000,0.048165,3.198876
9,76,0.000000,0.046459,2.824403
10,76,0.000000,0.029936,3.457420
1,77,0.000000,0.277327,-8.271920
2,77,0.000000,0.285472,-8.501184
3,77,0.000000,0.288171,-8.602450
4,77,0.000000,0.258585,-8.029807
5,77,0.000000,0.280633,-8.500035
6,77,0.000000,0.258727,-8.498710
7,77,0.000000,0.253027,-8.255029
8,77,0.000000,0.253027,-8.255029
9,77,0.000000,0.273080,-8.255029
10,77,0.000000,0.287199,-8.255029
1,78,0.000000,0.620351,4.551561
2,78,0.000000,0.620351,4.551561
3,78,0.000000,0.560126,4.605491
4,78,0.000000,0.560126,4.565294
5,78,0.000000,0.560126,4.565294
6,78,0.000000,0.560126,4.565294
7,78,0.000000,0.563855,4.657362
8,78,0.000000,0.628315,4.657362
9,78,0.000000,0.628315,4.657362
10,78,0.000000,0.536011,4.351127
1,79,0.000000,-0.430195,-3.230559
2,79,0.000000,-0.430337,-2.940258
3,79,0.000000,-0.460124,-3.084990
4,79,0.000000,-0.460124,-3.137706
5,79,0.000000,-0.418173,-2.763079
6,79,0.000000,-0.419923,-3.067172
7,79,0.000000,-0.423296,-3.105153
8,79,0.000000,-0.423296,-3.105153
9,79,0.000000,-0.457335,-3.007880
10,79,0.000000,-0.422507,-3.058551
1,80,0.000000,0.453444,12.957503
2,80,0.000000,0.509936,12.252300
3,80,0.000000,0.434341,13.007285
4,80,0.000000,0.501291,12.510696
5,80,0.000000,0.423708,13.181145
6,80,0.000000,0.434069,12.976339
7,80,0.000000,0.393727,13.256889
8,80,0.000000,0.444571,15.580857
9,80,0.000000,0.414933,14.862344
10,80,0.000000,0.205439,15.785879
1,81,0.000000,-0.377866,-7.318696
2,81,0.000000,-0.377866,-7.318696
3,81,0.000000,-0.390545,-7.318696
4,81,0.000000,-0.390545,-7.219424
5,81,0.000000,-0.412684,-7.246107
6,81,0.000000,-0.379675,-7.252676
7,81,0.000000,-0.379675,-7.252676
8,81,0.000000,-0.379675,-7.252676
9,81,0.000000,-0.379675,-7.252676
10,81,0.000000,-0.379675,-7.252676
1,82,0.000000,-0.271862,0.519590
2,82,0.000000,-0.271862,0.519590
3,82,0.000000,-0.226076,0.506648
4,82,0.000000,-0.226076,0.506648
5,82,0.000000,-0.270039,0.695726
6,82,0.000000,-0.270039,0.695726
7,82,0.000000,-0.224234,0.695726
8,82,0.000000,-0.224234,0.695726
9,82,0.000000,-0.272865,0.572476
10,82,0.000000,-0.224879,0.572476
1,83,0.000000,-0.229050,-0.207153
2,83,0.000000,-0.243898,-0.448780
3,83,0.000000,-0.179058,-0.370465
4,83,0.000000,-0.185360,-0.405738
5,83,0.000000,-0.189846,-0.380201
6,83,0.000000,-0.259800,-0.117364
7,83,0.000000,-0.213416,-0.354286
8,83,0.000000,-0.247105,-0.073497
9,83,0.000000,-0.265508,-0.328083
10,83,0.000000,-0.265508,-0.358353
1,84,0.000000,-0.328514,-6.210999
2,84,0.000000,-0.346570,-6.360158
3,84,0.000000,-0.395595,-6.610288
4,84,0.000000,-0.376498,-6.568628
5,84,0.000000,-0.335151,-5.903939
6,84,0.000000,-0.337872,-6.009390
7,84,0.000000,-0.272508,-6.009390
8,84,0.000000,-0.353394,-6.009390
9,84,0.000000,-0.297711,-5.939104
10,84,0.000000,-0.362247,-6.321940
1,85,0.000000,-1.311576,0.627477
2,85,0.000000,-1.186161,1.127848
3,85,0.000000,-0.903662,0.459724
4,85,0.000000,-1.015076,0.784474
5,85,0.000000,-1.011497,0.621099
6,85,0.000000,-1.011497,0.621099
7,85,0.000000,-0.937465,0.621099
8,85,0.000000,-1.127970,0.747036
9,85,0.000000,-1.052202,0.947671
10,85,0.000000,-1.088892,0.530250
1,86,0.000000,0.281998,3.580375
2,86,0.000000,0.281998,3.580375
3,86,0.000000,0.281998,3.580375
4,86,0.000000,0.281998,3.580375
5,86,0.000000,0.276956,3.580375
6,86,0.000000,0.276956,3.580375
7,86,0.000000,0.276956,3.512089
8,86,0.000000,0.299372,3.512089
9,86,0.000000,0.270047,3.512089
10,86,0.000000,0.270047,3.512089
1,87,0.000000,0.628048,-7.830893
2,87,0.000000,0.601819,-7.913842
3,87,0.000000,0.593048,-7.913842
4,87,0.000000,0.604986,-7.885091
5,87,0.000000,0.604986,-7.885091
6,87,0.000000,0.604789,-7.885091
7,87,0.000000,0.604789,-7.885091
8,87,0.000000,0.604789,-7.885091
9,87,0.000000,0.601668,-7.928292
10,87,0.000000,0.648876,-7.956826
1,88,0.000000,-0.051884,-0.968445
2,88,0.000000,-0.051884,-0.943692
3,88,0.000000,-0.088157,-1.439734
4,88,0.000000,-0.101767,-0.885794
5,88,0.000000,-0.078986,-1.352131
6,88,0.000000,-0.078986,-1.133953
7,88,0.000000,-0.052735,-1.133953
8,88,0.000000,-0.054140,-0.929278
9,88,0.000000,-0.054140,-0.984870
10,88,0.000000,-0.050391,-1.006599
1,89,0.000000,-0.045957,-13.037887
2,89,0.000000,-0.045957,-12.925438
3,89,0.000000,-0.034758,-12.932242
4,89,0.000000,-0.034758,-12.921565
5,89,0.000000,-0.044727,-12.949317
6,89,0.000000,-0.044727,-12.949317
7,89,0.000000,-0.071793,-12.949317
8,89,0.000000,-0.071793,-12.949317
9,89,0.000000,-0.045382,-12.949317
10,89,0.000000,-0.045382,-12.949317
1,90,0.000000,0.353124,7.279832
2,90,0.000000,0.394862,7.011308
3,90,0.000000,0.415096,6.946054
4,90,0.000000,0.415096,6.946054
5,90,0.000000,0.325782,7.082901
6,90,0.000000,0.361186,7.107074
7,90,0.000000,0.379693,7.107074
8,90,0.000000,0.390309,7.246921
9,90,0.000000,0.273300,6.983089
10,90,0.000000,0.276603,7.100118
1,91,0.000000,-0.099192,8.425567
2,91,0.000000,-0.080392,8.687321
3,91,0.000000,-0.069093,8.648285
4,91,0.000000,-0.188128,9.348707
5,91,0.000000,-0.223920,9.348707
6,91,0.000000,-0.235970,9.437215
7,91,0.000000,-0.213745,9.348792
8,91,0.000000,-0.213745,9.613113
9,91,0.000000,-0.229913,9.870032
10,91,0.000000,-0.232765,9.291816
1,92,0.000000,-0.434283,-8.000022
2,92,0.000000,-0.386870,-7.778057
3,92,0.000000,-0.390555,-8.032163
4,92,0.000000,-0.441676,-8.032163
5,92,0.000000,-0.441676,-8.032163
6,92,0.000000,-0.446862,-8.260851
7,92,0.000000,-0.463211,-8.075943
8,92,0.000000,-0.472597,-8.133836
9,92,0.000000,-0.480769,-8.189030
10,92,0.000000,-0.455976,-8.245228
1,93,0.000000,-0.125536,-9.525182
2,93,0.000000,-0.142652,-9.759188
3,93,0.000000,-0.118735,-9.536631
4,93,0.000000,-0.118735,-9.536631
5,93,0.000000,-0.088993,-9.536869
6,93,0.000000,-0.088993,-9.536869
7,93,0.000000,-0.056441,-9.335623
8,93,0.000000,-0.041986,-8.859989
9,93,0.000000,-0.041986,-8.859989
10,93,0.000000,-0.073782,-8.926210
1,94,0.000000,0.071925,8.420113
2,94,0.000000,0.071925,8.531598
3,94,0.000000,0.042096,8.191114
4,94,0.000000,0.080188,8.639081
5,94,0.000000,0.152051,8.654697
6,94,0.000000,0.152051,8.654697
7,94,0.000000,0.172185,8.654697
8,94,0.000000,0.172185,8.654697
9,94,0.000000,0.137203,8.627182
10,94,0.000000,0.127202,8.627182
1,95,0.000000,-0.083881,-6.480052
2,95,0.000000,-0.083881,-6.480052
3,95,0.000000,-0.107095,-6.478804
4,95,0.000000,-0.107095,-6.746407
5,95,0.000000,-0.108230,-6.751637
6,95,0.000000,-0.126691,-6.899460
7,95,0.000000,-0.144617,-6.899460
8,95,0.000000,-0.093185,-6.609434
9,95,0.000000,-0.116848,-6.681249
10,95,0.000000,-0.116848,-6.681297
1,96,0.000000,0.219050,-4.121419
2,96,0.000000,0.219050,-4.242402
3,96,0.000000,0.216176,-4.026856
4,96,0.000000,0.187354,-4.372928
5,96,0.000000,0.187354,-4.158104
6,96,0.000000,0.265307,-3.748514
7,96,0.000000,0.265307,-3.670593
8,96,0.000000,0.234732,-3.788934
9,96,0.000000,0.186278,-4.702300
10,96,0.000000,0.276189,-3.638378
1,97,0.000000,0.005929,0.842244
2,97,0.000000,0.005929,0.842244
3,97,0.000000,0.005929,0.842244
4,97,0.000000,-0.018296,0.669387
5,97,0.000000,-0.027070,0.854519
6,97,0.000000,0.052473,0.980508
7,97,0.000000,0.052473,0.980508
8,97,0.000000,0.052473,0.980508
9,97,0.000000,0.052473,0.980508
10,97,0.000000,0.052473,0.980508
1,98,0.000000,0.402648,-8.353828
2,98,0.000000,0.402648,-8.340839
3,98,0.000000,0.415140,-8.340839
4,98,0.000000,0.415140,-8.162904
5,98,0.000000,0.434312,-8.193682
6,98,0.000000,0.434312,-8.193682
7,98,0.000000,0.434312,-8.193682
8,98,0.000000,0.434312,-8.193682
9,98,0.000000,0.419692,-8.292354
10,98,0.000000,0.419692,-8.292354
1,99,0.000000,-0.148264,6.144229
2,99,0.000000,-0.082593,6.122566
3,99,0.000000,-0.044493,6.037363
4,99,0.000000,-0.051368,5.975896
5,99,0.000000,-0.051368,5.975896
6,99,0.000000,-0.103212,5.843518
7,99,0.000000,0.042715,5.791109
8,99,0.000000,-0.113536,5.936459
9,99,0.000000,-0.110117,5.914093
10,99,0.000000,-0.063610,6.278729
1,100,0.000000,0.396032,-3.229664
2,100,0.000000,0.368800,-2.863342
3,100,0.000000,0.342846,-3.089440
4,100,0.000000,0.343237,-3.083219
5,100,0.000000,0.358038,-2.995702
6,100,0.000000,0.359854,-3.218970
7,100,0.000000,0.325117,-3.128750
8,100,0.000000,0.331335,-3.206522
9,100,0.000000,0.312187,-3.210848
10,100,0.000000,0.347283,-3.258062
1,101,0.000000,0.688231,-3.932619
2,101,0.000000,0.688231,-3.932619
3,101,0.000000,0.734923,-3.827910
4,101,0.000000,0.622129,-3.823633
5,101,0.000000,0.622129,-3.823633
6,101,0.000000,0.622129,-3.823633
7,101,0.000000,0.613444,-4.082951
8,101,0.000000,0.613444,-3.927240
9,101,0.000000,0.597134,-3.866928
10,101,0.000000,0.597134,-3.866928
1,102,0.000000,-0.188555,6.093691
2,102,0.000000,-0.113288,5.725188
3,102,0.000000,-0.096805,5.051547
4,102,0.000000,-0.073234,5.158106
5,102,0.000000,-0.017610,5.508329
6,102,0.000000,-0.099263,4.865359
7,102,0.000000,-0.062950,5.133784
8,102,0.000000,-0.097572,5.680518
9,102,0.000000,-0.222726,6.271598
10,102,0.000000,-0.208834,7.618719
1,103,0.000000,0.051631,10.310490
2,103,0.000000,0.051631,10.615682
3,103,0.000000,0.051631,10.832109
4,103,0.000000,0.051631,10.832109
5,103,0.000000,-0.018782,10.952424
6,103,0.000000,-0.032855,10.786804
7,103,0.000000,0.036699,11.034447
8,103,0.000000,0.039398,10.283452
9,103,0.000000,0.086588,10.425844
10,103,0.000000,0.043009,10.389508
1,104,0.000000,0.444068,-4.942198
2,104,0.000000,0.444068,-4.942198
3,104,0.000000,0.444068,-4.942198
4,104,0.000000,0.465328,-4.942198
5,104,0.000000,0.444313,-4.942198
6,104,0.000000,0.444313,-4.942198
7,104,0.000000,0.444313,-4.942198
8,104,0.000000,0.444313,-4.942198
9,104,0.000000,0.444313,-4.942198
10,104,0.000000,0.444313,-4.942198
1,105,0.000000,-0.036038,11.347650
2,105,0.000000,0.027254,10.824594
3,105,0.000000,0.075153,10.523504
4,105,0.000000,0.075153,10.523504
5,105,0.000000,-0.063200,10.796324
6,105,0.000000,-0.063200,10.766201
7,105,0.000000,-0.061941,10.747556
8,105,0.000000,0.019204,10.513982
9,105,0.000000,-0.028651,10.513982
10,105,0.000000,0.012163,10.381468
1,106,0.000000,1.163623,1.939599
2,106,0.000000,1.170044,1.939599
3,106,0.000000,1.168980,1.953710
4,106,0.000000,1.201766,1.953710
5,106,0.000000,1.174802,1.916960
6,106,0.000000,1.174802,1.916960
7,106,0.000000,1.147616,1.916960
8,106,0.000000,1.219212,1.916960
9,106,0.000000,1.219212,1.916960
10,106,0.000000,1.219212,2.043631
1,107,0.000000,-0.729285,-13.086854
2,107,0.000000,-0.729285,-13.020831
3,107,0.000000,-0.729285,-13.020831
4,107,0.000000,-0.703828,-12.762441
5,107,0.000000,-0.701403,-12.762441
6,107,0.000000,-0.757299,-13.472970
7,107,0.000000,-0.709730,-12.904798
8,107,0.000000,-0.697681,-12.663139
9,107,0.000000,-0.700216,-12.663139
10,107,0.000000,-0.683921,-12.497605
1,108,0.000000,0.631677,-2.736830
2,108,0.000000,0.631338,-2.716604
3,108,0.000000,0.631338,-2.778793
4,108,0.000000,0.618012,-2.834495
5,108,0.000000,0.630458,-2.596007
6,108,0.000000,0.593645,-2.601723
7,108,0.000000,0.564854,-2.601723
8,108,0.000000,0.602684,-2.766921
9,108,0.000000,0.602684,-2.718215
10,108,0.000000,0.671788,-2.884101
1,109,0.000000,0.476949,-3.863256
2,109,0.000000,0.433090,-4.115677
3,109,0.000000,0.415336,-4.115677
4,109,0.000000,0.415336,-4.372357
5,109,0.000000,0.405356,-3.995419
6,109,0.000000,0.388323,-4.234917
7,109,0.000000,0.379855,-4.234917
8,109,0.000000,0.379855,-4.234917
9,109,0.000000,0.379855,-4.210104
10,109,0.000000,0.379855,-4.210104
1,110,0.000000,-0.660769,-6.948966
2,110,0.000000,-0.708311,-7.642993
3,110,0.000000,-0.747347,-7.614332
4,110,0.000000,-0.747347,-7.614332
5,110,0.000000,-0.685331,-7.051623
6,110,0.000000,-0.672910,-7.079973
7,110,0.000000,-0.672910,-7.079973
8,110,0.000000,-0.627167,-6.858102
9,110,0.000000,-0.673010,-7.344855
10,110,0.000000,-0.673010,-7.344855
1,111,0.000000,0.182745,-14.540807
2,111,0.000000,0.169819,-14.725889
3,111,0.000000,0.169819,-14.725889
4,111,0.000000,0.093625,-14.725889
5,111,0.000000,0.093625,-14.725889
6,111,0.000000,0.102953,-14.860524
7,111,0.000000,0.232730,-14.807777
8,111,0.000000,0.217744,-14.770323
9,111,0.000000,0.217744,-14.770323
10,111,0.000000,0.239303,-14.611012
1,112,0.000000,-0.465570,-2.194940
2,112,0.000000,-0.446606,-2.429533
3,112,0.000000,-0.479135,-2.721387
4,112,0.000000,-0.496719,-2.584017
5,112,0.000000,-0.440932,-2.644084
6,112,0.000000,-0.440932,-2.644084
7,112,0.000000,-0.428613,-2.252641
8,112,0.000000,-0.452328,-2.405889
9,112,0.000000,-0.478051,-2.367072
10,112,0.000000,-0.509274,-2.835616
1,113,0.000000,0.278442,-2.493509
2,113,0.000000,0.278442,-2.493509
3,113,0.000000,0.272994,-2.409145
4,113,0.000000,0.272994,-2.409145
5,113,0.000000,0.298768,-2.376259
6,113,0.000000,0.293366,-2.376259
7,113,0.000000,0.288652,-2.439874
8,113,0.000000,0.276409,-2.439874
9,113,0.000000,0.276409,-2.439874
10,113,0.000000,0.274879,-2.439874
1,114,0.000000,-0.866698,-4.985789
2,114,0.000000,-0.866698,-4.985789
3,114,0.000000,-0.850214,-5.034335
4,114,0.000000,-0.934872,-5.034335
5,114,0.000000,-0.930997,-4.655247
6,114,0.000000,-0.930997,-4.994371
7,114,0.000000,-0.880811,-5.034842
8,114,0.000000,-0.880811,-4.894702
9,114,0.000000,-0.880811,-4.944871
10,114,0.000000,-0.792219,-4.692365
1,115,0.000000,-0.146806,-0.883249
2,115,0.000000,-0.159663,-0.883249
3,115,0.000000,-0.159663,-1.333393
4,115,0.000000,-0.150413,-0.713870
5,115,0.000000,-0.132297,-0.798648
6,115,0.000000,-0.132297,-1.081860
7,115,0.000000,-0.132297,-0.792651
8,115,0.000000,-0.132297,-0.792651
9,115,0.000000,-0.132297,-0.920385
10,115,0.000000,-0.155701,-1.069955
1,116,0.000000,0.213858,-8.258222
2,116,0.000000,0.213858,-8.258222
3,116,0.000000,0.222714,-8.258222
4,116,0.000000,0.201929,-8.379128
5,116,0.000000,0.201929,-8.379128
6,116,0.000000,0.201929,-8.379128
7,116,0.000000,0.205011,-8.486237
8,116,0.000000,0.205011,-8.486237
9,116,0.000000,0.205011,-8.486237
10,116,0.000000,0.205011,-8.486237
1,117,0.000000,0.076180,8.857729
2,117,0.000000,0.099293,8.934992
3,117,0.000000,0.165223,8.901877
4,117,0.000000,0.074663,9.430353
5,117,0.000000,0.200688,9.035096
6,117,0.000000,0.109321,9.027505
7,117,0.000000,0.176120,8.890606
8,117,0.000000,0.129827,9.160229
9,117,0.000000,-0.004250,8.698058
10,117,0.000000,-0.004250,8.722558
1,118,0.000000,-0.901176,13.685694
2,118,0.000000,-0.866104,13.898503
3,118,0.000000,-0.866104,12.342100
4,118,0.000000,-0.796492,12.516906
5,118,0.000000,-0.842764,12.730486
6,118,0.000000,-0.735195,11.706811
7,118,0.000000,-0.735195,11.706811
8,118,0.000000,-0.701705,10.548461
9,118,0.000000,-0.701705,11.094031
10,118,0.000000,-0.659958,10.687028
1,119,0.000000,1.074916,-6.981609
2,119,0.000000,1.040342,-7.261374
3,119,0.000000,1.040342,-7.261374
4,119,0.000000,1.040342,-7.261374
5,119,0.000000,1.022374,-7.261374
6,119,0.000000,1.028999,-7.178313
7,119,0.000000,1.021960,-7.178313
8,119,0.000000,1.057154,-7.178313
9,119,0.000000,1.081131,-7.178313
10,119,0.000000,1.060885,-7.178313
1,120,0.000000,0.388896,12.693739
2,120,0.000000,0.434996,13.250308
3,120,0.000000,0.327151,13.048535
4,120,0.000000,0.411076,13.307079
5,120,0.000000,0.432120,13.120252
6,120,0.000000,0.465779,13.516288
7,120,0.000000,0.440692,13.516288
8,120,0.000000,0.426215,13.712779
9,120,0.000000,0.355233,13.553919
10,120,0.000000,0.284226,14.320520
1,121,0.000000,-0.049083,-3.927413
2,121,0.000000,-0.067182,-3.900305
3,121,0.000000,-0.095151,-3.921363
4,121,0.000000,-0.116650,-3.921363
5,121,0.000000,0.015811,-3.800227
6,121,0.000000,-0.096629,-4.032179
7,121,0.000000,-0.093747,-3.871939
8,121,0.000000,0.000440,-3.871939
9,121,0.000000,-0.012268,-3.820840
10,121,0.000000,-0.012268,-3.820840
1,122,0.000000,-0.131741,12.685741
2,122,0.000000,-0.111704,12.704857
3,122,0.000000,-0.111181,12.575651
4,122,0.000000,-0.152528,12.518147
5,122,0.000000,-0.078939,12.391181
6,122,0.000000,-0.086436,12.663365
7,122,0.000000,-0.179150,12.551782
8,122,0.000000,-0.118138,12.551782
9,122,0.000000,-0.110681,12.606052
10,122,0.000000,-0.113203,12.673754
1,123,0.000000,0.079617,15.082907
2,123,0.000000,-0.006474,15.082907
3,123,0.000000,0.003651,15.082907
4,123,0.000000,-0.085833,15.278777
5,123,0.000000,-0.099504,15.162668
6,123,0.000000,0.097231,15.029306
7,123,0.000000,0.026486,14.919415
8,123,0.000000,-0.059965,15.214381
9,123,0.000000,0.149490,15.060805
10,123,0.000000,-0.059707,15.060805
1,124,0.000000,-0.097624,8.918347
2,124,0.000000,0.019403,8.479583
3,124,0.000000,-0.033050,8.649410
4,124,0.000000,-0.009872,8.603929
5,124,0.000000,-0.027472,8.971382
6,124,0.000000,-0.023825,8.969499
7,124,0.000000,-0.023825,8.969499
8,124,0.000000,-0.072713,8.637238
9,124,0.000000,-0.056869,8.955389
10,124,0.000000,-0.056869,9.075666
1,125,0.000000,0.158093,3.228398
2,125,0.000000,0.096182,3.380072
3,125,0.000000,0.119457,3.380072
4,125,0.000000,0.136079,3.394401
5,125,0.000000,0.150025,3.379954
6,125,0.000000,0.118479,3.207811
7,125,0.000000,0.118479,3.486540
8,125,0.000000,0.118479,3.486540
9,125,0.000000,0.118479,3.486540
10,125,0.000000,0.118479,3.486540
1,126,0.000000,-0.805478,1.562960
2,126,0.000000,-0.768930,1.477661
3,126,0.000000,-0.751122,0.722739
4,126,0.000000,-0.719455,1.203671
5,126,0.000000,-0.688006,1.479752
6,126,0.000000,-0.688498,1.310856
7,126,0.000000,-0.688498,1.310856
8,126,0.000000,-0.688498,1.246491
9,126,0.000000,-0.688498,1.135899
10,126,0.000000,-0.741021,1.418793
1,127,0.000000,-0.515089,8.728946
2,127,0.000000,-0.516409,8.872996
3,127,0.000000,-0.531113,9.508265
4,127,0.000000,-0.531113,9.135945
5,127,0.000000,-0.459503,8.761455
6,127,0.000000,-0.483237,8.688558
7,127,0.000000,-0.448993,8.708382
8,127,0.000000,-0.486294,9.015426
9,127,0.000000,-0.533002,9.104712
10,127,0.000000,-0.538033,8.765562
1,128,0.000000,-1.329666,11.047139
2,128,0.000000,-1.306642,11.636876
3,128,0.000000,-1.283210,12.445345
4,128,0.000000,-1.387483,12.087164
5,128,0.000000,-1.230648,11.147124
6,128,0.000000,-1.249849,11.818924
7,128,0.000000,-1.272302,11.680766
8,128,0.000000,-1.285943,11.978345
9,128,0.000000,-1.353643,11.703834
10,128,0.000000,-1.369472,11.974131
1,129,0.000000,0.402121,12.183207
2,129,0.000000,0.402121,12.559938
3,129,0.000000,0.393421,12.559938
4,129,0.000000,0.351865,12.241154
5,129,0.000000,0.427394,12.241154
6,129,0.000000,0.579352,12.238604
7,129,0.000000,0.430038,12.574139
8,129,0.000000,0.430038,12.574139
9,129,0.000000,0.447668,12.574139
10,129,0.000000,0.406662,12.501360
1,130,0.000000,-0.697410,12.579986
2,130,0.000000,-0.717197,12.905141
3,130,0.000000,-0.672931,12.863064
4,130,0.000000,-0.661218,12.226369
5,130,0.000000,-0.717713,12.423937
6,130,0.000000,-0.729926,13.048961
7,130,0.000000,-0.677689,12.434558
8,130,0.000000,-0.702802,12.687904
9,130,0.000000,-0.701666,12.905530
10,130,0.000000,-0.653204,12.291187
1,131,0.000000,0.408380,-9.003973
2,131,0.000000,0.422545,-8.875294
3,131,0.000000,0.422545,-9.139696
4,131,0.000000,0.422545,-8.812919
5,131,0.000000,0.422545,-9.155868
6,131,0.000000,0.422545,-9.112207
7,131,0.000000,0.422545,-9.112207
8,131,0.000000,0.440576,-8.836375
9,131,0.000000,0.448461,-8.893898
10,131,0.000000,0.448628,-8.853315
1,132,0.000000,-0.534291,-2.361780
2,132,0.000000,-0.539484,-2.171143
3,132,0.000000,-0.477812,-2.280897
4,132,0.000000,-0.477812,-2.133410
5,132,0.000000,-0.477812,-2.133410
6,132,0.000000,-0.486599,-2.279632
7,132,0.000000,-0.511284,-1.894301
8,132,0.000000,-0.516654,-2.408005
9,132,0.000000,-0.544686,-2.619253
10,132,0.000000,-0.544686,-2.389140
1,133,0.000000,0.237235,-0.126675
2,133,0.000000,0.237235,-0.290265
3,133,0.000000,0.237235,-0.290265
4,133,0.000000,0.276016,0.091793
5,133,0.000000,0.276016,0.091793
6,133,0.000000,0.284617,0.110046
7,133,0.000000,0.275127,0.008611
8,133,0.000000,0.283733,0.048342
9,133,0.000000,0.264172,0.048342
10,133,0.000000,0.264172,0.048342
1,134,0.000000,0.504975,4.149561
2,134,0.000000,0.504975,4.082826
3,134,0.000000,0.402852,4.476974
4,134,0.000000,0.358647,4.988866
5,134,0.000000,0.370543,5.062086
6,134,0.000000,0.289169,5.090608
7,134,0.000000,0.274652,5.415086
8,134,0.000000,0.282480,5.320596
9,134,0.000000,0.287785,5.020064
10,134,0.000000,0.249771,5.605711
1,135,0.000000,-0.881726,5.671776
2,135,0.000000,-0.959552,5.854383
3,135,0.000000,-0.941131,6.065773
4,135,0.000000,-0.929446,5.488275
5,135,0.000000,-0.914046,5.784380
6,135,0.000000,-0.812617,5.458255
7,135,0.000000,-0.854475,5.616686
8,135,0.000000,-0.845756,5.575519
9,135,0.000000,-0.824829,5.126835
10,135,0.000000,-0.853556,5.223317
1,136,0.000000,1.400599,-1.990022
2,136,0.000000,1.396303,-1.990022
3,136,0.000000,1.487708,-1.944602
4,136,0.000000,1.371150,-1.944602
5,136,0.000000,1.344779,-2.032463
6,136,0.000000,1.252014,-1.996596
7,136,0.000000,1.170424,-1.907462
8,136,0.000000,1.397147,-2.059027
9,136,0.000000,1.416946,-2.076425
10,136,0.000000,1.400087,-2.076425
1,137,0.000000,-0.050596,4.272457
2,137,0.000000,-0.017405,3.855394
3,137,0.000000,-0.003986,4.120866
4,137,0.000000,-0.003986,4.225014
5,137,0.000000,0.002961,4.525692
6,137,0.000000,-0.074818,4.269076
7,137,0.000000,-0.084419,4.269076
8,137,0.000000,-0.044849,4.659617
9,137,0.000000,-0.081669,4.468851
10,137,0.000000,-0.088411,4.079987
1,138,0.000000,1.400144,-4.867114
2,138,0.000000,1.375654,-4.868104
3,138,0.000000,1.367256,-4.868104
4,138,0.000000,1.367256,-4.868104
5,138,0.000000,1.367256,-4.868104
6,138,0.000000,1.325091,-5.015084
7,138,0.000000,1.325091,-4.927177
8,138,0.000000,1.370342,-4.904644
9,138,0.000000,1.416082,-4.904644
10,138,0.000000,1.406405,-4.904644
1,139,0.000000,-0.375842,-15.672719
2,139,0.000000,-0.393991,-15.834211
3,139,0.000000,-0.410530,-15.941402
4,139,0.000000,-0.412112,-15.944492
5,139,0.000000,-0.395642,-15.745019
6,139,0.000000,-0.395642,-15.929542
7,139,0.000000,-0.436452,-16.185987
8,139,0.000000,-0.427610,-16.469296
9,139,0.000000,-0.446002,-16.451622
10,139,0.000000,-0.446002,-16.451622
1,140,0.000000,-1.002465,10.325685
2,140,0.000000,-0.991093,10.488445
3,140,0.000000,-1.007061,10.600828
4,140,0.000000,-0.969125,9.935142
5,140,0.000000,-0.899387,9.304179
6,140,0.000000,-0.876912,9.657239
7,140,0.000000,-0.866748,9.426941
8,140,0.000000,-0.838717,8.922313
9,140,0.000000,-0.789324,9.016815
10,140,0.000000,-0.797201,8.884817
1,141,0.000000,-0.353765,-0.873934
2,141,0.000000,-0.354839,-1.306900
3,141,0.000000,-0.318183,-0.740274
4,141,0.000000,-0.304854,-0.742433
5,141,0.000000,-0.311253,-0.522994
6,141,0.000000,-0.306420,-0.731756
7,141,0.000000,-0.302218,-0.669824
8,141,0.000000,-0.302218,-0.669824
9,141,0.000000,-0.271346,-0.293258
10,141,0.000000,-0.271346,-0.370432
1,142,0.000000,0.139932,-12.913231
2,142,0.000000,0.139932,-13.034104
3,142,0.000000,0.139932,-13.078762
4,142,0.000000,0.139932,-13.078762
5,142,0.000000,0.090387,-13.219600
6,142,0.000000,0.090387,-13.115152
7,142,0.000000,0.117535,-13.115152
8,142,0.000000,0.113047,-12.934911
9,142,0.000000,0.109407,-12.698689
10,142,0.000000,0.195241,-12.698689
1,143,0.000000,0.008957,4.435320
2,143,0.000000,0.144885,4.269129
3,143,0.000000,0.144885,4.269129
4,143,0.000000,0.102038,4.197770
5,143,0.000000,0.102038,4.188007
6,143,0.000000,0.133199,4.300680
7,143,0.000000,0.091041,4.300680
8,143,0.000000,0.080094,3.964632
9,143,0.000000,0.249142,3.745794
10,143,0.000000,0.270895,3.961512
1,144,0.000000,-0.351364,-5.482760
2,144,0.000000,-0.349318,-5.276310
3,144,0.000000,-0.354795,-5.352742
4,144,0.000000,-0.354795,-5.352742
5,144,0.000000,-0.350806,-5.352742
6,144,0.000000,-0.401522,-5.471387
7,144,0.000000,-0.421860,-5.848841
8,144,0.000000,-0.421860,-5.952639
9,144,0.000000,-0.421860,-5.952639
10,144,0.000000,-0.421860,-6.497949
1,145,0.000000,0.224238,10.372527
2,145,0.000000,0.390439,11.150769
3,145,0.000000,0.225931,11.203248
4,145,0.000000,0.232285,9.527761
5,145,0.000000,0.123779,12.699099
6,145,0.000000,0.157648,13.090331
7,145,0.000000,-0.063034,12.787586
8,145,0.000000,0.013652,12.765722
9,145,0.000000,0.079004,13.856738
10,145,0.000000,0.349960,13.987407
1,146,0.000000,0.128498,-3.979776
2,146,0.000000,0.128498,-3.869014
3,146,0.000000,0.136026,-3.869014
4,146,0.000000,0.137561,-3.869014
5,146,0.000000,0.143396,-3.869014
6,146,0.000000,0.141114,-3.701171
7,146,0.000000,0.141114,-3.890019
8,146,0.000000,0.130847,-4.289517
9,146,0.000000,0.145123,-4.146470
10,146,0.000000,0.136307,-3.785549
1,147,0.000000,0.592182,-12.778124
2,147,0.000000,0.592182,-12.778124
3,147,0.000000,0.538341,-12.600729
4,147,0.000000,0.597713,-12.554532
5,147,0.000000,0.597713,-12.554532
6,147,0.000000,0.594170,-12.287408
7,147,0.000000,0.594170,-12.606211
8,147,0.000000,0.565979,-12.535692
9,147,0.000000,0.565979,-12.535692
10,147,0.000000,0.565979,-12.607948
1,148,0.000000,-0.076056,-2.710755
2,148,0.000000,-0.076056,-2.710755
3,148,0.000000,-0.076056,-2.710755
4,148,0.000000,-0.076056,-2.784041
5,148,0.000000,-0.086354,-2.994774
6,148,0.000000,-0.121830,-3.101591
7,148,0.000000,-0.121830,-3.101591
8,148,0.000000,-0.113398,-2.850290
9,148,0.000000,-0.095152,-2.863471
10,148,0.000000,-0.076549,-2.863471
1,149,0.000000,-0.010422,1.244803
2,149,0.000000,-0.010422,1.244803
3,149,0.000000,0.048608,1.434819
4,149,0.000000,0.077820,1.434819
5,149,0.000000,0.077820,1.392301
6,149,0.000000,0.079937,1.392301
7,149,0.000000,-0.012024,1.233828
8,149,0.000000,-0.012024,1.233828
9,149,0.000000,0.009120,1.317565
10,149,0.000000,0.013256,1.317565
1,150,0.000000,0.044713,1.453583
2,150,0.000000,-0.030952,1.736087
3,150,0.000000,0.008447,1.496940
4,150,0.000000,0.021348,1.394384
5,150,0.000000,-0.069370,1.394384
6,150,0.000000,-0.034223,1.794457
7,150,0.000000,-0.034223,1.790271
8,150,0.000000,-0.034223,1.790271
9,150,0.000000,-0.042702,1.517201
10,150,0.000000,-0.076165,1.625635
1,151,0.000000,-1.115279,12.159494
2,151,0.000000,-1.096339,12.156029
3,151,0.000000,-1.133069,11.779433
4,151,0.000000,-1.114773,11.590493
5,151,0.000000,-0.962891,11.117206
6,151,0.000000,-0.996435,10.422796
7,151,0.000000,-1.004724,10.718800
8,151,0.000000,-1.012136,11.092454
9,151,0.000000,-0.978991,10.744940
10,151,0.000000,-0.954251,10.289667
1,152,0.000000,-0.306766,-1.006228
2,152,0.000000,-0.334582,-0.496835
3,152,0.000000,-0.259313,-0.161506
4,152,0.000000,-0.270933,-0.184710
5,152,0.000000,-0.270933,-0.184710
6,152,0.000000,-0.270933,-0.184710
7,152,0.000000,-0.272331,-0.304081
8,152,0.000000,-0.272331,-0.236380
9,152,0.000000,-0.277922,-0.236380
10,152,0.000000,-0.277922,-0.292859
1,153,0.000000,-0.010780,4.031115
2,153,0.000000,-0.029326,3.981783
3,153,0.000000,-0.029326,4.067485
4,153,0.000000,-0.029326,3.930699
5,153,0.000000,-0.029326,3.720956
6,153,0.000000,-0.065865,3.751585
7,153,0.000000,-0.065865,3.751585
8,153,0.000000,-0.065865,3.766264
9,153,0.000000,-0.042746,3.717030
10,153,0.000000,-0.042746,3.925347
1,154,0.000000,1.028184,9.668977
2,154,0.000000,1.052929,9.098032
3,154,0.000000,1.009607,9.098032
4,154,0.000000,1.075378,9.032956
5,154,0.000000,1.168596,9.032956
6,154,0.000000,1.013883,9.108678
7,154,0.000000,1.126870,8.977569
8,154,0.000000,1.165035,8.669678
9,154,0.000000,1.151828,9.116086
10,154,0.000000,1.158371,8.913110
1,155,0.000000,-0.505824,3.102794
2,155,0.000000,-0.505824,3.102794
3,155,0.000000,-0.505824,3.393040
4,155,0.000000,-0.550345,3.438526
5,155,0.000000,-0.532762,3.547268
6,155,0.000000,-0.563513,3.858535
7,155,0.000000,-0.449923,3.691959
8,155,0.000000,-0.535036,3.535139
9,155,0.000000,-0.520042,3.576503
10,155,0.000000,-0.469851,3.471467
1,156,0.000000,0.049793,12.430931
2,156,0.000000,0.049793,12.430931
3,156,0.000000,0.111276,12.782843
4,156,0.000000,0.111276,12.782843
5,156,0.000000,0.091593,12.780167
6,156,0.000000,0.091792,12.780167
7,156,0.000000,0.046378,12.700787
8,156,0.000000,0.022874,12.867534
9,156,0.000000,0.022874,12.511268
10,156,0.000000,0.061914,12.559378
1,157,0.000000,0.606646,-6.135065
2,157,0.000000,0.602123,-6.111991
3,157,0.000000,0.602123,-6.111991
4,157,0.000000,0.602123,-6.111991
5,157,0.000000,0.602123,-6.111991
6,157,0.000000,0.586406,-6.176151
7,157,0.000000,0.586406,-6.176151
8,157,0.000000,0.596353,-6.189734
9,157,0.000000,0.596353,-6.139199
10,157,0.000000,0.596353,-6.139199
1,158,0.000000,-0.146600,-10.484563
2,158,0.000000,-0.113078,-10.396620
3,158,0.000000,-0.136461,-10.602338
4,158,0.000000,-0.136461,-10.420364
5,158,0.000000,-0.116702,-10.513008
6,158,0.000000,-0.116702,-10.513008
7,158,0.000000,-0.123037,-10.689762
8,158,0.000000,-0.123396,-10.083758
9,158,0.000000,-0.138229,-10.622026
10,158,0.000000,-0.145639,-10.622026
1,159,0.000000,-0.088185,7.117964
2,159,0.000000,-0.088185,7.609463
3,159,0.000000,-0.088185,7.465752
4,159,0.000000,-0.088185,7.203377
5,159,0.000000,-0.088185,7.072978
6,159,0.000000,-0.088185,6.978837
7,159,0.000000,-0.094786,7.187551
8,159,0.000000,-0.094786,7.187551
9,159,0.000000,-0.094445,7.162819
10,159,0.000000,-0.084391,6.989252
1,160,0.000000,-0.149897,2.813921
2,160,0.000000,-0.149897,2.641755
3,160,0.000000,-0.149897,2.752292
4,160,0.000000,-0.149897,2.752292
5,160,0.000000,-0.134183,2.899745
6,160,0.000000,-0.102546,2.899745
7,160,0.000000,-0.107014,2.823706
8,160,0.000000,-0.107014,2.823706
9,160,0.000000,-0.142388,2.474178
10,160,0.000000,-0.189440,2.796880
1,161,0.000000,0.291187,4.778093
2,161,0.000000,0.295245,4.854906
3,161,0.000000,0.209184,5.186725
4,161,0.000000,0.200263,5.186725
5,161,0.000000,0.239997,5.045142
6,161,0.000000,0.311432,5.045142
7,161,0.000000,0.082898,5.663361
8,161,0.000000,0.133506,5.401747
9,161,0.000000,0.104636,5.682670
10,161,0.000000,0.023772,5.680979
1,162,0.000000,-0.432945,16.957599
2,162,0.000000,-0.149258,16.204137
3,162,0.000000,-0.241858,16.523352
4,162,0.000000,-0.215057,16.246338
5,162,0.000000,-0.107295,16.402874
6,162,0.000000,-0.044299,16.028093
7,162,0.000000,-0.070308,16.208946
8,162,0.000000,-0.088981,15.755230
9,162,0.000000,-0.112179,16.123151
10,162,0.000000,-0.199977,16.470606
1,163,0.000000,-0.614821,5.864105
2,163,0.000000,-0.635087,6.034446
3,163,0.000000,-0.579500,6.182835
4,163,0.000000,-0.581767,6.180346
5,163,0.000000,-0.581767,6.272213
6,163,0.000000,-0.504437,7.013382
7,163,0.000000,-0.504442,7.013382
8,163,0.000000,-0.501797,6.954072
9,163,0.000000,-0.518013,6.753609
10,163,0.000000,-0.518013,6.773065
1,164,0.000000,-1.039832,7.337880
2,164,0.000000,-1.015604,7.051307
3,164,0.000000,-1.015604,7.344155
4,164,0.000000,-1.062467,7.172983
5,164,0.000000,-1.008063,7.407000
6,164,0.000000,-1.015351,7.298629
7,164,0.000000,-0.999552,7.341591
8,164,0.000000,-1.065081,7.939722
9,164,0.000000,-1.005589,7.700470
10,164,0.000000,-1.005589,7.390472
1,165,0.000000,0.374941,-2.732166
2,165,0.000000,0.376519,-2.954497
3,165,0.000000,0.345620,-2.848901
4,165,0.000000,0.345620,-2.715335
5,165,0.000000,0.319547,-2.675130
6,165,0.000000,0.370983,-2.824824
7,165,0.000000,0.370357,-2.824824
8,165,0.000000,0.290284,-2.824824
9,165,0.000000,0.300107,-2.824824
10,165,0.000000,0.300107,-2.824824
1,166,0.000000,-0.369560,4.226473
2,166,0.000000,-0.286160,4.353384
3,166,0.000000,-0.274526,4.165867
4,166,0.000000,-0.364128,4.313742
5,166,0.000000,-0.310116,4.362023
6,166,0.000000,-0.311628,4.236143
7,166,0.000000,-0.402993,4.617824
8,166,0.000000,-0.378640,4.491216
9,166,0.000000,-0.308892,4.429861
10,166,0.000000,-0.320387,4.422917
1,167,0.000000,-1.483495,13.196243
2,167,0.000000,-1.456667,12.305981
3,167,0.000000,-1.480009,11.010792
4,167,0.000000,-1.415053,11.387277
5,167,0.000000,-1.428784,11.261892
6,167,0.000000,-1.461821,12.329316
7,167,0.000000,-1.541211,12.615193
8,167,0.000000,-1.505925,13.636680
9,167,0.000000,-1.614490,14.429588
10,167,0.000000,-1.637942,14.133607
1,168,0.000000,1.010903,16.283194
2,168,0.000000,0.887050,15.377730
3,168,0.000000,0.806171,16.497157
4,168,0.000000,0.779801,17.913597
5,168,0.000000,0.589717,15.582647
6,168,0.000000,0.748200,17.190303
7,168,0.000000,0.679653,14.728153
8,168,0.000000,0.707629,14.442289
9,168,0.000000,0.726743,14.526494
10,168,0.000000,0.819144,14.481888
1,169,0.000000,0.681810,-6.895455
2,169,0.000000,0.681810,-6.895455
3,169,0.000000,0.642864,-6.895455
4,169,0.000000,0.679735,-6.941968
5,169,0.000000,0.679735,-6.941968
6,169,0.000000,0.654939,-6.941968
7,169,0.000000,0.636711,-6.964430
8,169,0.000000,0.684160,-6.746742
9,169,0.000000,0.700852,-6.862151
10,169,0.000000,0.635426,-6.918151
1,170,0.000000,0.019762,-0.057428
2,170,0.000000,0.019762,0.034392
3,170,0.000000,0.037910,0.034392
4,170,0.000000,0.038861,0.077516
5,170,0.000000,0.038861,0.077516
6,170,0.000000,0.038861,0.077516
7,170,0.000000,0.038861,0.077516
8,170,0.000000,0.038861,0.077516
9,170,0.000000,0.038861,0.077516
10,170,0.000000,0.038861,0.112105
1,171,0.000000,-0.941825,-0.268213
2,171,0.000000,-0.932465,-0.146272
3,171,0.000000,-0.948361,0.064014
4,171,0.000000,-1.007304,0.085788
5,171,0.000000,-0.975922,-0.061555
6,171,0.000000,-0.978006,-0.225732
7,171,0.000000,-0.962204,-0.208242
8,171,0.000000,-0.937712,-0.475980
9,171,0.000000,-0.961313,-0.417103
10,171,0.000000,-1.002684,-0.658793
1,172,0.000000,-0.237690,-0.988234
2,172,0.000000,-0.230814,-0.415620
3,172,0.000000,-0.181556,-0.711243
4,172,0.000000,-0.155314,-0.980827
5,172,0.000000,-0.155314,-0.545596
6,172,0.000000,-0.193178,-0.462843
7,172,0.000000,-0.185173,-0.496845
8,172,0.000000,-0.185173,-0.977746
9,172,0.000000,-0.191322,-0.977746
10,172,0.000000,-0.172766,-0.977746
1,173,0.000000,0.589376,-5.080538
2,173,0.000000,0.601592,-5.103152
3,173,0.000000,0.601592,-5.103152
4,173,0.000000,0.601592,-5.132543
5,173,0.000000,0.601592,-5.132543
6,173,0.000000,0.623149,-5.132543
7,173,0.000000,0.623149,-5.135619
8,173,0.000000,0.619128,-5.135619
9,173,0.000000,0.619128,-5.135619
10,173,0.000000,0.620749,-5.281291
1,174,0.000000,-0.945228,0.129700
2,174,0.000000,-0.945228,0.106964
3,174,0.000000,-0.945228,0.126953
4,174,0.000000,-0.931743,0.126953
5,174,0.000000,-0.926236,0.428687
6,174,0.000000,-0.926236,0.428687
7,174,0.000000,-0.914291,0.192537
8,174,0.000000,-0.955243,0.833432
9,174,0.000000,-0.925390,0.606039
10,174,0.000000,-0.933621,0.227025
1,175,0.000000,-0.510955,-2.097073
2,175,0.000000,-0.492171,-2.032783
3,175,0.000000,-0.501555,-1.819763
4,175,0.000000,-0.501555,-1.794305
5,175,0.000000,-0.519978,-1.794305
6,175,0.000000,-0.519978,-1.794305
7,175,0.000000,-0.515867,-1.836683
8,175,0.000000,-0.515867,-1.836683
9,175,0.000000,-0.475067,-2.020990
10,175,0.000000,-0.481709,-1.969172
1,176,0.000000,0.042023,-6.349472
2,176,0.000000,0.036793,-6.349472
3,176,0.000000,0.036793,-6.349472
4,176,0.000000,0.036793,-6.349472
5,176,0.000000,0.017749,-6.349472
6,176,0.000000,0.023088,-6.349472
7,176,0.000000,0.023088,-6.349472
8,176,0.000000,0.052514,-6.349472
9,176,0.000000,0.052514,-6.349472
10,176,0.000000,0.082434,-6.266694
1,177,0.000000,0.526880,9.083050
2,177,0.000000,0.534929,9.150553
3,177,0.000000,0.434192,9.077534
4,177,0.000000,0.698639,9.080246
5,177,0.000000,0.666665,6.999903
6,177,0.000000,0.459544,9.877566
7,177,0.000000,0.280094,9.118814
8,177,0.000000,0.253675,10.204411
9,177,0.000000,0.362387,9.821274
10,177,0.000000,0.405938,9.515089
1,178,0.000000,0.073705,9.995958
2,178,0.000000,0.077899,9.974488
3,178,0.000000,0.068690,10.022778
4,178,0.000000,0.011810,9.677894
5,178,0.000000,0.011810,9.554478
6,178,0.000000,0.011321,9.876124
7,178,0.000000,0.023468,9.993753
8,178,0.000000,0.178810,10.711236
9,178,0.000000,0.160934,10.283372
10,178,0.000000,0.126402,10.322590
1,179,0.000000,0.325429,-4.238544
2,179,0.000000,0.325429,-3.986636
3,179,0.000000,0.218742,-4.259555
4,179,0.000000,0.195761,-4.373121
5,179,0.000000,0.210604,-4.492954
6,179,0.000000,0.210604,-4.492954
7,179,0.000000,0.194985,-4.565232
8,179,0.000000,0.256161,-4.067346
9,179,0.000000,0.254477,-4.392606
10,179,0.000000,0.254477,-4.392606
1,180,0.000000,-0.021564,-8.973962
2,180,0.000000,0.001940,-8.973962
3,180,0.000000,-0.027049,-9.153737
4,180,0.000000,-0.013059,-9.220393
5,180,0.000000,-0.072755,-9.167697
6,180,0.000000,-0.036921,-9.167697
7,180,0.000000,-0.030565,-8.763952
8,180,0.000000,-0.030565,-8.972596
9,180,0.000000,-0.017565,-8.972596
10,180,0.000000,-0.051985,-8.972596
1,181,0.000000,0.811767,0.741134
2,181,0.000000,0.785120,0.741134
3,181,0.000000,0.766666,0.741134
4,181,0.000000,0.808292,0.741134
5,181,0.000000,0.808292,0.741134
6,181,0.000000,0.810766,0.741134
7,181,0.000000,0.819026,0.843481
8,181,0.000000,0.732014,0.562690
9,181,0.000000,0.732014,0.562690
10,181,0.000000,0.732014,0.562690
1,182,0.000000,-0.967166,-5.231488
2,182,0.000000,-0.967166,-4.992082
3,182,0.000000,-0.954945,-5.036428
4,182,0.000000,-0.951803,-4.797182
5,182,0.000000,-0.918203,-5.050002
6,182,0.000000,-0.928644,-4.931221
7,182,0.000000,-1.000665,-5.444165
8,182,0.000000,-1.084258,-5.054448
9,182,0.000000,-0.913196,-5.109779
10,182,0.000000,-0.915443,-4.951008
1,183,0.000000,-0.316573,0.423583
2,183,0.000000,-0.353453,0.266340
3,183,0.000000,-0.347667,0.089879
4,183,0.000000,-0.379107,0.360516
5,183,0.000000,-0.407733,0.179506
6,183,0.000000,-0.306415,0.179506
7,183,0.000000,-0.350844,-0.165660
8,183,0.000000,-0.448080,-0.300669
9,183,0.000000,-0.379860,0.245427
10,183,0.000000,-0.287719,0.245427
1,184,0.000000,-0.004703,-1.450274
2,184,0.000000,-0.006918,-1.450274
3,184,0.000000,-0.000430,-1.660881
4,184,0.000000,-0.000430,-1.369961
5,184,0.000000,0.003681,-1.737467
6,184,0.000000,-0.024528,-1.627191
7,184,0.000000,-0.001436,-1.601321
8,184,0.000000,-0.023898,-1.788504
9,184,0.000000,-0.023898,-1.657260
10,184,0.000000,-0.002916,-1.726002
1,185,0.000000,0.559303,2.561006
2,185,0.000000,0.556722,2.561006
3,185,0.000000,0.556722,2.561006
4,185,0.000000,0.556722,2.561006
5,185,0.000000,0.523748,2.527198
6,185,0.000000,0.513362,2.582027
7,185,0.000000,0.532188,2.448052
8,185,0.000000,0.586658,2.656096
9,185,0.000000,0.582523,2.627137
10,185,0.000000,0.582523,2.612222
1,186,0.000000,0.075628,-1.052124
2,186,0.000000,0.075628,-1.052124
3,186,0.000000,0.125672,-1.248577
4,186,0.000000,0.045935,-1.208623
5,186,0.000000,0.045935,-0.964283
6,186,0.000000,0.094198,-0.971575
7,186,0.000000,0.094198,-0.892123
8,186,0.000000,0.151510,-0.996579
9,186,0.000000,0.151510,-1.032334
10,186,0.000000,0.105839,-1.182192
1,187,0.000000,1.084499,-8.669573
2,187,0.000000,1.047310,-8.560278
3,187,0.000000,1.047310,-8.633925
4,187,0.000000,1.047310,-8.633925
5,187,0.000000,1.047310,-8.691311
6,187,0.000000,1.047310,-8.691311
7,187,0.000000,1.047310,-8.691311
8,187,0.000000,1.146985,-8.445230
9,187,0.000000,1.085169,-8.439076
10,187,0.000000,1.085169,-8.439076
1,188,0.000000,0.192595,4.296641
2,188,0.000000,0.192595,4.407123
3,188,0.000000,0.099833,4.258710
4,188,0.000000,0.122930,3.811651
5,188,0.000000,0.156856,4.306062
6,188,0.000000,0.156723,4.193680
7,188,0.000000,0.156723,4.193680
8,188,0.000000,0.122374,4.101091
9,188,0.000000,0.122374,4.227899
10,188,0.000000,0.130901,4.090998
1,189,0.000000,-0.758105,-0.248933
2,189,0.000000,-0.715508,0.050265
3,189,0.000000,-0.663931,0.044710
4,189,0.000000,-0.729505,0.371351
5,189,0.000000,-0.794821,0.204555
6,189,0.000000,-0.723210,0.077396
7,189,0.000000,-0.783259,0.052884
8,189,0.000000,-0.666602,0.405528
9,189,0.000000,-0.775340,0.445710
10,189,0.000000,-0.849483,0.304360
1,190,0.000000,0.853056,0.534831
2,190,0.000000,0.827787,0.384792
3,190,0.000000,0.816115,0.384792
4,190,0.000000,0.865222,0.384792
5,190,0.000000,0.865222,0.384792
6,190,0.000000,0.865222,0.384792
7,190,0.000000,0.865222,0.384792
8,190,0.000000,0.817459,0.283486
9,190,0.000000,0.872901,0.376100
10,190,0.000000,0.843949,0.451200
1,191,0.000000,-0.228287,-0.467633
2,191,0.000000,-0.228287,-0.642092
3,191,0.000000,-0.194208,-0.642092
4,191,0.000000,-0.186244,-0.045521
5,191,0.000000,-0.166767,-0.274913
6,191,0.000000,-0.166767,-0.274913
7,191,0.000000,-0.167202,0.126875
8,191,0.000000,-0.135736,-0.113075
9,191,0.000000,-0.130164,0.083517
10,191,0.000000,-0.122021,0.026868
1,192,0.000000,0.417305,-11.936402
2,192,0.000000,0.369024,-11.910151
3,192,0.000000,0.369024,-11.998446
4,192,0.000000,0.361164,-12.083204
5,192,0.000000,0.355164,-12.196796
6,192,0.000000,0.292898,-12.353971
7,192,0.000000,0.342708,-12.054287
8,192,0.000000,0.342708,-12.001690
9,192,0.000000,0.342708,-12.001690
10,192,0.000000,0.403946,-12.001690
1,193,0.000000,-0.616741,14.995732
2,193,0.000000,-0.612892,14.642277
3,193,0.000000,-0.576816,15.427878
4,193,0.000000,-0.631555,14.953775
5,193,0.000000,-0.564310,15.033800
6,193,0.000000,-0.611667,14.910146
7,193,0.000000,-0.596088,15.347643
8,193,0.000000,-0.627923,15.355517
9,193,0.000000,-0.616085,15.930039
10,193,0.000000,-0.586226,15.383739
1,194,0.000000,0.301257,-3.259821
2,194,0.000000,0.300994,-3.215003
3,194,0.000000,0.300994,-3.215003
4,194,0.000000,0.295458,-3.215003
5,194,0.000000,0.295458,-3.274542
6,194,0.000000,0.296154,-3.274542
7,194,0.000000,0.296154,-3.273964
8,194,0.000000,0.296154,-3.252069
9,194,0.000000,0.250914,-3.559385
10,194,0.000000,0.250914,-3.369760
1,195,0.000000,0.029266,-4.132513
2,195,0.000000,0.012924,-4.052313
3,195,0.000000,0.012924,-4.052313
4,195,0.000000,0.009724,-4.019686
5,195,0.000000,0.012310,-4.019686
6,195,0.000000,0.012310,-4.019686
7,195,0.000000,0.024624,-4.019686
8,195,0.000000,0.027656,-4.054244
9,195,0.000000,0.027656,-4.054244
10,195,0.000000,0.027656,-4.301273
1,196,0.000000,0.280998,-5.835909
2,196,0.000000,0.280998,-5.835909
3,196,0.000000,0.280998,-5.971099
4,196,0.000000,0.254726,-5.998696
5,196,0.000000,0.253176,-5.998696
6,196,0.000000,0.283277,-5.555172
7,196,0.000000,0.283746,-5.546793
8,196,0.000000,0.269451,-5.916383
9,196,0.000000,0.269451,-5.916383
10,196,0.000000,0.269451,-5.916383
1,197,0.000000,0.487645,0.861082
2,197,0.000000,0.472744,0.861082
3,197,0.000000,0.301771,0.861082
4,197,0.000000,0.366506,0.861082
5,197,0.000000,0.395349,0.861082
6,197,0.000000,0.386880,0.861082
7,197,0.000000,0.386880,0.861082
8,197,0.000000,0.383404,0.843695
9,197,0.000000,0.418573,0.956598
10,197,0.000000,0.399837,1.017226
1,198,0.000000,1.312246,2.009834
2,198,0.000000,1.323043,1.435600
3,198,0.000000,1.307065,1.414953
4,198,0.000000,1.223308,1.818149
5,198,0.000000,1.325224,0.932613
6,198,0.000000,1.316755,0.932613
7,198,0.000000,1.316755,1.675139
8,198,0.000000,1.341509,1.326674
9,198,0.000000,1.145758,1.565770
10,198,0.000000,1.257213,1.565770
1,199,0.000000,0.276375,-6.294994
2,199,0.000000,0.276375,-6.294994
3,199,0.000000,0.283403,-6.429109
4,199,0.000000,0.276466,-6.244744
5,199,0.000000,0.298603,-6.244744
6,199,0.000000,0.279782,-6.244744
7,199,0.000000,0.279782,-6.244744
8,199,0.000000,0.301957,-6.244744
9,199,0.000000,0.301957,-6.244744
10,199,0.000000,0.301957,-6.244744
1,200,0.000000,-0.419549,-4.636202
2,200,0.000000,-0.417981,-4.636202
3,200,0.000000,-0.414740,-4.413696
4,200,0.000000,-0.435981,-4.348415
5,200,0.000000,-0.456049,-4.625710
6,200,0.000000,-0.438936,-4.625710
7,200,0.000000,-0.440418,-4.833272
8,200,0.000000,-0.440418,-4.833272
9,200,0.000000,-0.474175,-5.251734
10,200,0.000000,-0.450416,-4.986634
1,201,0.000000,-0.622458,9.454429
2,201,0.000000,-0.542018,8.886800
3,201,0.000000,-0.612753,9.694348
4,201,0.000000,-0.557916,9.694348
5,201,0.000000,-0.557916,9.356212
6,201,0.000000,-0.707591,9.640960
7,201,0.000000,-0.597498,9.542188
8,201,0.000000,-0.595510,9.270739
9,201,0.000000,-0.611031,9.483853
10,201,0.000000,-0.631810,9.814697
1,202,0.000000,-0.923769,0.671280
2,202,0.000000,-0.901383,0.923198
3,202,0.000000,-0.949533,0.861594
4,202,0.000000,-0.964911,0.516165
5,202,0.000000,-0.969717,0.322987
6,202,0.000000,-0.969717,0.322987
7,202,0.000000,-0.969717,-0.052998
8,202,0.000000,-0.959456,0.443517
9,202,0.000000,-0.959456,0.368788
10,202,0.000000,-0.969733,0.256138
1,203,0.000000,-0.504264,-5.978269
2,203,0.000000,-0.490354,-5.978269
3,203,0.000000,-0.490354,-5.933384
4,203,0.000000,-0.490354,-5.933384
5,203,0.000000,-0.490354,-5.604098
6,203,0.000000,-0.492507,-5.936666
7,203,0.000000,-0.492507,-5.936666
8,203,0.000000,-0.484221,-6.062897
9,203,0.000000,-0.463141,-5.701223
10,203,0.000000,-0.477881,-5.844244
1,204,0.000000,-0.376206,-6.125115
2,204,0.000000,-0.371947,-6.184127
3,204,0.000000,-0.371947,-5.992807
4,204,0.000000,-0.385544,-5.969136
5,204,0.000000,-0.391116,-6.358936
6,204,0.000000,-0.391116,-6.257967
7,204,0.000000,-0.407979,-6.154501
8,204,0.000000,-0.398830,-6.486178
9,204,0.000000,-0.408910,-6.420493
10,204,0.000000,-0.431590,-6.600061
1,205,0.000000,0.906286,-0.827156
2,205,0.000000,0.906286,-0.830236
3,205,0.000000,0.982560,-0.830236
4,205,0.000000,0.982560,-0.830236
5,205,0.000000,0.982560,-0.830236
6,205,0.000000,0.933713,-0.865392
7,205,0.000000,0.941369,-0.865392
8,205,0.000000,0.941369,-0.855952
9,205,0.000000,0.941369,-0.855952
10,205,0.000000,0.987961,-0.855952
1,206,0.000000,0.365876,7.337667
2,206,0.000000,0.366625,7.338019
3,206,0.000000,0.329545,7.216944
4,206,0.000000,0.385455,7.494955
5,206,0.000000,0.378641,7.239483
6,206,0.000000,0.322155,7.239483
7,206,0.000000,0.294517,6.914566
8,206,0.000000,0.353069,6.910321
9,206,0.000000,0.431470,7.514441
10,206,0.000000,0.364641,7.147242
1,207,0.000000,-0.272640,4.572807
2,207,0.000000,-0.287362,4.158786
3,207,0.000000,-0.333607,4.554702
4,207,0.000000,-0.277797,4.301058
5,207,0.000000,-0.185208,4.546300
6,207,0.000000,-0.194134,4.546300
7,207,0.000000,-0.245929,4.253740
8,207,0.000000,-0.300488,4.275774
9,207,0.000000,-0.296567,4.275774
10,207,0.000000,-0.318266,4.275774
1,208,0.000000,0.196142,8.618141
2,208,0.000000,0.224413,8.598666
3,208,0.000000,0.248084,8.394191
4,208,0.000000,0.257170,8.090287
5,208,0.000000,0.264699,8.084614
6,208,0.000000,0.273809,7.900082
7,208,0.000000,0.278494,7.969974
8,208,0.000000,0.319623,7.481742
9,208,0.000000,0.294632,7.208441
10,208,0.000000,0.336582,7.797381
1,209,0.000000,0.280772,3.945583
2,209,0.000000,0.321734,4.350378
3,209,0.000000,0.305967,4.108358
4,209,0.000000,0.305967,4.108358
5,209,0.000000,0.305967,4.108358
6,209,0.000000,0.305967,4.108358
7,209,0.000000,0.305967,4.108358
8,209,0.000000,0.305967,4.108358
9,209,0.000000,0.294831,4.108358
10,209,0.000000,0.291143,4.108358
1,210,0.000000,-0.697124,-5.863219
2,210,0.000000,-0.697124,-5.863219
3,210,0.000000,-0.766301,-6.319415
4,210,0.000000,-0.756893,-6.371950
5,210,0.000000,-0.763953,-6.230264
6,210,0.000000,-0.763953,-6.370037
7,210,0.000000,-0.749316,-6.500664
8,210,0.000000,-0.749316,-6.489804
9,210,0.000000,-0.766696,-6.273877
10,210,0.000000,-0.729652,-6.273877
1,211,0.000000,-0.569624,-0.294249
2,211,0.000000,-0.560386,-0.036087
3,211,0.000000,-0.511481,0.207745
4,211,0.000000,-0.511481,0.017590
5,211,0.000000,-0.610557,-0.378102
6,211,0.000000,-0.630778,-0.608279
7,211,0.000000,-0.617951,-0.492403
8,211,0.000000,-0.630388,-0.641742
9,211,0.000000,-0.561215,-0.399144
10,211,0.000000,-0.579038,-0.190809
1,212,0.000000,0.465286,-7.939568
2,212,0.000000,0.465286,-7.939568
3,212,0.000000,0.465286,-7.835557
4,212,0.000000,0.500334,-7.610671
5,212,0.000000,0.500334,-7.610671
6,212,0.000000,0.501738,-7.791112
7,212,0.000000,0.487584,-7.774091
8,212,0.000000,0.467923,-7.774091
9,212,0.000000,0.437742,-7.874137
10,212,0.000000,0.437742,-8.052700
1,213,0.000000,-0.138636,6.719877
2,213,0.000000,-0.109323,6.719877
3,213,0.000000,-0.094137,6.719877
4,213,0.000000,-0.127511,6.873667
5,213,0.000000,-0.109609,6.555579
6,213,0.000000,-0.093429,7.014658
7,213,0.000000,-0.104362,6.790404
8,213,0.000000,-0.095950,6.572438
9,213,0.000000,-0.095950,6.572438
10,213,0.000000,-0.091079,6.498462
1,214,0.000000,0.597714,7.596487
2,214,0.000000,0.597714,7.398926
3,214,0.000000,0.627121,7.594616
4,214,0.000000,0.596123,7.457764
5,214,0.000000,0.596123,7.457764
6,214,0.000000,0.592800,7.374297
7,214,0.000000,0.596906,7.374297
8,214,0.000000,0.592260,7.473794
9,214,0.000000,0.609131,7.473794
10,214,0.000000,0.549327,7.482851
1,215,0.000000,0.679214,-8.593970
2,215,0.000000,0.683375,-8.593970
3,215,0.000000,0.708403,-8.544964
4,215,0.000000,0.699473,-8.544964
5,215,0.000000,0.699473,-8.544964
6,215,0.000000,0.691250,-8.590969
7,215,0.000000,0.699822,-8.459290
8,215,0.000000,0.696379,-8.459290
9,215,0.000000,0.665719,-8.561119
10,215,0.000000,0.732637,-8.561119
1,216,0.000000,0.244679,1.433584
2,216,0.000000,0.263781,1.346845
3,216,0.000000,0.301651,1.346845
4,216,0.000000,0.292695,1.346845
5,216,0.000000,0.254157,1.346845
6,216,0.000000,0.258466,1.346845
7,216,0.000000,0.271188,1.330631
8,216,0.000000,0.292504,1.295793
9,216,0.000000,0.292504,1.295793
10,216,0.000000,0.322846,1.445992
1,217,0.000000,0.558105,-4.329510
2,217,0.000000,0.507431,-5.013038
3,217,0.000000,0.470845,-5.354056
4,217,0.000000,0.470845,-5.354056
5,217,0.000000,0.512230,-5.306886
6,217,0.000000,0.516757,-5.306886
7,217,0.000000,0.516757,-5.223754
8,217,0.000000,0.508987,-4.817581
9,217,0.000000,0.519023,-5.070874
10,217,0.000000,0.545656,-4.537105
1,218,0.000000,0.073522,0.957007
2,218,0.000000,0.081951,0.793765
3,218,0.000000,0.081951,0.793765
4,218,0.000000,0.006213,1.016227
5,218,0.000000,0.103985,1.016227
6,218,0.000000,0.073910,1.183833
7,218,0.000000,0.043765,0.862932
8,218,0.000000,0.039179,0.862932
9,218,0.000000,0.032569,0.862932
10,218,0.000000,0.053314,0.862932
1,219,0.000000,-0.159181,5.659435
2,219,0.000000,-0.186629,5.659435
3,219,0.000000,-0.214194,5.233247
4,219,0.000000,-0.211156,5.834966
5,219,0.000000,-0.212564,5.840277
6,219,0.000000,-0.181814,6.068701
7,219,0.000000,-0.193635,6.068701
8,219,0.000000,-0.228750,6.074913
9,219,0.000000,-0.228750,5.760684
10,219,0.000000,-0.241410,6.338145
1,220,0.000000,0.249977,2.842902
2,220,0.000000,0.261566,2.842902
3,220,0.000000,0.261566,2.842902
4,220,0.000000,0.261803,2.854456
5,220,0.000000,0.261803,2.854456
6,220,0.000000,0.295820,2.854456
7,220,0.000000,0.295820,2.854456
8,220,0.000000,0.295820,3.010582
9,220,0.000000,0.295820,3.010582
10,220,0.000000,0.243613,2.881408
1,221,0.000000,-0.574747,-1.774791
2,221,0.000000,-0.574747,-1.759947
3,221,0.000000,-0.564604,-1.759947
4,221,0.000000,-0.574213,-1.954037
5,221,0.000000,-0.561551,-1.954758
6,221,0.000000,-0.539700,-1.580460
7,221,0.000000,-0.539700,-1.889882
8,221,0.000000,-0.590241,-2.166795
9,221,0.000000,-0.600367,-2.076920
10,221,0.000000,-0.600367,-2.102578
1,222,0.000000,0.233414,10.271793
2,222,0.000000,0.276691,9.835924
3,222,0.000000,0.265676,10.469656
4,222,0.000000,0.268986,9.364654
5,222,0.000000,0.268986,9.583275
6,222,0.000000,0.268986,9.992047
7,222,0.000000,0.261350,9.560044
8,222,0.000000,0.283683,9.637658
9,222,0.000000,0.250179,9.908614
10,222,0.000000,0.295122,9.601192
1,223,0.000000,-0.667870,-0.323906
2,223,0.000000,-0.693730,-0.485609
3,223,0.000000,-0.677721,-0.339186
4,223,0.000000,-0.677721,-0.339186
5,223,0.000000,-0.675929,-0.392268
6,223,0.000000,-0.678044,-0.498693
7,223,0.000000,-0.653506,-0.488776
8,223,0.000000,-0.653506,-0.596365
9,223,0.000000,-0.646347,-0.145615
10,223,0.000000,-0.684034,-0.514016
1,224,0.000000,-1.074434,10.093479
2,224,0.000000,-1.099579,10.499315
3,224,0.000000,-1.121296,12.451344
4,224,0.000000,-1.110522,11.597386
5,224,0.000000,-1.140785,11.423614
6,224,0.000000,-1.105719,11.609341
7,224,0.000000,-1.111040,10.637640
8,224,0.000000,-1.101649,10.769507
9,224,0.000000,-1.116752,10.617567
10,224,0.000000,-1.135027,11.437313
1,225,0.000000,-1.211193,1.799492
2,225,0.000000,-1.196579,2.542591
3,225,0.000000,-1.208476,1.930950
4,225,0.000000,-1.182703,2.212009
5,225,0.000000,-1.154461,2.203253
6,225,0.000000,-1.146779,2.394489
7,225,0.000000,-1.163431,2.350773
8,225,0.000000,-1.194299,2.350773
9,225,0.000000,-1.222783,2.219955
10,225,0.000000,-1.249371,1.915849
1,226,0.000000,0.354112,-6.417111
2,226,0.000000,0.331802,-6.279166
3,226,0.000000,0.331802,-6.279166
4,226,0.000000,0.368627,-6.279166
5,226,0.000000,0.353845,-6.203979
6,226,0.000000,0.353845,-6.343068
7,226,0.000000,0.353845,-6.343068
8,226,0.000000,0.353845,-6.287719
9,226,0.000000,0.371002,-6.206814
10,226,0.000000,0.359667,-6.167334
1,227,0.000000,-0.679531,0.453180
2,227,0.000000,-0.679531,0.695192
3,227,0.000000,-0.679531,0.695192
4,227,0.000000,-0.744953,0.744059
5,227,0.000000,-0.768943,0.652810
6,227,0.000000,-0.687989,0.533439
7,227,0.000000,-0.628030,0.677626
8,227,0.000000,-0.744275,0.536069
9,227,0.000000,-0.668452,0.438415
10,227,0.000000,-0.668452,0.470297
1,228,0.000000,-0.660825,0.588917
2,228,0.000000,-0.628686,0.469035
3,228,0.000000,-0.671201,0.529622
4,228,0.000000,-0.671201,0.529622
5,228,0.000000,-0.659518,0.529622
6,228,0.000000,-0.659518,0.878060
7,228,0.000000,-0.659518,0.878060
8,228,0.000000,-0.588448,0.787559
9,228,0.000000,-0.588448,0.573742
10,228,0.000000,-0.723239,-0.107911
1,229,0.000000,-0.522327,-5.168861
2,229,0.000000,-0.526388,-5.272637
3,229,0.000000,-0.526388,-5.220951
4,229,0.000000,-0.526388,-5.220951
5,229,0.000000,-0.533391,-5.220951
6,229,0.000000,-0.533391,-5.220951
7,229,0.000000,-0.540311,-5.209103
8,229,0.000000,-0.550078,-5.567093
9,229,0.000000,-0.525590,-5.320881
10,229,0.000000,-0.515928,-5.025772
1,230,0.000000,0.157797,11.395744
2,230,0.000000,0.224293,11.511349
3,230,0.000000,0.153605,11.438487
4,230,0.000000,0.183794,11.438487
5,230,0.000000,0.210271,11.234854
6,230,0.000000,0.245681,11.470780
7,230,0.000000,0.184893,11.312463
8,230,0.000000,0.255285,11.184270
9,230,0.000000,0.310129,11.184270
10,230,0.000000,0.440116,10.948767
1,231,0.000000,-0.063167,-0.998364
2,231,0.000000,0.098101,-0.805744
3,231,0.000000,0.023108,-1.224078
4,231,0.000000,-0.022509,-1.242735
5,231,0.000000,0.004088,-0.978983
6,231,0.000000,0.038557,-0.978983
7,231,0.000000,0.082777,-1.054420
8,231,0.000000,0.085313,-0.967281
9,231,0.000000,-0.016608,-0.967281
10,231,0.000000,0.046137,-0.811275
1,232,0.000000,0.547810,0.386495
2,232,0.000000,0.547810,0.386495
3,232,0.000000,0.547810,0.386495
4,232,0.000000,0.507456,0.078815
5,232,0.000000,0.507456,0.158454
6,232,0.000000,0.507456,0.188268
7,232,0.000000,0.507456,0.188268
8,232,0.000000,0.489866,0.090167
9,232,0.000000,0.489866,0.090167
10,232,0.000000,0.505852,0.172286
1,233,0.000000,0.328343,-6.252687
2,233,0.000000,0.311479,-6.220291
3,233,0.000000,0.269746,-6.455436
4,233,0.000000,0.312703,-6.230591
5,233,0.000000,0.342749,-6.230591
6,233,0.000000,0.342749,-6.230591
7,233,0.000000,0.348918,-6.230591
8,233,0.000000,0.309328,-6.153969
9,233,0.000000,0.341312,-6.226573
10,233,0.000000,0.341312,-6.202525
1,234,0.000000,-0.074159,-7.307544
2,234,0.000000,-0.074159,-7.646483
3,234,0.000000,-0.072445,-7.646483
4,234,0.000000,-0.072445,-7.438924
5,234,0.000000,-0.072445,-7.438924
6,234,0.000000,-0.072445,-7.438924
7,234,0.000000,-0.072445,-7.438924
8,234,0.000000,-0.072445,-7.438924
9,234,0.000000,-0.123326,-7.658592
10,234,0.000000,-0.128004,-7.630127
1,235,0.000000,-0.526681,-7.910408
2,235,0.000000,-0.543746,-7.705676
3,235,0.000000,-0.523709,-7.705676
4,235,0.000000,-0.504647,-7.880657
5,235,0.000000,-0.502969,-7.461565
6,235,0.000000,-0.489965,-7.433091
7,235,0.000000,-0.489965,-7.433091
8,235,0.000000,-0.489965,-7.451335
9,235,0.000000,-0.497188,-7.863371
10,235,0.000000,-0.497188,-7.476573
1,236,0.000000,0.024394,1.656693
2,236,0.000000,-0.014188,1.396271
3,236,0.000000,0.021588,1.287743
4,236,0.000000,-0.028202,1.287743
5,236,0.000000,0.009626,1.552404
6,236,0.000000,0.011990,1.552404
7,236,0.000000,0.011990,1.540645
8,236,0.000000,0.011990,1.540645
9,236,0.000000,0.033689,1.518931
10,236,0.000000,0.033689,1.518931
1,237,0.000000,0.358354,-10.135670
2,237,0.000000,0.358354,-10.135670
3,237,0.000000,0.334362,-10.135670
4,237,0.000000,0.356075,-10.135670
5,237,0.000000,0.367549,-10.043047
6,237,0.000000,0.367549,-10.043047
7,237,0.000000,0.367549,-9.873047
8,237,0.000000,0.381229,-9.944636
9,237,0.000000,0.381229,-9.944636
10,237,0.000000,0.342665,-10.154613
1,238,0.000000,0.073958,5.181540
2,238,0.000000,0.073958,5.216214
3,238,0.000000,0.106789,5.366483
4,238,0.000000,0.070827,5.382159
5,238,0.000000,0.032090,5.514364
6,238,0.000000,0.083544,5.154143
7,238,0.000000,0.031740,5.449457
8,238,0.000000,0.095690,5.243990
9,238,0.000000,0.092977,5.243990
10,238,0.000000,0.091875,5.225055
1,239,0.000000,-0.171500,2.701485
2,239,0.000000,-0.171500,2.701485
3,239,0.000000,-0.171500,2.734576
4,239,0.000000,-0.179080,3.008199
5,239,0.000000,-0.179080,3.008199
6,239,0.000000,-0.179080,2.838246
7,239,0.000000,-0.179080,2.838246
8,239,0.000000,-0.179080,2.838246
9,239,0.000000,-0.140155,3.150641
10,239,0.000000,-0.177932,2.982592
1,240,0.000000,-0.770793,-1.616613
2,240,0.000000,-0.709952,-1.835832
3,240,0.000000,-0.709952,-1.835832
4,240,0.000000,-0.709952,-1.682344
5,240,0.000000,-0.709952,-1.393055
6,240,0.000000,-0.711328,-1.287111
7,240,0.000000,-0.648055,-1.468458
8,240,0.000000,-0.666398,-1.496777
9,240,0.000000,-0.734652,-1.641493
10,240,0.000000,-0.649227,-1.647060
1,241,0.000000,-0.340688,-11.509506
2,241,0.000000,-0.340688,-11.347051
3,241,0.000000,-0.344184,-11.463389
4,241,0.000000,-0.373059,-11.339997
5,241,0.000000,-0.303311,-10.801294
6,241,0.000000,-0.303311,-10.801294
7,241,0.000000,-0.303311,-11.005301
8,241,0.000000,-0.290469,-10.738920
9,241,0.000000,-0.290469,-10.863294
10,241,0.000000,-0.290469,-10.615202
1,242,0.000000,-0.186146,0.861326
2,242,0.000000,-0.186146,1.141531
3,242,0.000000,-0.186146,1.141531
4,242,0.000000,-0.186146,1.141531
5,242,0.000000,-0.187281,1.141531
6,242,0.000000,-0.183470,0.973165
7,242,0.000000,-0.183470,0.973165
8,242,0.000000,-0.162888,1.177447
9,242,0.000000,-0.162888,1.177447
10,242,0.000000,-0.156820,1.177447
1,243,0.000000,-0.466238,8.674735
2,243,0.000000,-0.416035,8.883733
3,243,0.000000,-0.406554,8.766048
4,243,0.000000,-0.414002,8.518546
5,243,0.000000,-0.479557,8.614283
6,243,0.000000,-0.440175,8.634968
7,243,0.000000,-0.426330,8.783362
8,243,0.000000,-0.462624,8.577151
9,243,0.000000,-0.477998,8.925858
10,243,0.000000,-0.475710,9.093730
1,244,0.000000,-0.559756,1.094799
2,244,0.000000,-0.559277,0.905606
3,244,0.000000,-0.544181,0.951161
4,244,0.000000,-0.557341,1.073917
5,244,0.000000,-0.533412,0.907256
6,244,0.000000,-0.530007,0.981605
7,244,0.000000,-0.558287,0.981605
8,244,0.000000,-0.558287,0.935025
9,244,0.000000,-0.558287,0.647543
10,244,0.000000,-0.570165,0.647543
1,245,0.000000,-0.654747,-8.641328
2,245,0.000000,-0.654747,-9.001723
3,245,0.000000,-0.654747,-8.999824
4,245,0.000000,-0.674108,-8.999824
5,245,0.000000,-0.674108,-8.875116
6,245,0.000000,-0.674108,-8.942442
7,245,0.000000,-0.644938,-9.284985
8,245,0.000000,-0.644938,-9.003394
9,245,0.000000,-0.644938,-8.637373
10,245,0.000000,-0.639537,-8.587137
1,246,0.000000,0.346742,-1.734641
2,246,0.000000,0.346742,-1.669539
3,246,0.000000,0.378025,-1.607786
4,246,0.000000,0.359365,-1.514412
5,246,0.000000,0.359365,-1.514412
6,246,0.000000,0.362058,-1.493884
7,246,0.000000,0.362058,-1.493884
8,246,0.000000,0.362058,-1.559694
9,246,0.000000,0.362058,-1.559694
10,246,0.000000,0.366065,-1.559694
1,247,0.000000,-0.855243,1.149606
2,247,0.000000,-0.886635,0.781364
3,247,0.000000,-0.886635,0.781364
4,247,0.000000,-0.886635,0.128753
5,247,0.000000,-0.886635,0.440742
6,247,0.000000,-0.886635,0.440742
7,247,0.000000,-0.872315,0.359279
8,247,0.000000,-0.918935,0.347536
9,247,0.000000,-0.874884,0.074529
10,247,0.000000,-0.873299,0.722310
1,248,0.000000,-0.158792,-0.996810
2,248,0.000000,-0.162544,-1.179211
3,248,0.000000,-0.162544,-1.179211
4,248,0.000000,-0.086208,-0.794853
5,248,0.000000,-0.080468,-0.794853
6,248,0.000000,-0.105793,-0.852907
7,248,0.000000,-0.137646,-1.283720
8,248,0.000000,-0.160436,-1.015797
9,248,0.000000,-0.153875,-1.094921
10,248,0.000000,-0.153875,-1.048005
1,249,0.000000,0.178377,-10.025808
2,249,0.000000,0.164520,-10.039093
3,249,0.000000,0.195035,-9.980622
4,249,0.000000,0.195035,-9.970686
5,249,0.000000,0.218050,-9.721825
6,249,0.000000,0.236307,-9.441113
7,249,0.000000,0.236307,-9.576346
8,249,0.000000,0.191609,-9.813990
9,249,0.000000,0.191609,-9.715457
10,249,0.000000,0.185484,-9.715457
1,250,0.000000,0.263828,-8.846656
2,250,0.000000,0.263828,-8.846656
3,250,0.000000,0.263828,-8.846656
4,250,0.000000,0.263828,-8.846656
5,250,0.000000,0.263828,-8.846656
6,250,0.000000,0.263828,-8.854362
7,250,0.000000,0.263828,-8.958888
8,250,0.000000,0.271832,-8.935240
9,250,0.000000,0.247827,-9.035045
10,250,0.000000,0.247827,-9.035045