iteration,completeLL,phase,estimate_Tlag_pop,estimate_V_pop,estimate_a,estimate_alpha_pop,estimate_beta_pop,estimate_ka_pop,estimate_omega_Tlag,estimate_omega_V,estimate_omega_ka
1,346.62,1,0.2,250,1,1,1,1,2,1,1
2,350.117,1,0.162374,309.339,0.974679,1.41369,1.0153,1.10869,1.94936,0.998896,0.974679
3,342.552,1,0.161732,320.902,0.95,1.53994,0.919922,1.08437,1.9,0.973603,0.95
4,334.96,1,0.124965,297.113,0.925945,1.43813,0.763821,0.883089,1.95512,0.948951,1.01879
5,324.717,1,0.120385,322.193,0.9025,1.20157,0.583922,0.803879,1.90561,0.924923,0.992996
6,325.877,1,0.157644,300.608,0.879648,1.01821,0.561559,0.788856,1.88589,0.901503,0.967853
7,313.351,1,0.151068,313.095,0.857375,0.711432,0.5573,0.85309,1.83814,0.878677,0.949938
8,311.528,1,0.164168,357.824,0.835666,0.805523,0.531306,0.928232,1.7916,0.856428,0.925885
9,306.695,1,0.136238,397.694,0.814506,0.75234,0.565539,1.15642,1.75176,0.834743,1.00218
10,293.331,1,0.0923325,399.937,0.793882,0.685498,0.499371,1.47418,1.70741,0.813607,1.01359
11,295.112,1,0.0596931,370.893,0.773781,0.582622,0.429097,1.59542,1.6676,0.793006,0.987923
12,285.892,1,0.0411467,418.16,0.754188,0.592965,0.39846,1.4983,1.62537,0.772926,0.962908
13,288.856,1,0.0404335,386.619,0.735092,0.703968,0.381568,1.61763,1.68787,0.850477,1.02304
14,274.646,1,0.0384341,411.027,0.716479,0.599973,0.381955,1.51572,1.64513,0.828942,0.997134
15,274.978,1,0.0392128,478.809,0.698337,0.616996,0.412081,1.86698,1.62867,0.807953,1.0178
16,262.968,1,0.0315835,385,0.680655,0.606018,0.459822,1.92936,1.58743,0.787495,0.992033
17,266.306,1,0.0428507,429.343,0.66342,0.56867,0.466838,2.00641,1.61876,0.767555,1.03411
18,265.027,1,0.0387754,437.196,0.646622,0.520466,0.454731,1.96346,1.57777,0.801766,1.00792
19,255.09,1,0.0388845,472.114,0.630249,0.681007,0.430227,1.92486,1.53782,0.781465,0.982401
20,254.389,1,0.0619513,460.139,0.614291,0.815021,0.479223,2.12544,1.51282,0.835452,0.957526
21,248.4,1,0.0651339,423.592,0.598737,0.675919,0.493956,1.86052,1.47452,0.857033,0.933281
22,236.041,1,0.0503204,376.724,0.583577,0.746651,0.47432,1.89309,1.43718,0.835333,0.90965
23,231.33,1,0.0583319,366.971,0.5688,0.69278,0.495186,1.8057,1.40079,0.814182,0.886617
24,229.052,1,0.0631212,400.538,0.554398,0.734452,0.451379,1.61698,1.36532,0.793566,0.864167
25,225.692,1,0.0762717,363.704,0.54036,0.934376,0.47184,1.69274,1.39709,0.773473,0.842286
26,225.688,1,0.0663523,371.079,0.526678,0.993372,0.453026,1.72725,1.44949,0.753888,0.820959
27,214.012,1,0.0642838,334.157,0.513342,1.01515,0.435596,1.57835,1.53655,0.734799,0.800172
28,206.704,1,0.0541693,337.574,0.500344,1.18386,0.430332,1.62881,1.49765,0.716193,0.779911
29,204.801,1,0.0444933,330.92,0.487675,1.21953,0.466319,1.61206,1.45973,0.698059,0.760163
30,201.537,1,0.0446935,345.207,0.475327,1.36866,0.452776,1.57524,1.42277,0.703634,0.833155
31,199.291,1,0.0475721,331.323,0.463291,1.25446,0.461864,1.39947,1.38674,0.751572,0.812059
32,190.97,1,0.0320729,347.311,0.45156,1.34614,0.436808,1.41028,1.35163,0.764134,0.791498
33,187.774,1,0.0270694,306.782,0.440127,1.3816,0.490867,1.30889,1.3174,0.744786,0.771456
34,175.196,1,0.0367056,300.269,0.428982,1.57547,0.475901,1.33909,1.28405,0.725928,0.751923
35,177.713,1,0.0341666,320.606,0.41812,1.57615,0.465419,1.36693,1.33157,0.707547,0.732884
36,171.594,1,0.0404616,306.025,0.407533,1.53724,0.475156,1.33334,1.29785,0.71117,0.771544
37,172.515,1,0.0424704,299.627,0.397214,1.64108,0.479826,1.12624,1.26499,0.693202,0.752008
38,166.902,1,0.0589429,270.082,0.387157,1.69601,0.471751,0.942178,1.24335,0.67565,0.732967
39,162.354,1,0.0570195,256.632,0.377354,2.29051,0.434167,0.955508,1.26297,0.687712,0.714408
40,159.349,1,0.0537412,256.217,0.367799,2.64803,0.428138,0.931685,1.231,0.670299,0.696319
41,155.252,1,0.0478608,231.294,0.358486,2.70912,0.444636,0.871189,1.2769,0.653326,0.701542
42,149.893,1,0.0413768,237.444,0.349409,2.58275,0.444352,0.787085,1.38553,0.636784,0.683779
43,141.053,1,0.051562,224.352,0.340562,2.68554,0.440565,0.76055,1.35173,0.62066,0.666465
44,137.293,1,0.0558639,228.815,0.331938,3.27348,0.422967,0.85827,1.3175,0.638543,0.64959
45,144.304,1,0.0430288,245.523,0.323534,3.1373,0.394469,0.906004,1.39775,0.63585,0.633142
46,137.247,1,0.0468202,255.539,0.315341,3.45315,0.38009,0.888461,1.36236,0.61975,0.654352
47,130.995,1,0.047573,242.546,0.307357,3.59863,0.38072,1.0155,1.39253,0.604058,0.637783
48,130.462,1,0.0359681,247.09,0.299574,3.44836,0.390994,0.910379,1.35727,0.606952,0.621634
49,123.761,1,0.0401899,254.164,0.291989,3.51588,0.383595,0.998656,1.32291,0.591584,0.605894
50,120.946,1,0.039115,263.978,0.284596,3.25298,0.383971,1.07314,1.28941,0.620407,0.590553
51,123.787,1,0.0428925,252.378,0.27739,3.47818,0.356159,0.985198,1.25676,0.604698,0.575599
52,116.698,1,0.0435002,247.854,0.270366,3.87307,0.384954,1.05272,1.22494,0.589833,0.561025
53,116.405,1,0.0346465,256.378,0.26352,3.73843,0.376344,1.13298,1.22582,0.636459,0.546972
54,113.749,1,0.0262605,264.748,0.256848,3.20099,0.398692,1.09196,1.31309,0.620343,0.593705
55,113.943,1,0.0302874,256.004,0.251157,3.26496,0.40673,1.05333,1.43936,0.604636,0.578672
56,119.594,1,0.029278,241.424,0.258244,3.25089,0.418029,1.00633,1.47984,0.589326,0.56402
57,122.44,1,0.0321923,245.996,0.256364,3.27373,0.403131,1.01949,1.50497,0.585809,0.623778
58,123.043,1,0.0250095,247.451,0.259262,3.22089,0.414978,1.01357,1.46686,0.577753,0.611936
59,114.405,1,0.0329176,245.31,0.252697,3.35323,0.403848,1.06551,1.66423,0.563124,0.596721
60,118.187,1,0.0288337,243.457,0.252781,3.16788,0.440394,1.015,1.64483,0.548865,0.584945
61,116.411,1,0.0304151,239.756,0.250492,3.40105,0.417378,0.985841,1.61437,0.560837,0.570134
62,116.522,1,0.0345032,255.106,0.249787,3.15183,0.422262,1.11344,1.57349,0.562515,0.645191
63,118.394,1,0.0318507,244.521,0.247322,3.15098,0.422641,0.970562,1.66224,0.548272,0.691528
64,121.425,1,0.0263838,224.403,0.251244,3.16571,0.429745,0.966754,1.7287,0.534547,0.674748
65,121.564,1,0.0228068,225.674,0.249878,3.08266,0.435261,0.822452,1.79695,0.552812,0.667991
66,120.801,1,0.0245328,204.074,0.248919,3.18573,0.443919,0.874817,1.75145,0.543301,0.709596
67,116.12,1,0.0213138,216.22,0.244628,3.04739,0.447798,0.902683,1.7071,0.529544,0.742923
68,118.935,1,0.0226558,218.917,0.247315,3.06248,0.460462,0.904353,1.75593,0.516136,0.733972
69,124.832,1,0.040311,219.749,0.250241,3.21938,0.44357,0.865058,1.73063,0.54985,0.775177
70,119.151,1,0.0362459,223.274,0.244989,3.11931,0.426762,0.893545,1.79045,0.538154,0.755549
71,119.29,1,0.0458732,228.934,0.245242,3.174,0.432169,0.999633,1.74511,0.550789,0.771509
72,111.087,1,0.0505671,220.857,0.239033,3.1969,0.442842,0.943239,1.76411,0.536843,0.762222
73,119.032,1,0.0382819,213.894,0.243631,3.5339,0.437206,0.976741,1.875,0.523249,0.804929
74,111.743,1,0.030152,225.705,0.237462,3.35393,0.426518,0.995886,1.82752,0.55372,0.826791
75,118.72,1,0.03611,222.385,0.240167,3.24013,0.422517,0.860242,1.78125,0.548686,0.83961
76,112.413,1,0.0477149,237.13,0.23598,3.43441,0.420227,0.951107,1.73614,0.561383,0.818351
77,113.501,1,0.0460887,230.179,0.235589,3.50764,0.412463,1.01666,1.92126,0.547169,0.79763
78,116.225,1,0.0317711,227.633,0.238934,3.50631,0.412461,0.935358,1.87261,0.55744,0.777433
79,121.076,1,0.0295607,237.688,0.241687,3.4765,0.40649,1.03106,1.8252,0.575242,0.82715
80,124.22,1,0.0191074,221.411,0.243948,3.72952,0.401655,0.952045,2.00592,0.560677,0.822249
81,113.929,1,0.0166095,220.164,0.237771,3.82881,0.407178,0.947585,2.0339,0.54648,0.829752
82,123.012,1,0.0163027,214.307,0.242264,3.81404,0.407637,0.93774,2.14244,0.532643,0.813322
83,121.726,1,0.0216589,224.571,0.240356,3.97601,0.396315,0.986761,2.0882,0.585162,0.792728
84,118.283,1,0.0140344,219.422,0.236952,4.2461,0.39305,0.893982,2.03532,0.575228,0.821903
85,120.72,1,0.00988109,209.886,0.230952,4.28037,0.397941,0.884675,2.42542,0.61245,0.822167
86,124.396,1,0.0161455,207.075,0.24325,4.41434,0.389537,0.840056,2.36401,0.600354,0.801349
87,127.218,1,0.0130305,210.158,0.241128,4.35091,0.383442,0.869586,2.30415,0.585152,0.9388
88,124.359,1,0.0119747,213.758,0.237577,4.37303,0.376591,0.956569,2.24581,0.589531,0.915029
89,121.044,1,0.0131679,220.626,0.236354,4.39443,0.378926,0.903646,2.18894,0.602928,0.909292
90,124.273,1,0.0122224,212.872,0.23765,4.42732,0.379673,0.881749,2.13352,0.587661,0.914619
91,123.439,1,0.0157425,216.292,0.234657,4.4237,0.371381,0.923021,2.14738,0.572781,0.952171
92,122.318,1,0.00942944,217.366,0.229949,4.53126,0.373293,0.96665,2.51325,0.573163,0.928062
93,128.609,1,0.00586583,220.929,0.236701,4.75607,0.369038,1.01156,2.44962,0.613772,1.08016
94,129.1,1,0.00579222,227.489,0.237778,4.805,0.371973,1.00185,2.38759,0.598231,1.05281
95,129.539,1,0.00691266,223.951,0.235297,4.77351,0.369131,0.996717,2.32713,0.587954,1.10245
96,131.069,1,0.00765443,219.486,0.24089,4.76616,0.36191,0.865561,2.44382,0.578527,1.07454
97,127.889,1,0.009276,241.984,0.240295,4.85787,0.360517,1.06582,2.38195,0.582174,1.04733
98,116.87,1,0.0109655,220.428,0.234211,4.90438,0.364935,0.861982,2.32368,0.567433,1.02081
99,131.961,1,0.0115986,212.094,0.240719,4.8716,0.364883,0.801922,2.47769,0.607004,0.994965
100,126.456,1,0.0130703,210.724,0.238884,4.59,0.360576,0.822974,2.41496,0.591635,0.969772
101,123.516,1,0.0125335,213.299,0.235519,4.79299,0.364369,0.875547,2.35381,0.588353,0.945217
102,119.939,1,0.00959125,220.43,0.233415,4.82981,0.362162,0.87891,2.29421,0.603137,0.921283
103,119.878,1,0.00640573,210.601,0.228254,4.6622,0.368516,0.852129,2.4278,0.587866,0.913456
104,127.409,1,0.00736864,215.759,0.236519,4.76213,0.368724,0.896902,2.5192,0.583551,0.907868
105,122.13,1,0.00762157,217.869,0.230796,4.72189,0.371647,0.896815,2.69701,0.582915,0.88488
106,119.825,1,0.00612881,212.298,0.230163,4.9243,0.364462,0.793085,2.74909,0.610946,0.862474
107,116.245,1,0.00544061,214.866,0.225628,5.03205,0.36345,0.82376,2.67948,0.595477,0.840636
108,120.056,1,0.0060001,210.952,0.228075,5.07522,0.361449,0.81455,2.73194,0.594914,0.819351
109,124.121,1,0.00506801,195.604,0.235209,5.23548,0.359298,0.68059,2.66276,0.579851,0.882874
110,128.993,1,0.0108177,201.854,0.242499,5.17069,0.35796,0.74973,2.59534,0.565169,0.860519
111,126.242,1,0.0148657,209.234,0.240916,5.04173,0.363308,0.829373,2.52963,0.589194,0.838731
112,125.106,1,0.011213,206.7,0.240159,5.05887,0.367228,0.85525,2.70732,0.574275,0.817493
113,122.586,1,0.00902598,212.535,0.238236,4.94876,0.371596,0.799262,2.63877,0.559734,0.803971
114,124.073,1,0.00419283,222.415,0.238307,4.82962,0.374798,0.859772,2.60007,0.583109,0.783614
115,129.45,1,0.00270983,221.351,0.23947,4.70459,0.378592,0.946266,2.79107,0.598505,0.78352
116,126.409,1,0.00217045,241.142,0.236398,4.60189,0.379662,0.953135,2.92708,0.609409,0.763681
117,123.97,1,0.00340324,238.652,0.232012,4.43097,0.374748,0.999512,3.09583,0.627597,0.744344
118,125.026,1,0.00457511,235.372,0.228894,4.45599,0.375302,1.16273,3.49345,0.618288,0.738548
119,128.382,1,0.0038136,250.439,0.234321,4.48008,0.371865,1.12583,3.40499,0.610633,0.7219
120,125.206,1,0.0039157,251.062,0.232617,4.27046,0.371892,1.0855,3.31877,0.608862,0.73297
121,125.728,1,0.0030736,242.317,0.23116,4.21251,0.373471,1.14351,3.23474,0.605917,0.784648
122,121.207,1,0.00300357,223.133,0.228752,4.20541,0.383475,1.08984,3.44351,0.590575,0.76478
123,124.428,1,0.00355459,223.267,0.23148,4.23395,0.383425,1.08284,3.35632,0.575621,0.759015
124,127.544,1,0.00393679,218.276,0.233537,4.28152,0.38572,0.992857,3.64913,0.561046,0.763731
125,129.557,1,0.0025258,218.513,0.234901,4.39673,0.382313,0.861699,3.55673,0.548334,0.797055
126,126.993,1,0.00336876,210.617,0.231216,4.26867,0.382893,0.863003,3.46667,0.584998,0.79282
127,127.67,1,0.00245315,208.851,0.231933,4.29078,0.384496,0.808894,3.8456,0.573361,0.772745
128,127.76,1,0.00242742,222.34,0.229889,4.20721,0.380446,0.919746,3.74822,0.623652,0.753179
129,133.268,1,0.00167696,230.392,0.233571,4.27199,0.376316,0.960748,3.65332,0.660517,0.846576
130,127.068,1,0.00115984,224.24,0.231024,4.38593,0.378576,0.895759,3.56081,0.643792,0.825141
131,130.56,1,0.00129454,233.201,0.233824,4.32497,0.3796,0.962649,3.47065,0.665883,0.804248
132,131.93,1,0.000857656,235.335,0.235081,4.30864,0.382475,0.914945,3.38277,0.659136,0.783884
133,134.582,1,0.0014479,214.021,0.2381,4.36069,0.389569,0.797785,3.70934,0.642446,0.764035
134,135.616,1,0.00196079,210.334,0.235232,4.37099,0.385707,0.8021,3.86069,0.626179,0.800358
135,129.57,1,0.00177004,210.843,0.229275,4.34858,0.388984,0.855688,3.76294,0.645352,0.794905
136,129.4,1,0.00133269,203.815,0.234387,4.36201,0.391083,0.846559,3.67952,0.629012,0.774778
137,135.122,1,0.000516567,216.831,0.237849,4.27006,0.387547,0.920247,3.76719,0.613085,0.767318
138,131.87,1,0.00124937,220.629,0.236506,4.28859,0.391255,0.835685,3.6718,0.597561,0.837373
139,130.501,1,0.00110989,227.076,0.231513,4.28861,0.38861,0.915716,3.66581,0.58243,0.84868
140,133.224,1,0.00143935,214.459,0.235503,4.16205,0.388423,0.877055,3.57299,0.58818,0.864589
141,125.095,1,0.00247463,219.909,0.22954,4.06817,0.392671,0.933955,3.57116,0.573287,0.842697
142,130.299,1,0.00195409,218.422,0.232898,4.03201,0.393977,0.909993,3.6639,0.610529,0.821359
143,132.479,1,0.00294953,220.342,0.235386,3.94137,0.392339,0.929136,3.57113,0.623725,0.825055
144,134.892,1,0.00127086,228.28,0.236744,3.9268,0.391103,0.870691,3.77767,0.607932,0.804164
145,135.984,1,0.00142905,214.615,0.23638,3.91851,0.396827,0.908252,3.68202,0.625005,0.86983
146,129.924,1,0.00175977,218.586,0.23226,3.93294,0.398403,0.866015,3.58878,0.60918,0.847805
147,137.978,1,0.00108058,222.36,0.237125,3.9016,0.398592,0.816437,3.89586,0.607705,0.854382
148,135.832,1,0.00218862,217.565,0.236626,3.89894,0.398493,0.849767,3.79722,0.638832,0.861569
149,130.045,1,0.00135605,220.355,0.232731,3.83815,0.396302,0.839995,3.70107,0.622656,0.839754
150,128.876,1,0.00145402,220.721,0.231849,3.8356,0.393479,0.861618,3.60736,0.60689,0.855935
151,132.087,1,0.00213162,226.57,0.23766,3.77074,0.392106,0.792914,3.51602,0.641895,0.834262
152,134.729,1,0.000807439,224.753,0.235741,3.68667,0.394412,0.88369,3.42699,0.625641,0.860475
153,128.763,1,0.00109323,247.507,0.229772,3.75645,0.394219,1.12778,3.34021,0.673899,0.945023
154,138.623,1,0.00108569,238.452,0.230614,3.76623,0.39556,1.18381,3.88261,0.680862,0.98065
155,135.033,1,0.000491722,228.101,0.227974,3.78312,0.393928,1.02529,3.84121,0.663622,0.95582
156,128.868,1,0.000913601,222.212,0.22677,3.78322,0.39272,0.98971,3.74395,0.646819,0.931618
157,131.992,1,0.00130533,224.066,0.22552,3.76936,0.39743,1.02727,4.12576,0.630441,0.946392
158,133.641,1,0.00161613,224.664,0.229261,3.73141,0.397499,0.970599,4.02129,0.660749,0.922428
159,142.887,1,0.000899572,233.727,0.235551,3.72619,0.400297,1.00131,4.08084,0.697489,0.92147
160,141.372,1,0.000333308,242.716,0.229587,3.76951,0.399746,0.969586,4.28681,0.721156,0.977306
161,141.396,1,7.92274e-05,233.338,0.230714,3.76691,0.399004,0.917573,4.38679,0.702896,0.954801
162,153.235,1,5.73877e-05,228.19,0.238786,3.72939,0.398871,0.931685,4.87231,0.747362,0.986445
163,148.331,1,7.08774e-05,234.971,0.23274,3.6978,0.398429,0.972965,5.27724,0.766296,0.961468
164,146.302,1,6.96058e-05,220.302,0.230367,3.68737,0.397873,0.890255,5.14362,0.746893,0.996918
165,143.042,1,6.6629e-05,212.98,0.22769,3.75507,0.396214,0.848315,5.01338,0.727981,1.0228
166,141.595,1,6.59006e-05,218.671,0.227404,3.76449,0.396109,0.899742,5.24399,0.709548,0.996904
167,143.726,1,8.93002e-05,224.701,0.230127,3.71887,0.396816,0.966164,5.17947,0.707496,0.971662
168,143.899,1,0.000167068,221.705,0.226421,3.77003,0.400779,0.967297,5.15555,0.715443,1.05339
169,144.868,1,0.000245586,229.297,0.225474,3.75848,0.401312,1.06651,5.24419,0.718137,1.07332
170,146.946,1,0.000266311,229.331,0.230438,3.80064,0.403965,1.04988,5.11141,0.699953,1.12316
171,146.575,1,0.000212953,226.032,0.228831,3.75546,0.40213,1.04841,5.13081,0.68223,1.14079
172,138.561,1,0.000760822,221.364,0.22645,3.7293,0.403581,1.12923,5.00089,0.702071,1.1119
173,139.766,1,0.000359556,215.039,0.223176,3.71739,0.405419,0.988746,4.87427,0.720448,1.0915
174,143.509,1,0.000229461,216.478,0.223117,3.73185,0.404798,1.0735,4.75085,0.758291,1.17284
175,151.375,1,0.000200349,207.493,0.229738,3.73824,0.404727,0.871937,5.30457,0.73909,1.20315
176,157.056,1,0.000355373,213.013,0.233592,3.73055,0.404097,1.02621,5.5194,0.732169,1.2778
177,157.533,1,0.000343876,208.212,0.238615,3.71203,0.404914,1.00111,5.37965,0.71363,1.24544
178,149.312,1,0.000168401,214.784,0.232573,3.74302,0.406798,0.977633,5.24343,0.703664,1.22057
179,149.987,1,8.07349e-05,205.625,0.232476,3.71783,0.404693,0.887875,5.44863,0.685847,1.18966
180,150.918,1,0.000150557,208.536,0.23125,3.7212,0.404557,0.820042,5.59748,0.705294,1.15954
181,155.526,1,2.60156e-05,206.332,0.236286,3.73194,0.405557,0.913951,5.95515,0.687435,1.13018
182,153.569,1,2.60179e-05,209.889,0.239522,3.74489,0.405944,0.723666,5.80436,0.678642,1.10156
183,149.785,1,2.49073e-05,203.1,0.236981,3.72874,0.40438,0.688168,5.65739,0.661459,1.07367
184,150.054,1,1.03352e-05,210.376,0.235437,3.73091,0.403556,0.678482,5.51414,0.703381,1.05226
185,149.182,1,4.25373e-06,218.456,0.235379,3.71427,0.402661,0.784373,5.37452,0.733528,1.02562
186,152.601,1,8.93305e-06,216.251,0.236452,3.72797,0.401994,0.838473,5.23843,0.714954,1.1927
187,155.379,1,9.14413e-06,217.773,0.239062,3.713,0.402433,0.895702,5.10579,0.712949,1.1625
188,155.386,1,1.27913e-05,218.495,0.235167,3.71443,0.403138,0.96115,5.09639,0.694897,1.22332
189,152.983,1,1.37874e-05,211.095,0.234889,3.69566,0.40439,0.868894,4.96734,0.685129,1.20405
190,155.317,1,2.0325e-05,218.828,0.237192,3.69103,0.40543,0.856574,4.84157,0.722694,1.20962
191,156.328,1,1.78022e-05,201.51,0.238441,3.67089,0.405367,0.823837,4.78355,0.704395,1.24255
192,149.471,1,8.12983e-06,217.247,0.232505,3.68321,0.403333,0.958621,4.66243,0.700763,1.21108
193,147.966,1,7.81716e-06,225.938,0.232966,3.66388,0.403467,0.971515,4.54437,0.715173,1.18042
194,142.746,1,5.25645e-06,212.296,0.231267,3.67303,0.402335,0.851415,4.43696,0.697064,1.15053
195,142.994,1,2.01963e-05,222.26,0.232506,3.65601,0.40207,0.925944,4.32461,0.679414,1.1214
196,139.877,1,1.00893e-05,225.103,0.231115,3.62158,0.402516,0.974463,4.21511,0.691279,1.093
197,141.911,1,1.03172e-05,226.823,0.235136,3.62744,0.403051,0.942471,4.10838,0.712161,1.06533
198,137.278,1,5.06685e-06,220.442,0.231309,3.63315,0.402666,0.9107,4.00436,0.696639,1.03835
199,148.258,1,3.38918e-06,226.484,0.234009,3.61743,0.403216,0.902859,4.66024,0.706377,1.05044
200,149.776,1,2.01063e-06,227.521,0.23559,3.64329,0.402736,0.93792,4.54224,0.735525,1.06719
201,146.808,1,1.92296e-06,228.356,0.230617,3.60693,0.4009,0.933108,4.83306,0.734498,1.04017
202,148.906,1,2.77023e-06,228.237,0.23154,3.6264,0.401518,0.890497,5.08247,0.71642,1.02968
203,148.708,1,2.95428e-06,220.455,0.23481,3.63236,0.402086,0.882248,4.95378,0.69828,1.07079
204,146.921,1,2.66121e-06,204.952,0.231715,3.64439,0.400961,0.780685,5.34187,0.680599,1.04368
205,150.399,1,5.73189e-07,211.734,0.235831,3.64151,0.401049,0.853602,5.22455,0.671373,1.01726
206,147.002,1,4.87379e-07,203.958,0.233171,3.63298,0.401693,0.735012,5.09226,0.682879,1.09107
207,152.74,1,9.6681e-07,226.804,0.233793,3.63423,0.402139,0.848615,5.32878,0.721362,1.06344
208,148.039,1,1.02308e-06,223.446,0.230123,3.63895,0.402512,0.908253,5.31393,0.703096,1.0379
209,152.214,1,6.26334e-07,209.131,0.235954,3.63041,0.404363,0.841967,5.53091,0.70626,1.01162
210,153.826,1,2.0074e-06,218.96,0.234231,3.62612,0.404911,0.844522,6.00417,0.688377,1.05993
211,154.01,1,9.81124e-07,223.166,0.233972,3.63977,0.406061,0.902255,6.16807,0.679099,1.05292
212,153.843,1,6.90837e-07,212.113,0.238248,3.63944,0.406378,0.877614,6.01189,0.665133,1.02626
213,153.88,1,2.87054e-07,218.888,0.233424,3.63124,0.405872,0.808667,6.70379,0.683491,1.00027
214,159.289,1,1.24626e-07,210.52,0.238326,3.63945,0.406136,0.888192,6.53405,0.666185,1.10054
215,155.382,1,9.54932e-08,216.114,0.237069,3.65256,0.406081,0.775938,6.71181,0.659795,1.07268
216,159.438,1,2.0933e-07,216.975,0.235085,3.66042,0.405435,0.896539,6.57598,0.676175,1.19626
217,155.18,1,6.46885e-08,227.143,0.231177,3.65096,0.404656,0.96322,6.94991,0.663782,1.16597
218,153.568,1,1.62135e-08,215.903,0.233403,3.63907,0.405029,0.910469,6.77393,0.659359,1.13645
219,159.625,1,1.99094e-08,216.874,0.238054,3.64887,0.404259,0.856891,6.60241,0.683121,1.10768
220,160.262,1,4.0304e-08,230.024,0.236019,3.6588,0.402439,0.854494,7.12541,0.699604,1.07963
221,148.504,1,2.12213e-08,222.706,0.230043,3.66436,0.402312,0.92178,6.94499,0.681889,1.05229
222,153.298,1,1.57336e-08,238.526,0.23492,3.65717,0.401644,0.914634,6.76914,0.717494,1.02565
223,149.143,1,1.16145e-08,231.838,0.232277,3.66324,0.402612,0.942868,6.59774,0.699327,0.999677
224,154.139,1,1.93045e-08,227.04,0.2381,3.67173,0.402141,0.888487,6.48878,0.681619,0.974365
225,151.842,1,3.38479e-08,219.919,0.232072,3.65735,0.40352,0.855379,6.51575,0.672938,1.01489
226,154.865,1,9.32144e-09,205.787,0.236231,3.66308,0.404142,0.803772,6.42284,0.655899,1.0041
227,160.453,1,1.71229e-08,220.932,0.238649,3.66747,0.404007,0.860575,6.32245,0.686387,1.11831
228,155.952,1,1.10912e-08,218.747,0.23367,3.6623,0.404344,0.906928,6.16236,0.695914,1.18828
229,154.827,1,8.40066e-09,217.587,0.232357,3.66357,0.403537,0.963246,6.00633,0.68269,1.19851
230,157.458,1,1.30191e-08,203.79,0.233805,3.65719,0.404719,0.99512,6.35559,0.665404,1.25762
231,156.944,1,1.6869e-08,218.338,0.234123,3.67066,0.404794,0.911711,6.6082,0.657381,1.22578
232,156.524,1,7.23398e-08,212.806,0.237426,3.66972,0.405623,0.862274,6.44087,0.653142,1.19474
233,161.822,1,4.7547e-08,200.979,0.238663,3.67477,0.405391,0.732104,7.3933,0.66066,1.16449
234,157.291,1,2.82048e-08,216.59,0.23262,3.67218,0.405266,1.00067,7.2061,0.669865,1.217
235,159.804,1,1.0548e-08,228.978,0.232943,3.67149,0.405686,0.911667,7.19005,0.736384,1.18618
236,152.856,1,5.99436e-09,213.425,0.230895,3.66786,0.405855,0.837539,7.00799,0.717738,1.15615
237,157.481,1,6.57166e-09,215.769,0.233864,3.67203,0.406692,0.925237,6.83055,0.710383,1.12687
238,163.34,1,1.3897e-08,227.079,0.241182,3.67349,0.40649,0.929121,6.65759,0.708808,1.15647
239,161.258,1,2.21656e-08,226.136,0.237894,3.67911,0.407223,0.924236,6.68006,0.701894,1.12719
240,155.568,1,3.1629e-08,225.041,0.233438,3.68476,0.406553,0.865883,6.52311,0.712263,1.09865
241,152.281,1,2.24444e-08,219.157,0.230573,3.69097,0.406465,0.823256,6.8177,0.694228,1.07083
242,156.515,1,1.54311e-08,223.571,0.235519,3.68533,0.406876,0.840913,6.91424,0.708612,1.04372
243,158.242,1,1.87428e-08,220.828,0.236731,3.68508,0.407165,0.98796,6.73917,0.714781,1.01729
244,159.739,1,6.8201e-09,220.016,0.237089,3.69004,0.407942,0.841707,7.07987,0.732168,0.991532
245,159.391,1,3.85089e-09,221.421,0.239856,3.688,0.407955,0.863877,6.98233,0.727056,0.966426
246,149.714,1,9.31799e-09,227.042,0.233783,3.69285,0.407954,0.886276,6.80553,0.744932,0.941956
247,152.113,1,1.30116e-08,220.901,0.230238,3.698,0.408003,0.861982,6.88259,0.736249,0.920551
248,154.719,1,4.50762e-09,212.289,0.235379,3.69974,0.408241,0.776551,6.70832,0.717606,0.94486
249,151.397,1,2.02355e-08,211.138,0.231478,3.70327,0.407509,0.73438,6.79996,0.699436,1.00628
250,154.497,1,1.9596e-08,213.32,0.232049,3.69688,0.407025,0.854079,7.33785,0.681726,0.9808
251,159.476,1,4.91605e-08,227.658,0.23575,3.70169,0.40713,0.936183,7.66017,0.710208,0.999832
252,159.091,1,2.46835e-07,240.538,0.23545,3.70061,0.407018,0.883887,7.46621,0.747401,0.974516
253,156.155,1,1.83762e-07,226.63,0.231599,3.69753,0.406574,0.983641,7.90404,0.728477,0.94984
254,157.358,1,4.61194e-07,220.368,0.235115,3.69595,0.406526,0.819141,7.81662,0.710031,0.92579
255,157.257,1,3.33648e-07,218.303,0.236166,3.69537,0.405857,0.757216,7.78396,0.692053,0.902348
256,153.139,1,3.99944e-07,223.126,0.238252,3.69764,0.405899,0.764671,7.58687,0.685807,0.8795
257,150.29,1,3.71525e-07,227.338,0.233192,3.69709,0.405931,0.785033,7.39477,0.675021,0.857231
258,154.752,1,5.20963e-07,214.305,0.231859,3.70112,0.405789,0.803609,7.77322,0.687315,0.931946
259,160.702,1,1.07225e-07,208.887,0.235224,3.70674,0.405505,0.816023,7.95112,0.671905,1.04025
260,156.269,1,6.37522e-08,218.271,0.234302,3.70255,0.405732,0.764084,7.7498,0.709114,1.01391
261,156.706,1,2.15216e-07,216.163,0.234862,3.70476,0.405695,0.910181,7.55357,0.728174,1.07271
262,156.4,1,9.27468e-08,225.255,0.237084,3.70909,0.405686,0.814392,7.36231,0.729348,1.04555
263,164.178,1,1.0459e-07,226.717,0.239077,3.70666,0.405756,0.863618,7.29948,0.741553,1.05266
264,164.803,1,6.3362e-08,228.299,0.241059,3.70827,0.405821,0.882624,7.61646,0.75227,1.02601
265,160.653,1,6.82389e-08,232.844,0.234955,3.7112,0.404873,0.926341,8.47605,0.753583,1.00003
266,159.532,1,1.0087e-07,230.058,0.23623,3.71012,0.40482,0.902897,8.26144,0.734501,0.974706
267,160.383,1,4.05818e-08,231.057,0.238398,3.70664,0.405094,0.881679,8.05225,0.745711,0.953715
268,152.753,1,2.27622e-07,219.414,0.232361,3.70751,0.40501,0.869567,7.84836,0.726829,0.929566
269,155.025,1,5.80231e-07,232.399,0.233818,3.70644,0.405298,0.94133,7.64964,0.708425,0.96382
270,153.203,1,6.76408e-07,237.926,0.229989,3.70684,0.405743,0.891018,7.45595,0.725805,0.939415
271,154.385,1,5.78856e-07,226.046,0.231451,3.70377,0.40592,1.04965,7.56281,0.707427,0.930221
272,146.72,1,8.18021e-07,222.151,0.22559,3.70757,0.405678,0.950257,7.37131,0.692164,0.936904
273,146.74,1,3.38889e-06,220.306,0.227513,3.7132,0.405726,0.955377,7.18467,0.707866,0.913181
274,155.615,1,2.87648e-06,223.427,0.237057,3.71223,0.405698,0.823989,7.00386,0.695625,0.890059
275,155.186,1,1.48193e-06,223.135,0.238504,3.70872,0.405589,0.879632,7.06748,0.688332,0.867522
276,147.463,1,2.44808e-06,228.261,0.232465,3.70972,0.405873,0.821636,6.88853,0.70334,0.845556
277,151.859,1,1.57118e-06,204.943,0.233199,3.70668,0.405954,0.760769,7.219,0.688523,0.844635
278,154.153,1,1.68404e-06,205.716,0.241505,3.70566,0.405894,0.683683,7.03621,0.678292,0.823248
279,155.654,1,1.7139e-06,215.696,0.240795,3.70518,0.406171,0.764767,6.85805,0.698342,0.833656
280,144.799,1,2.79226e-06,214.07,0.234698,3.70774,0.406665,0.748583,6.6844,0.697696,0.812547
281,146.063,1,3.99256e-06,208.121,0.229247,3.70813,0.406413,0.754961,6.51515,0.68003,0.892521
282,150.469,1,3.59499e-06,212.434,0.2322,3.70782,0.406591,0.781926,6.35018,0.733275,0.942858
283,152.334,1,1.2152e-06,214.832,0.230501,3.70724,0.406701,0.893042,6.39243,0.72664,1.0005
284,152.208,1,7.20099e-07,218.64,0.234774,3.70564,0.406436,0.807597,6.39671,0.715653,0.975168
285,159.142,1,1.90308e-07,232.187,0.240523,3.70517,0.406099,0.76075,6.23475,0.767054,0.978552
286,155.032,1,1.21671e-07,216.239,0.234433,3.70227,0.406523,0.796411,6.62914,0.747632,1.0432
287,165.776,1,2.75512e-07,217.681,0.241455,3.70287,0.406431,0.794161,6.81138,0.752012,1.05962
288,165.984,1,1.27104e-07,220.784,0.23998,3.70587,0.406439,0.889441,7.09022,0.732971,1.14182
289,164.652,1,4.24617e-08,218.821,0.240523,3.70316,0.406274,0.9049,7.21667,0.747003,1.1129
290,156.464,1,3.23946e-08,218.071,0.23659,3.70218,0.406132,0.868722,7.03394,0.730674,1.08473
291,155.173,1,2.79878e-07,209.625,0.231608,3.69919,0.405822,0.826053,6.85584,0.716576,1.05781
292,148.223,1,1.16053e-07,223.333,0.227224,3.69825,0.405652,0.844881,6.68224,0.747839,1.03103
293,153.18,1,3.53274e-08,212.905,0.228278,3.69728,0.406058,0.870733,6.99429,0.728903,1.06795
294,155.368,1,7.04136e-09,205.198,0.233903,3.69637,0.406319,0.81193,6.81719,0.710447,1.04146
295,169.135,1,2.0867e-09,208.564,0.23896,3.69906,0.406153,0.74444,7.65418,0.755104,1.19249
296,170.981,1,2.59595e-09,209.96,0.243418,3.69895,0.406123,0.738703,7.46037,0.750097,1.1623
297,163.896,1,5.49828e-09,211.404,0.237254,3.69766,0.406346,0.862962,7.27147,0.731104,1.20821
298,160.276,1,3.98551e-09,216.91,0.234531,3.69944,0.406246,0.944194,7.08735,0.728931,1.17762
299,159.943,1,6.74074e-09,222.407,0.233457,3.70068,0.406082,0.917786,7.08388,0.741571,1.1478
300,160.036,1,2.11688e-08,222.95,0.234042,3.70196,0.406037,0.815892,7.72231,0.725746,1.11874
301,160.347,2,1.84126e-08,219.29,0.235248,3.70061,0.405883,0.926974,7.52677,0.747321,1.09041
302,155.381,2,1.01848e-07,209.114,0.232085,3.02792,0.456939,0.7906,6.38254,0.732906,1.08258
303,156.603,2,3.66564e-08,210.227,0.23048,2.89556,0.470472,0.845406,6.91844,0.769475,1.06342
304,160.132,2,7.52038e-09,204.367,0.234524,2.70614,0.487301,0.753095,6.98823,0.744701,1.08556
305,156.288,2,5.00131e-09,202.909,0.230833,2.57873,0.50011,0.791539,6.6671,0.739981,1.10602
306,155.315,2,9.05512e-09,199.793,0.234247,2.60625,0.501988,0.799785,6.02357,0.719548,1.07099
307,155.388,2,8.01016e-09,202.886,0.233367,2.70701,0.492365,0.799269,6.30817,0.730608,1.04677
308,160.278,2,1.671e-08,208.567,0.235851,2.8648,0.478702,0.871765,6.54093,0.740016,1.06239
309,158.654,2,1.52135e-08,204.269,0.237206,2.90765,0.476137,0.883875,6.6202,0.711753,1.02891
310,159.327,2,6.68227e-09,201.223,0.236795,2.80776,0.482579,0.859925,6.54455,0.738416,1.05541
311,157.161,2,4.6327e-09,203.384,0.234987,2.9777,0.46869,0.846606,6.34198,0.74669,1.06843
312,159.371,2,3.28029e-09,209.483,0.237951,2.8953,0.473692,0.814915,6.21157,0.76531,1.00745
313,163.07,2,2.48851e-09,206.703,0.24077,2.76333,0.483945,0.805814,6.38041,0.742813,1.03126
314,152.157,2,2.3942e-09,201.385,0.235117,2.63806,0.494754,0.788993,6.6467,0.715601,0.958614
315,152.603,2,2.18743e-09,203.373,0.233888,2.52884,0.502982,0.793209,6.57353,0.710849,0.932251
316,159.983,2,2.71277e-09,205.015,0.236059,2.60738,0.494254,0.770023,6.77806,0.708781,0.969991
317,154.489,2,4.72089e-09,203.923,0.235949,2.48096,0.506823,0.749093,6.35155,0.719633,0.96886
318,154.27,2,1.11154e-08,198.043,0.236234,2.34375,0.52051,0.749683,6.49289,0.696897,0.949124
319,154.799,2,2.12526e-08,193.622,0.235047,2.25361,0.532942,0.735831,6.75624,0.692072,0.943872
320,153.739,2,2.52228e-08,188.884,0.234146,2.11577,0.549396,0.698994,6.98283,0.672677,0.935737
321,153.721,2,2.04354e-08,187.23,0.234031,2.08444,0.552751,0.665472,7.27228,0.660971,0.899151
322,156.052,2,1.79353e-08,188.435,0.235853,2.10002,0.551142,0.660515,7.29075,0.661324,0.886532
323,156.958,2,1.3182e-08,187.757,0.237299,2.1124,0.54824,0.637877,7.03403,0.657583,0.905246
324,157.83,2,1.07885e-08,184.954,0.238183,2.04486,0.556043,0.639942,7.5054,0.648746,0.870348
325,152.979,2,9.32484e-09,180.732,0.238186,1.96883,0.565746,0.613459,7.63238,0.631076,0.829376
326,156.891,2,1.19088e-08,178.654,0.237067,1.8238,0.584452,0.628249,7.73223,0.632534,0.869984
327,155.575,2,1.61102e-08,180.968,0.237223,1.75961,0.59113,0.666852,7.63039,0.627919,0.888209
328,151.756,2,3.13471e-08,180.611,0.237105,1.69794,0.599345,0.665805,7.42872,0.626917,0.877537
329,152.499,2,3.14372e-08,181.204,0.236838,1.6446,0.605549,0.661121,7.36523,0.626829,0.871685
330,150.151,2,3.84937e-08,183.387,0.235227,1.69237,0.597376,0.665185,7.67143,0.624906,0.850813
331,150.959,2,4.59816e-08,187.816,0.234271,1.76717,0.58597,0.692073,7.68857,0.635047,0.847259
332,147.045,2,4.98373e-08,189.321,0.233264,1.79276,0.580991,0.692475,7.57055,0.630619,0.851764
333,150.557,2,5.56132e-08,189.353,0.232991,1.80757,0.578236,0.676976,7.55325,0.624466,0.864558
334,150.747,2,5.21449e-08,191.59,0.232896,1.83505,0.573741,0.672313,7.56775,0.634269,0.851024
335,150.665,2,4.75998e-08,191.551,0.233327,1.81211,0.577137,0.654135,7.3586,0.640776,0.84797
336,150.477,2,6.51462e-08,190.973,0.234484,1.80252,0.57849,0.653759,7.15735,0.636069,0.8449
337,147.159,2,7.57097e-08,192.482,0.234711,1.82204,0.575321,0.6563,6.99994,0.638494,0.831069
338,143.191,2,6.21359e-08,192.915,0.233462,1.84522,0.57231,0.664636,7.03047,0.636064,0.830065
339,144.63,2,5.16242e-08,193.435,0.232604,1.83583,0.573107,0.6613,7.05405,0.636913,0.82947
340,141.563,2,5.80687e-08,193.246,0.231476,1.81093,0.575798,0.659738,7.14719,0.63247,0.822934
341,146.563,2,5.89791e-08,193.406,0.231286,1.78931,0.577938,0.671667,7.0792,0.631873,0.829876
342,147.274,2,7.01229e-08,191.817,0.231377,1.77137,0.580573,0.676584,6.96557,0.630695,0.839708
343,148.621,2,7.44689e-08,192.16,0.23196,1.75067,0.582799,0.677876,6.89542,0.628862,0.838316
344,149.795,2,8.34802e-08,192.368,0.232688,1.73828,0.583718,0.674911,6.89579,0.62447,0.830841
345,149.609,2,8.71742e-08,191.752,0.233127,1.71507,0.586734,0.670153,6.86073,0.622169,0.82856
346,155.738,2,8.99045e-08,190.862,0.2338,1.67982,0.591678,0.670142,6.84038,0.618629,0.838675
347,148.66,2,9.67199e-08,191.257,0.233737,1.67775,0.591654,0.673124,6.85065,0.619169,0.840994
348,151.913,2,9.53033e-08,192.52,0.233839,1.69753,0.587983,0.676524,6.80728,0.622531,0.847925
349,147.05,2,1.01597e-07,192.079,0.23357,1.68637,0.58932,0.676738,6.78735,0.621226,0.856285
350,144.43,2,9.5303e-08,192.459,0.233462,1.68085,0.589595,0.680202,6.76978,0.618514,0.85399
351,145.422,2,9.39305e-08,192.571,0.233456,1.68082,0.589549,0.681009,6.76344,0.618286,0.852954
352,146.739,2,9.30268e-08,192.551,0.233477,1.67888,0.589832,0.680649,6.75507,0.617845,0.852481
353,142.476,2,9.22361e-08,192.445,0.233473,1.67295,0.590556,0.680215,6.73652,0.617129,0.852135
354,151.002,2,9.18272e-08,192.483,0.233557,1.66673,0.591339,0.680973,6.72943,0.617135,0.851942
355,145.803,2,9.25454e-08,192.604,0.233619,1.66387,0.591712,0.680462,6.70441,0.617909,0.850342
356,143.933,2,9.09864e-08,192.529,0.233545,1.65988,0.59222,0.680618,6.69981,0.61758,0.85059
357,149.096,2,9.12431e-08,192.427,0.233537,1.65434,0.593005,0.681074,6.69626,0.617676,0.8518
358,147.606,2,9.13611e-08,192.539,0.233579,1.65571,0.59278,0.681327,6.68177,0.61773,0.85194
359,149.958,2,9.23764e-08,192.671,0.233649,1.65807,0.592355,0.681713,6.67537,0.617473,0.851798
360,148.971,2,9.24346e-08,192.722,0.233628,1.66181,0.591823,0.682529,6.67378,0.617702,0.853088
361,147.988,2,9.24817e-08,192.74,0.233648,1.66368,0.591569,0.682631,6.66688,0.617645,0.853072
362,150.61,2,9.29431e-08,192.938,0.233648,1.66768,0.590964,0.682222,6.67229,0.618475,0.852768
363,149.347,2,9.12483e-08,193.051,0.233678,1.67067,0.590542,0.682113,6.67284,0.61866,0.852513
364,142.907,2,9.25923e-08,193.044,0.233628,1.66895,0.590815,0.683218,6.65909,0.618785,0.852619
365,147.472,2,9.15526e-08,192.909,0.233602,1.6672,0.591166,0.682928,6.65743,0.618857,0.852749
366,143.415,2,9.09486e-08,192.861,0.233608,1.6639,0.591689,0.682165,6.64511,0.618916,0.851726
367,138.482,2,9.16872e-08,192.891,0.233502,1.66295,0.591836,0.682811,6.64068,0.618748,0.850758
368,140.483,2,9.11259e-08,192.871,0.233462,1.66215,0.591956,0.682393,6.63054,0.618349,0.849754
369,143.635,2,9.06342e-08,192.798,0.233503,1.6604,0.592261,0.681518,6.6049,0.618408,0.849685
370,150.846,2,9.22692e-08,192.645,0.233569,1.65724,0.592678,0.679981,6.59495,0.617689,0.851574
371,144.934,2,9.25672e-08,192.618,0.23355,1.65565,0.592822,0.680062,6.58152,0.617384,0.852851
372,146.39,2,9.09451e-08,192.749,0.233606,1.6552,0.592779,0.680716,6.56706,0.617421,0.852478
373,147.856,2,9.08382e-08,192.673,0.233654,1.65245,0.593113,0.68046,6.56775,0.616803,0.851845
374,151.242,2,8.96259e-08,192.569,0.233669,1.64818,0.593695,0.68034,6.57345,0.616653,0.852746
375,145.918,2,8.95701e-08,192.437,0.233643,1.6421,0.594526,0.680194,6.57656,0.616201,0.852364
376,147.902,2,8.87556e-08,192.33,0.233632,1.63975,0.59489,0.678894,6.58457,0.615927,0.852068
377,149.459,2,8.87014e-08,192.164,0.233653,1.63876,0.59505,0.67784,6.57807,0.615444,0.85338
378,153.162,2,8.89546e-08,192.123,0.233693,1.63838,0.595133,0.677892,6.59042,0.615359,0.85329
379,154.403,2,8.81148e-08,192.192,0.233775,1.64093,0.594756,0.678259,6.59218,0.615671,0.853005
380,147.584,2,8.84579e-08,192.312,0.233808,1.64307,0.594474,0.678319,6.58291,0.616339,0.852202
381,140.476,2,8.75161e-08,192.273,0.233744,1.64137,0.594792,0.678985,6.58147,0.61643,0.851147
382,147.333,2,8.73624e-08,192.279,0.233757,1.64062,0.594962,0.679568,6.58046,0.616536,0.850624
383,142.551,2,8.67123e-08,192.198,0.233675,1.63948,0.595195,0.68005,6.58686,0.616339,0.850164
384,144.45,2,8.69529e-08,192.242,0.233664,1.64079,0.595001,0.680314,6.58372,0.616269,0.849433
385,140.745,2,8.66622e-08,192.289,0.233642,1.64142,0.594906,0.680825,6.56922,0.616163,0.849267
386,143.375,2,8.57458e-08,192.429,0.233581,1.64393,0.594488,0.681502,6.56937,0.616357,0.849082
387,142.59,2,8.53189e-08,192.495,0.233517,1.64535,0.594261,0.682119,6.5632,0.616283,0.849589
388,141.406,2,8.55502e-08,192.42,0.233452,1.64418,0.594451,0.682195,6.55415,0.616045,0.850602
389,147.206,2,8.56897e-08,192.458,0.233397,1.64406,0.594488,0.682711,6.55592,0.616326,0.851638
390,147.678,2,8.59178e-08,192.401,0.23339,1.64291,0.594675,0.682102,6.55286,0.616289,0.852332
391,147.304,2,8.63295e-08,192.37,0.233439,1.64036,0.595057,0.681631,6.547,0.616168,0.85159
392,146.233,2,8.58665e-08,192.447,0.233476,1.63988,0.595088,0.681438,6.53411,0.616316,0.851129
393,150.253,2,8.55544e-08,192.451,0.233529,1.6378,0.595353,0.680667,6.53753,0.616203,0.850155
394,138.022,2,8.5924e-08,192.404,0.233484,1.63384,0.595855,0.680632,6.52814,0.61567,0.849584
395,144.07,2,8.64109e-08,192.351,0.233508,1.63184,0.596112,0.680503,6.52087,0.615159,0.849369
396,146.62,2,8.6736e-08,192.268,0.233595,1.62776,0.596639,0.680014,6.51239,0.614489,0.848377
397,140.377,2,8.69904e-08,192.268,0.233594,1.62638,0.596795,0.680015,6.5038,0.614122,0.847387
398,147.177,2,8.72602e-08,192.26,0.233608,1.62355,0.597132,0.680317,6.50802,0.613718,0.8471
399,144.268,2,8.69508e-08,192.357,0.233577,1.62164,0.597265,0.6808,6.50963,0.613438,0.846975
400,153.598,2,8.69372e-08,192.334,0.233672,1.61812,0.597733,0.680376,6.50815,0.613565,0.846365
401,148.219,2,8.77654e-08,192.252,0.233701,1.61443,0.598232,0.679518,6.50986,0.613281,0.846036
402,146.481,2,8.81187e-08,192.18,0.233705,1.60909,0.598912,0.679646,6.50841,0.612877,0.846318
403,145.202,2,8.91379e-08,192.132,0.233715,1.60427,0.599492,0.679787,6.49997,0.612582,0.84684
404,148.48,2,8.97934e-08,192.152,0.233762,1.59951,0.600079,0.680071,6.49044,0.612616,0.846767
405,144.02,2,9.07585e-08,192.087,0.233758,1.59721,0.600434,0.679792,6.47938,0.612736,0.846852
406,143.552,2,9.03801e-08,192.071,0.233723,1.59401,0.600876,0.679548,6.47413,0.61312,0.846677
407,141.873,2,8.98129e-08,192.099,0.233701,1.58968,0.601437,0.679297,6.46645,0.613382,0.846148
408,146.529,2,8.90649e-08,192.079,0.233701,1.58661,0.601844,0.679311,6.46574,0.613311,0.845934
409,140.815,2,8.87878e-08,192.097,0.233672,1.5862,0.601865,0.679312,6.45654,0.613294,0.845989
410,140.066,2,8.8468e-08,192.137,0.233646,1.5867,0.601773,0.679671,6.45098,0.613082,0.845404
411,139.025,2,8.86974e-08,192.111,0.233577,1.58676,0.601784,0.67992,6.45024,0.612949,0.845002
412,147.257,2,8.84673e-08,192.086,0.233582,1.58432,0.602125,0.680196,6.44984,0.612697,0.845266
413,143.288,2,8.85436e-08,192.023,0.233574,1.58113,0.602518,0.679775,6.45115,0.612179,0.844935
414,148.293,2,8.81813e-08,192.036,0.233604,1.57903,0.602731,0.680412,6.44882,0.611833,0.845299
415,144.328,2,8.7328e-08,191.984,0.233569,1.57671,0.603054,0.680557,6.4483,0.611717,0.845641
416,143.321,2,8.7562e-08,191.977,0.233522,1.57503,0.603278,0.680692,6.44607,0.611707,0.846191
417,144.15,2,8.78552e-08,192.001,0.233497,1.57421,0.603366,0.681315,6.43603,0.611798,0.847178
418,148.024,2,8.9002e-08,191.936,0.233463,1.57306,0.603548,0.681415,6.44049,0.61185,0.847703
419,140.005,2,8.84704e-08,191.918,0.233413,1.57245,0.60363,0.681262,6.43849,0.611712,0.847638
420,148.044,2,8.88388e-08,191.87,0.233404,1.57116,0.603838,0.681003,6.44107,0.611536,0.848159
421,144.014,2,8.82635e-08,191.831,0.233384,1.56958,0.604067,0.681115,6.44049,0.611545,0.848092
422,140.747,2,8.85983e-08,191.854,0.233354,1.56744,0.604338,0.680621,6.44083,0.611467,0.84706
423,138.083,2,8.8531e-08,191.829,0.233293,1.56596,0.604562,0.680829,6.43956,0.611324,0.84679
424,144.663,2,8.82603e-08,191.878,0.233254,1.56727,0.604348,0.681065,6.44625,0.611328,0.846433
425,144.279,2,8.8197e-08,191.929,0.233205,1.56905,0.604112,0.68175,6.44741,0.611576,0.846637
426,143.719,2,8.82108e-08,191.898,0.233179,1.57046,0.603944,0.682237,6.44424,0.611503,0.847166
427,140.088,2,8.82781e-08,191.929,0.233122,1.57245,0.603657,0.682463,6.44198,0.611577,0.847108
428,139.526,2,8.81222e-08,191.898,0.233089,1.57311,0.603596,0.682837,6.4352,0.611387,0.847297
429,144.947,2,8.82058e-08,191.955,0.233069,1.57462,0.603384,0.68297,6.43232,0.611716,0.847628
430,143.282,2,8.81123e-08,191.836,0.23306,1.57316,0.603642,0.68243,6.42817,0.611393,0.847906
431,147.799,2,8.71715e-08,191.867,0.233075,1.5726,0.603704,0.682447,6.42777,0.611406,0.847749
432,141.717,2,8.71765e-08,191.923,0.233071,1.57126,0.603853,0.682634,6.42633,0.611229,0.847007
433,142.998,2,8.74714e-08,191.98,0.233066,1.57007,0.603949,0.682927,6.41957,0.611103,0.847086
434,143.438,2,8.63995e-08,191.933,0.233041,1.56717,0.604328,0.682674,6.41819,0.610913,0.847507
435,140.588,2,8.61493e-08,191.923,0.233021,1.56489,0.604603,0.682661,6.40733,0.610828,0.848225
436,143.431,2,8.63839e-08,191.897,0.233001,1.56372,0.604767,0.682667,6.4073,0.610657,0.848381
437,141.942,2,8.69526e-08,191.859,0.232974,1.56222,0.604984,0.682174,6.4074,0.610565,0.848117
438,140.647,2,8.7143e-08,191.907,0.232945,1.56205,0.604992,0.682294,6.4028,0.610771,0.847785
439,147.795,2,8.69143e-08,191.875,0.232932,1.56023,0.605253,0.682507,6.40835,0.610637,0.847771
440,136.995,2,8.74469e-08,191.885,0.232874,1.55953,0.60533,0.682886,6.40115,0.610572,0.848153
441,146.158,2,8.67593e-08,191.925,0.232833,1.55864,0.605438,0.68297,6.40883,0.610769,0.848044
442,145.616,2,8.63461e-08,191.91,0.232837,1.55771,0.60558,0.683205,6.40948,0.610727,0.847825
443,148.938,2,8.59085e-08,191.888,0.232859,1.55774,0.605593,0.683522,6.41313,0.610751,0.847435
444,153.271,2,8.64343e-08,191.887,0.23289,1.5579,0.605573,0.683562,6.41844,0.610731,0.847525
445,153.526,2,8.58411e-08,191.906,0.232946,1.55871,0.605443,0.683629,6.41803,0.610619,0.847664
446,142.616,2,8.5692e-08,192,0.232953,1.56099,0.605041,0.683684,6.40908,0.610601,0.847786
447,141.124,2,8.53992e-08,192.031,0.232928,1.56068,0.605042,0.683756,6.40719,0.610474,0.847861
448,148.844,2,8.51187e-08,192.114,0.232936,1.56006,0.605086,0.68389,6.41446,0.61041,0.847397
449,153.536,2,8.55418e-08,192.17,0.232966,1.55937,0.605146,0.684117,6.41656,0.610416,0.84793
450,153.56,2,8.521e-08,192.273,0.232984,1.55989,0.605004,0.684874,6.41949,0.610382,0.848753
451,151.776,2,8.49303e-08,192.27,0.233015,1.55743,0.605287,0.685096,6.42252,0.610109,0.848999
452,152.32,2,8.48619e-08,192.337,0.233032,1.55684,0.605276,0.685857,6.42375,0.610041,0.849736
453,149.911,2,8.51019e-08,192.384,0.233049,1.55557,0.605395,0.686265,6.42388,0.609874,0.850374
454,139.08,2,8.50584e-08,192.345,0.233028,1.55214,0.605838,0.68627,6.42153,0.609508,0.850095
455,145.133,2,8.52678e-08,192.433,0.233033,1.55057,0.605958,0.686248,6.42203,0.609396,0.849792
456,147.758,2,8.56798e-08,192.462,0.233017,1.5488,0.606157,0.686549,6.4317,0.609215,0.849518
457,141.63,2,8.54742e-08,192.502,0.232977,1.54761,0.606256,0.686715,6.43494,0.609001,0.849373
458,142.588,2,8.5534e-08,192.598,0.232939,1.54714,0.606239,0.687147,6.43783,0.608975,0.849386
459,146.03,2,8.59771e-08,192.586,0.232956,1.5452,0.606489,0.687153,6.43612,0.608844,0.849414
460,152.447,2,8.5956e-08,192.599,0.232971,1.54415,0.606611,0.686764,6.43971,0.608834,0.849774
461,142.908,2,8.52393e-08,192.599,0.232966,1.54143,0.606942,0.68636,6.43663,0.608622,0.849733
462,142.179,2,8.48082e-08,192.615,0.232944,1.54007,0.607111,0.6864,6.43066,0.608618,0.85014
463,145.812,2,8.44975e-08,192.615,0.232964,1.53865,0.607301,0.686407,6.42948,0.608482,0.849728
464,141.991,2,8.37736e-08,192.644,0.232966,1.53826,0.607323,0.686763,6.42828,0.608278,0.849355
465,151.218,2,8.35903e-08,192.67,0.232983,1.53797,0.607349,0.687354,6.4284,0.608335,0.849808
466,144.091,2,8.28505e-08,192.703,0.232993,1.53599,0.607574,0.687503,6.42294,0.608225,0.849778
467,147.662,2,8.22606e-08,192.712,0.23303,1.53422,0.607772,0.687361,6.41628,0.608134,0.849989
468,153.734,2,8.24533e-08,192.703,0.233072,1.53079,0.608213,0.687217,6.41586,0.608131,0.850282
469,148.591,2,8.21603e-08,192.624,0.23307,1.52921,0.608459,0.68675,6.4173,0.608042,0.850668
470,140.322,2,8.22193e-08,192.609,0.233051,1.52709,0.608758,0.686699,6.41424,0.608051,0.850257
471,142.068,2,8.20961e-08,192.593,0.233036,1.52508,0.609056,0.686897,6.41624,0.607958,0.849705
472,151.79,2,8.21748e-08,192.601,0.23305,1.52398,0.609223,0.686833,6.42393,0.608085,0.849128
473,155.632,2,8.26011e-08,192.598,0.233074,1.52235,0.609459,0.68702,6.43293,0.608119,0.849198
474,148.067,2,8.26215e-08,192.597,0.233076,1.52077,0.609679,0.687007,6.43573,0.60815,0.848964
475,145.689,2,8.33648e-08,192.613,0.233084,1.51925,0.609856,0.686912,6.43532,0.608051,0.848838
476,151.38,2,8.38001e-08,192.583,0.233095,1.51706,0.610138,0.686818,6.4438,0.607711,0.848804
477,153.389,2,8.40504e-08,192.607,0.233121,1.51635,0.610176,0.686886,6.44546,0.60749,0.849482
478,145.207,2,8.3807e-08,192.632,0.233097,1.51575,0.61021,0.686843,6.44613,0.607508,0.849882
479,144.632,2,8.36011e-08,192.632,0.233103,1.51397,0.610437,0.68707,6.448,0.607345,0.849493
480,142.083,2,8.34726e-08,192.649,0.233097,1.51301,0.61056,0.687064,6.44755,0.60733,0.848989
481,143.819,2,8.35692e-08,192.672,0.233111,1.51305,0.610528,0.687031,6.44391,0.607308,0.848576
482,144.828,2,8.36508e-08,192.724,0.23311,1.51328,0.610453,0.687134,6.44331,0.607304,0.848401
483,147.946,2,8.42255e-08,192.771,0.233124,1.51381,0.61034,0.686972,6.44123,0.607285,0.848579
484,143.535,2,8.37552e-08,192.743,0.233118,1.51226,0.610536,0.686599,6.44211,0.607091,0.848446
485,146.571,2,8.33385e-08,192.793,0.233143,1.51101,0.610662,0.686729,6.43792,0.60711,0.848259
486,149.006,2,8.33742e-08,192.849,0.233147,1.5116,0.610531,0.687249,6.43723,0.607074,0.848625
487,147.05,2,8.35094e-08,192.901,0.233146,1.51141,0.610515,0.687592,6.43751,0.606992,0.848883
488,143.348,2,8.35508e-08,192.901,0.233128,1.51013,0.610704,0.687465,6.43665,0.607,0.848827
489,142.627,2,8.34363e-08,192.907,0.233109,1.50954,0.610793,0.687756,6.43616,0.60708,0.84865
490,141.232,2,8.37854e-08,192.948,0.2331,1.50997,0.610694,0.687849,6.43152,0.607076,0.848455
491,152.576,2,8.38536e-08,192.926,0.233114,1.50892,0.610863,0.687665,6.43172,0.607189,0.848981
492,148.733,2,8.38819e-08,192.919,0.233113,1.50846,0.610943,0.687409,6.43506,0.607264,0.848976
493,146.168,2,8.35456e-08,192.918,0.233104,1.50836,0.610969,0.6872,6.43705,0.607349,0.848807
494,141.09,2,8.32591e-08,192.865,0.233099,1.5082,0.611033,0.686857,6.43354,0.607241,0.848564
495,141.811,2,8.3125e-08,192.848,0.233075,1.50804,0.611053,0.686822,6.43468,0.606986,0.848612
496,150.301,2,8.32411e-08,192.783,0.233087,1.50632,0.611315,0.686623,6.43506,0.606873,0.849006
497,144.5,2,8.35825e-08,192.741,0.23309,1.50476,0.611557,0.686685,6.43747,0.606707,0.848412
498,145.517,2,8.38509e-08,192.727,0.23311,1.50469,0.611528,0.686273,6.43473,0.606396,0.848554
499,149.281,2,8.37296e-08,192.725,0.233143,1.50497,0.611457,0.685774,6.43218,0.606195,0.848628
500,143.739,2,8.36608e-08,192.751,0.233137,1.50264,0.611746,0.685948,6.43222,0.606032,0.84853
501,143.383,2,8.37993e-08,192.79,0.23315,1.50073,0.611966,0.68626,6.42805,0.605879,0.848276