rep,id,p0,alpha,tau
1,1,0.310654,0.030719,72.338782
2,1,0.310654,0.030620,72.216190
3,1,0.310654,0.030902,72.157803
4,1,0.310654,0.031776,72.157803
5,1,0.310654,0.031903,72.107829
6,1,0.310654,0.031903,72.107829
7,1,0.310654,0.027414,72.106708
8,1,0.310654,0.027217,72.106708
9,1,0.310654,0.030219,72.393344
10,1,0.310654,0.029883,72.365806
1,2,0.310654,0.046999,73.787061
2,2,0.310654,0.046558,73.787061
3,2,0.310654,0.046342,73.926988
4,2,0.310654,0.045575,73.926988
5,2,0.310654,0.046666,73.966276
6,2,0.310654,0.049789,74.195465
7,2,0.310654,0.046773,74.195465
8,2,0.310654,0.049408,74.195465
9,2,0.310654,0.049408,74.195465
10,2,0.310654,0.048146,74.195465
1,3,0.310654,0.021853,74.461856
2,3,0.310654,0.023270,74.620906
3,3,0.310654,0.022371,74.919039
4,3,0.310654,0.022371,74.678468
5,3,0.310654,0.022504,74.920495
6,3,0.310654,0.023143,74.617513
7,3,0.310654,0.022760,74.523418
8,3,0.310654,0.024387,74.728398
9,3,0.310654,0.022823,74.601481
10,3,0.310654,0.023668,74.757461
1,4,0.310654,0.048919,63.309400
2,4,0.310654,0.048919,63.309400
3,4,0.310654,0.054128,63.374898
4,4,0.310654,0.054128,63.374898
5,4,0.310654,0.050810,62.913602
6,4,0.310654,0.048626,62.913602
7,4,0.310654,0.048113,63.012344
8,4,0.310654,0.046743,62.904920
9,4,0.310654,0.046743,62.721169
10,4,0.310654,0.048853,62.878446
1,5,0.310654,0.029898,76.888973
2,5,0.310654,0.030431,76.888973
3,5,0.310654,0.031138,77.067964
4,5,0.310654,0.031138,76.975020
5,5,0.310654,0.031647,76.924536
6,5,0.310654,0.031647,76.924536
7,5,0.310654,0.031647,76.924536
8,5,0.310654,0.029288,76.650369
9,5,0.310654,0.032073,76.824560
10,5,0.310654,0.032073,76.824560
1,6,0.311203,0.074421,60.018676
2,6,0.311203,0.070096,59.786238
3,6,0.311203,0.070096,59.846485
4,6,0.311203,0.072624,59.697302
5,6,0.311203,0.072459,60.133143
6,6,0.311203,0.072459,60.133143
7,6,0.311203,0.075317,60.124828
8,6,0.311203,0.077496,60.537290
9,6,0.311203,0.075792,59.978130
10,6,0.311203,0.070080,59.647813
1,7,0.310654,0.042456,63.393745
2,7,0.310654,0.041886,63.393745
3,7,0.310654,0.041886,63.384238
4,7,0.310654,0.042215,63.384238
5,7,0.310654,0.042215,63.384238
6,7,0.310654,0.042215,63.387178
7,7,0.310654,0.042215,63.387178
8,7,0.310654,0.042215,63.409623
9,7,0.310654,0.042215,63.373887
10,7,0.310654,0.042215,63.373887
1,8,0.310654,0.042724,58.591061
2,8,0.310654,0.042005,58.925847
3,8,0.310654,0.042005,58.925847
4,8,0.310654,0.041791,59.200637
5,8,0.310654,0.041767,58.835219
6,8,0.310654,0.042412,58.793420
7,8,0.310654,0.042412,58.780845
8,8,0.310654,0.042060,58.857831
9,8,0.310654,0.041496,58.600058
10,8,0.310654,0.041614,58.634566
1,9,0.309457,0.046556,63.988113
2,9,0.309457,0.046556,63.988113
3,9,0.309457,0.046574,64.039844
4,9,0.309457,0.046304,64.039844
5,9,0.309457,0.046304,64.039844
6,9,0.309457,0.047663,64.039844
7,9,0.309457,0.046397,64.039844
8,9,0.309457,0.046397,64.039844
9,9,0.309457,0.048052,64.185610
10,9,0.309457,0.046469,64.033125
1,10,0.310654,0.019715,78.329263
2,10,0.310654,0.020900,78.431252
3,10,0.310654,0.020293,77.978871
4,10,0.310654,0.020293,78.079957
5,10,0.310654,0.020317,78.079957
6,10,0.310654,0.021042,78.325143
7,10,0.310654,0.020517,78.214282
8,10,0.310654,0.021007,77.960305
9,10,0.310654,0.019945,77.960305
10,10,0.310654,0.020432,77.652166
1,11,0.310654,0.084494,65.349594
2,11,0.310654,0.080513,65.349594
3,11,0.310654,0.079476,65.169011
4,11,0.310654,0.091451,64.791337
5,11,0.310654,0.088661,64.919913
6,11,0.310654,0.089174,65.143702
7,11,0.310654,0.084534,65.183702
8,11,0.310654,0.084534,65.183702
9,11,0.310654,0.084238,64.929141
10,11,0.310654,0.086741,64.828602
1,12,0.310654,0.039039,75.761757
2,12,0.310654,0.040101,76.194053
3,12,0.310654,0.039794,76.171542
4,12,0.310654,0.038268,76.171542
5,12,0.310654,0.037210,76.007307
6,12,0.310654,0.037210,75.737478
7,12,0.310654,0.038786,75.777776
8,12,0.310654,0.038487,76.102658
9,12,0.310654,0.038318,76.102658
10,12,0.310654,0.037443,75.642221
1,13,0.310938,0.061197,70.550190
2,13,0.310938,0.061197,70.486059
3,13,0.310938,0.061197,70.486059
4,13,0.310938,0.058139,70.379264
5,13,0.310938,0.060281,70.512436
6,13,0.310938,0.060281,70.512436
7,13,0.310938,0.058054,70.512436
8,13,0.310938,0.059103,70.520131
9,13,0.310938,0.059971,70.520131
10,13,0.310938,0.059971,70.520131
1,14,0.310561,0.081580,68.121172
2,14,0.310561,0.080556,68.083219
3,14,0.310561,0.080379,67.890066
4,14,0.310561,0.080700,68.005835
5,14,0.310561,0.082372,68.079312
6,14,0.310561,0.086040,68.067309
7,14,0.310561,0.086040,68.067309
8,14,0.310561,0.086040,68.306220
9,14,0.310561,0.086040,68.306220
10,14,0.310561,0.085076,68.009011
1,15,0.310654,0.051939,81.494798
2,15,0.310654,0.051939,81.494798
3,15,0.310654,0.051939,81.584499
4,15,0.310654,0.053545,81.578003
5,15,0.310654,0.051481,81.683498
6,15,0.310654,0.055115,81.683498
7,15,0.310654,0.051946,81.620597
8,15,0.310654,0.053553,81.700750
9,15,0.310654,0.050164,81.406397
10,15,0.310654,0.049061,81.336563
1,16,0.310654,0.036984,59.165259
2,16,0.310654,0.037600,59.343651
3,16,0.310654,0.037136,59.343651
4,16,0.310654,0.036973,59.381406
5,16,0.310654,0.036973,59.381406
6,16,0.310654,0.036973,59.381406
7,16,0.310654,0.036257,59.139347
8,16,0.310654,0.036773,59.350336
9,16,0.310654,0.035917,59.081382
10,16,0.310654,0.035945,59.013339
1,17,0.311410,0.049819,71.729549
2,17,0.311410,0.050700,71.729549
3,17,0.311410,0.049998,71.939172
4,17,0.311410,0.049998,71.740274
5,17,0.311410,0.050588,71.937947
6,17,0.311410,0.050982,71.749950
7,17,0.311410,0.051991,71.706639
8,17,0.311410,0.049665,71.706639
9,17,0.311410,0.049665,71.908920
10,17,0.311410,0.051447,71.745237
1,18,0.310837,0.038276,58.185051
2,18,0.310837,0.038276,58.285934
3,18,0.310837,0.037098,58.166052
4,18,0.310837,0.038192,58.086377
5,18,0.310837,0.038192,58.469892
6,18,0.310837,0.038192,58.129451
7,18,0.310837,0.039136,58.416487
8,18,0.310837,0.036033,58.070122
9,18,0.310837,0.039444,58.212105
10,18,0.310837,0.038482,58.212105
1,19,0.310654,0.041383,76.590804
2,19,0.310654,0.040809,76.501602
3,19,0.310654,0.040490,76.499231
4,19,0.310654,0.040490,76.534715
5,19,0.310654,0.040490,76.506374
6,19,0.310654,0.041070,76.433855
7,19,0.310654,0.041092,76.602002
8,19,0.310654,0.041779,76.602002
9,19,0.310654,0.040153,76.602002
10,19,0.310654,0.042316,76.606354
1,20,0.310654,0.038483,64.756319
2,20,0.310654,0.037860,64.756319
3,20,0.310654,0.037860,64.718916
4,20,0.310654,0.037860,64.718916
5,20,0.310654,0.039018,64.888894
6,20,0.310654,0.038800,64.779333
7,20,0.310654,0.037579,64.779333
8,20,0.310654,0.037579,64.779333
9,20,0.310654,0.037579,64.779333
10,20,0.310654,0.038388,64.899243
1,21,0.310654,0.041362,66.442758
2,21,0.310654,0.041413,66.568992
3,21,0.310654,0.041400,67.265179
4,21,0.310654,0.039462,66.936184
5,21,0.310654,0.039462,66.439758
6,21,0.310654,0.039462,66.439758
7,21,0.310654,0.040010,66.587713
8,21,0.310654,0.040010,66.587713
9,21,0.310654,0.039561,66.326146
10,21,0.310654,0.040824,66.595837
1,22,0.310654,0.013357,81.246960
2,22,0.310654,0.013996,81.051827
3,22,0.310654,0.014803,80.868464
4,22,0.310654,0.014803,80.843480
5,22,0.310654,0.013738,81.296937
6,22,0.310654,0.012875,81.721525
7,22,0.310654,0.015257,80.201775
8,22,0.310654,0.014856,81.178982
9,22,0.310654,0.014856,80.597288
10,22,0.310654,0.015440,80.950645
1,23,0.310654,0.027957,69.492016
2,23,0.310654,0.030006,69.504718
3,23,0.310654,0.028379,69.587025
4,23,0.310654,0.029009,69.752986
5,23,0.310654,0.030114,69.752986
6,23,0.310654,0.030114,69.752986
7,23,0.310654,0.029355,69.458634
8,23,0.310654,0.028395,69.366251
9,23,0.310654,0.027274,69.106692
10,23,0.310654,0.027501,69.328570
1,24,0.309127,0.010485,82.035940
2,24,0.309127,0.012271,80.930242
3,24,0.309127,0.011683,80.820071
4,24,0.309127,0.011658,81.598345
5,24,0.309127,0.011842,80.931999
6,24,0.309127,0.011716,81.725175
7,24,0.309127,0.010345,82.277460
8,24,0.309127,0.010630,81.849134
9,24,0.309127,0.010936,82.239004
10,24,0.309127,0.010746,82.365546
1,25,0.310654,0.031364,75.396702
2,25,0.310654,0.032317,75.530277
3,25,0.310654,0.031392,75.501969
4,25,0.310654,0.030874,75.525303
5,25,0.310654,0.030707,75.334780
6,25,0.310654,0.032716,75.308315
7,25,0.310654,0.032099,75.169469
8,25,0.310654,0.028559,75.575805
9,25,0.310654,0.027332,75.575805
10,25,0.310654,0.027332,75.394394
1,26,0.310654,0.080686,74.885184
2,26,0.310654,0.081861,74.812059
3,26,0.310654,0.084614,74.812059
4,26,0.310654,0.084859,74.812059
5,26,0.310654,0.081971,74.940890
6,26,0.310654,0.081703,74.940890
7,26,0.310654,0.081703,74.940890
8,26,0.310654,0.081703,74.940890
9,26,0.310654,0.086750,74.902757
10,26,0.310654,0.075176,75.198645
1,27,0.310654,0.029550,69.458529
2,27,0.310654,0.029984,69.527811
3,27,0.310654,0.029984,69.527811
4,27,0.310654,0.028615,69.366006
5,27,0.310654,0.028615,69.366006
6,27,0.310654,0.028615,69.366006
7,27,0.310654,0.028485,69.326389
8,27,0.310654,0.028827,69.220064
9,27,0.310654,0.028827,69.220064
10,27,0.310654,0.028827,69.220064
1,28,0.310654,0.050198,72.101822
2,28,0.310654,0.050198,72.392781
3,28,0.310654,0.050932,72.392781
4,28,0.310654,0.051304,72.324357
5,28,0.310654,0.051165,72.324357
6,28,0.310654,0.051196,72.343276
7,28,0.310654,0.051196,72.416757
8,28,0.310654,0.051116,72.345516
9,28,0.310654,0.047257,72.094908
10,28,0.310654,0.047257,71.998206
1,29,0.310014,0.071023,78.382608
2,29,0.310014,0.071023,78.435072
3,29,0.310014,0.071631,78.498827
4,29,0.310014,0.071631,78.498827
5,29,0.310014,0.069969,78.498827
6,29,0.310014,0.069969,78.454697
7,29,0.310014,0.069969,78.454697
8,29,0.310014,0.072692,78.454697
9,29,0.310014,0.074304,78.454697
10,29,0.310014,0.069741,78.454697
1,30,0.309739,0.025195,68.740763
2,30,0.309739,0.024410,68.365700
3,30,0.309739,0.024410,68.365700
4,30,0.309739,0.025235,68.639132
5,30,0.309739,0.025328,68.572108
6,30,0.309739,0.025133,68.572108
7,30,0.309739,0.025133,68.731718
8,30,0.309739,0.025133,68.456207
9,30,0.309739,0.025027,68.459623
10,30,0.309739,0.025455,68.755540
1,31,0.310654,0.068447,64.587237
2,31,0.310654,0.068447,64.587237
3,31,0.310654,0.068447,64.587237
4,31,0.310654,0.068447,64.587237
5,31,0.310654,0.062500,64.623911
6,31,0.310654,0.061635,64.178235
7,31,0.310654,0.061635,64.572750
8,31,0.310654,0.063848,64.644668
9,31,0.310654,0.061632,64.539436
10,31,0.310654,0.061882,64.538962
1,32,0.310654,0.057646,72.604432
2,32,0.310654,0.054883,72.494946
3,32,0.310654,0.055266,72.899827
4,32,0.310654,0.052711,72.331741
5,32,0.310654,0.053890,72.422216
6,32,0.310654,0.053890,72.489738
7,32,0.310654,0.052860,72.647524
8,32,0.310654,0.053613,72.764951
9,32,0.310654,0.054143,72.189415
10,32,0.310654,0.052709,72.189415
1,33,0.310654,0.028088,73.818122
2,33,0.310654,0.028088,73.987551
3,33,0.310654,0.027198,74.206253
4,33,0.310654,0.025747,74.515451
5,33,0.310654,0.028996,73.841196
6,33,0.310654,0.029414,73.970155
7,33,0.310654,0.029187,73.906855
8,33,0.310654,0.029704,73.897897
9,33,0.310654,0.026610,74.492078
10,33,0.310654,0.029306,74.377997
1,34,0.310654,0.043349,67.071270
2,34,0.310654,0.043091,67.071270
3,34,0.310654,0.046352,67.071270
4,34,0.310654,0.045812,67.098220
5,34,0.310654,0.045823,67.098220
6,34,0.310654,0.044288,67.098220
7,34,0.310654,0.044288,67.098220
8,34,0.310654,0.044793,66.946736
9,34,0.310654,0.044842,66.946736
10,34,0.310654,0.044842,66.946736
1,35,0.310654,0.043285,73.837877
2,35,0.310654,0.043463,73.837877
3,35,0.310654,0.042548,73.817472
4,35,0.310654,0.044889,73.936372
5,35,0.310654,0.044889,73.878652
6,35,0.310654,0.044412,73.832278
7,35,0.310654,0.044375,73.832278
8,35,0.310654,0.043700,73.898248
9,35,0.310654,0.043700,73.898248
10,35,0.310654,0.043700,73.740751
1,36,0.310654,0.035891,68.644787
2,36,0.310654,0.035941,68.755282
3,36,0.310654,0.035941,68.755282
4,36,0.310654,0.035406,68.755282
5,36,0.310654,0.036334,68.755282
6,36,0.310654,0.037381,68.755282
7,36,0.310654,0.037381,68.526406
8,36,0.310654,0.035714,68.700214
9,36,0.310654,0.035714,68.700214
10,36,0.310654,0.036051,69.028410
1,37,0.310654,0.026923,64.474864
2,37,0.310654,0.026895,64.474864
3,37,0.310654,0.026744,64.375400
4,37,0.310654,0.027621,64.784375
5,37,0.310654,0.026522,64.510199
6,37,0.310654,0.026522,64.510199
7,37,0.310654,0.026386,64.403382
8,37,0.310654,0.025843,64.111889
9,37,0.310654,0.025843,64.111889
10,37,0.310654,0.025843,64.111889
1,38,0.310654,0.075326,67.575617
2,38,0.310654,0.071957,67.655646
3,38,0.310654,0.076435,68.061341
4,38,0.310654,0.076435,67.561427
5,38,0.310654,0.071547,67.353405
6,38,0.310654,0.067331,67.018925
7,38,0.310654,0.067697,67.062216
8,38,0.310654,0.068422,66.666578
9,38,0.310654,0.066614,66.919751
10,38,0.310654,0.070520,67.276867
1,39,0.310654,0.036170,73.020022
2,39,0.310654,0.036170,73.196747
3,39,0.310654,0.036170,73.318769
4,39,0.310654,0.034566,72.815908
5,39,0.310654,0.034634,73.054030
6,39,0.310654,0.033846,72.948248
7,39,0.310654,0.036031,73.222170
8,39,0.310654,0.036031,73.222170
9,39,0.310654,0.035975,73.222170
10,39,0.310654,0.035975,73.165862
1,40,0.310662,0.070190,65.160646
2,40,0.310662,0.070190,65.160646
3,40,0.310662,0.070190,65.160646
4,40,0.310662,0.068731,65.160646
5,40,0.310662,0.068264,65.160646
6,40,0.310662,0.069140,65.224736
7,40,0.310662,0.068454,65.224736
8,40,0.310662,0.068454,65.350091
9,40,0.310662,0.069624,65.203328
10,40,0.310662,0.069624,65.203328
1,41,0.310654,0.027728,70.491856
2,41,0.310654,0.028522,70.375460
3,41,0.310654,0.025900,70.522635
4,41,0.310654,0.026438,70.522635
5,41,0.310654,0.027409,70.331415
6,41,0.310654,0.027391,70.517777
7,41,0.310654,0.028425,70.690595
8,41,0.310654,0.029046,70.638873
9,41,0.310654,0.028436,70.648518
10,41,0.310654,0.028307,70.474585
1,42,0.311234,0.093474,69.535940
2,42,0.311234,0.093474,69.558346
3,42,0.311234,0.093499,69.558346
4,42,0.311234,0.094354,69.605395
5,42,0.311234,0.097249,69.605395
6,42,0.311234,0.097249,69.605395
7,42,0.311234,0.097249,69.605395
8,42,0.311234,0.094207,69.590352
9,42,0.311234,0.093409,69.590352
10,42,0.311234,0.093409,69.590352
1,43,0.310654,0.060901,71.803798
2,43,0.310654,0.060901,71.774421
3,43,0.310654,0.060901,71.774421
4,43,0.310654,0.060424,71.774421
5,43,0.310654,0.060424,71.842946
6,43,0.310654,0.059458,71.745032
7,43,0.310654,0.059029,71.793944
8,43,0.310654,0.059029,71.793944
9,43,0.310654,0.060920,71.847211
10,43,0.310654,0.060284,71.796382
1,44,0.311023,0.042447,60.393148
2,44,0.311023,0.042447,60.393148
3,44,0.311023,0.042447,60.393148
4,44,0.311023,0.041989,60.463057
5,44,0.311023,0.041989,60.410044
6,44,0.311023,0.041989,60.361811
7,44,0.311023,0.041989,60.361811
8,44,0.311023,0.041989,60.361811
9,44,0.311023,0.041989,60.361811
10,44,0.311023,0.041837,60.361811
1,45,0.310654,0.061666,71.361331
2,45,0.310654,0.061342,71.305069
3,45,0.310654,0.062953,71.633294
4,45,0.310654,0.062953,71.633294
5,45,0.310654,0.063155,71.211370
6,45,0.310654,0.063155,71.418561
7,45,0.310654,0.063155,71.418561
8,45,0.310654,0.063155,71.554228
9,45,0.310654,0.063155,71.554228
10,45,0.310654,0.065013,71.582983
1,46,0.310654,0.044817,67.878157
2,46,0.310654,0.042883,67.817523
3,46,0.310654,0.044587,67.817523
4,46,0.310654,0.044587,67.764718
5,46,0.310654,0.045365,67.856244
6,46,0.310654,0.044759,67.856244
7,46,0.310654,0.044738,67.785473
8,46,0.310654,0.044133,67.708469
9,46,0.310654,0.044133,67.894500
10,46,0.310654,0.046233,68.038397
1,47,0.311684,0.057501,71.375810
2,47,0.311684,0.056958,71.375810
3,47,0.311684,0.056958,71.375810
4,47,0.311684,0.056958,71.352214
5,47,0.311684,0.056958,71.352214
6,47,0.311684,0.056958,71.352214
7,47,0.311684,0.056958,71.442093
8,47,0.311684,0.056943,71.433611
9,47,0.311684,0.059929,71.433611
10,47,0.311684,0.059929,71.433611
1,48,0.310654,0.026875,75.762578
2,48,0.310654,0.026875,75.932845
3,48,0.310654,0.026875,75.932845
4,48,0.310654,0.026734,75.889899
5,48,0.310654,0.026734,75.763248
6,48,0.310654,0.026734,75.955112
7,48,0.310654,0.027506,76.160234
8,48,0.310654,0.027506,75.647992
9,48,0.310654,0.027037,75.970177
10,48,0.310654,0.027336,75.643268
1,49,0.310654,0.059938,75.432067
2,49,0.310654,0.058872,75.432067
3,49,0.310654,0.050974,75.034358
4,49,0.310654,0.052663,75.402064
5,49,0.310654,0.052325,75.075497
6,49,0.310654,0.059177,75.469128
7,49,0.310654,0.063290,75.337470
8,49,0.310654,0.064932,75.119513
9,49,0.310654,0.064932,75.109946
10,49,0.310654,0.058239,75.109946
1,50,0.310654,0.070325,71.710443
2,50,0.310654,0.067049,71.710443
3,50,0.310654,0.067049,71.710443
4,50,0.310654,0.067049,71.646763
5,50,0.310654,0.069124,71.802956
6,50,0.310654,0.069124,71.802956
7,50,0.310654,0.068872,71.568063
8,50,0.310654,0.068872,71.785735
9,50,0.310654,0.068183,71.785735
10,50,0.310654,0.066453,71.675992
1,51,0.310654,0.042279,68.759282
2,51,0.310654,0.041759,68.992983
3,51,0.310654,0.042686,68.992983
4,51,0.310654,0.042686,69.049997
5,51,0.310654,0.042686,69.049997
6,51,0.310654,0.042686,69.049997
7,51,0.310654,0.042469,69.052509
8,51,0.310654,0.041793,68.730417
9,51,0.310654,0.041491,68.712965
10,51,0.310654,0.043710,69.155946
1,52,0.310807,0.056897,66.779533
2,52,0.310807,0.058612,67.031947
3,52,0.310807,0.059022,67.031947
4,52,0.310807,0.059736,66.996851
5,52,0.310807,0.058349,66.996851
6,52,0.310807,0.058349,66.996851
7,52,0.310807,0.058349,67.028496
8,52,0.310807,0.058349,66.784312
9,52,0.310807,0.058349,66.827452
10,52,0.310807,0.056887,66.885524
1,53,0.310654,0.064981,68.005844
2,53,0.310654,0.066652,67.894641
3,53,0.310654,0.066652,67.792912
4,53,0.310654,0.062891,67.768703
5,53,0.310654,0.062891,67.768703
6,53,0.310654,0.060654,67.452985
7,53,0.310654,0.060654,67.452985
8,53,0.310654,0.060727,67.452985
9,53,0.310654,0.060727,67.452985
10,53,0.310654,0.060727,67.406340
1,54,0.310654,0.035887,74.512992
2,54,0.310654,0.036464,74.290345
3,54,0.310654,0.037460,74.290345
4,54,0.310654,0.035725,74.290345
5,54,0.310654,0.037056,74.442190
6,54,0.310654,0.037056,74.442190
7,54,0.310654,0.037877,74.442190
8,54,0.310654,0.037877,74.405568
9,54,0.310654,0.035053,74.405568
10,54,0.310654,0.033341,74.084392
1,55,0.310667,0.070057,63.763840
2,55,0.310667,0.070057,63.763840
3,55,0.310667,0.070720,63.805273
4,55,0.310667,0.070720,63.805273
5,55,0.310667,0.070720,63.805273
6,55,0.310667,0.070720,63.805273
7,55,0.310667,0.070720,63.805273
8,55,0.310667,0.070720,63.805273
9,55,0.310667,0.070720,63.786657
10,55,0.310667,0.070478,63.816866
1,56,0.310654,0.064193,72.156833
2,56,0.310654,0.063607,72.241912
3,56,0.310654,0.064252,72.061253
4,56,0.310654,0.064445,72.287465
5,56,0.310654,0.062674,72.083931
6,56,0.310654,0.062657,72.221173
7,56,0.310654,0.061982,71.792463
8,56,0.310654,0.061982,71.835755
9,56,0.310654,0.061982,71.818196
10,56,0.310654,0.062026,72.175271
1,57,0.310654,0.041573,71.420578
2,57,0.310654,0.041573,71.488651
3,57,0.310654,0.041573,71.488651
4,57,0.310654,0.041855,71.245923
5,57,0.310654,0.041855,71.245923
6,57,0.310654,0.041995,71.296912
7,57,0.310654,0.041317,71.513863
8,57,0.310654,0.041296,71.513863
9,57,0.310654,0.039601,71.344700
10,57,0.310654,0.041186,71.324699
1,58,0.311053,0.023104,63.185260
2,58,0.311053,0.022682,62.748800
3,58,0.311053,0.022607,63.059797
4,58,0.311053,0.023396,63.040343
5,58,0.311053,0.022877,62.456683
6,58,0.311053,0.021358,62.529938
7,58,0.311053,0.021346,62.453794
8,58,0.311053,0.021086,62.145779
9,58,0.311053,0.020877,62.727202
10,58,0.311053,0.020818,62.913657
1,59,0.310654,0.043259,78.056208
2,59,0.310654,0.044196,78.396521
3,59,0.310654,0.046144,78.307779
4,59,0.310654,0.041996,78.294406
5,59,0.310654,0.042018,78.317208
6,59,0.310654,0.043734,77.961226
7,59,0.310654,0.043505,78.030759
8,59,0.310654,0.044888,78.198321
9,59,0.310654,0.044888,78.198321
10,59,0.310654,0.044686,78.270067
1,60,0.310654,0.073235,72.739891
2,60,0.310654,0.073235,72.739891
3,60,0.310654,0.073235,72.584033
4,60,0.310654,0.073235,72.584033
5,60,0.310654,0.070671,72.716234
6,60,0.310654,0.073385,72.732304
7,60,0.310654,0.069331,72.357317
8,60,0.310654,0.069331,72.354152
9,60,0.310654,0.074168,72.354152
10,60,0.310654,0.074464,72.308082
1,61,0.311090,0.065364,64.211092
2,61,0.311090,0.065364,64.211092
3,61,0.311090,0.065364,64.211092
4,61,0.311090,0.070156,64.344778
5,61,0.311090,0.066246,64.344778
6,61,0.311090,0.066246,64.139242
7,61,0.311090,0.066246,64.197224
8,61,0.311090,0.067369,64.281584
9,61,0.311090,0.067369,64.281584
10,61,0.311090,0.069302,64.281584
1,62,0.311286,0.082627,81.925093
2,62,0.311286,0.082627,81.925093
3,62,0.311286,0.080256,81.925093
4,62,0.311286,0.080623,81.847637
5,62,0.311286,0.081537,81.782242
6,62,0.311286,0.081977,81.942183
7,62,0.311286,0.081977,81.942183
8,62,0.311286,0.085416,82.015298
9,62,0.311286,0.085416,82.015298
10,62,0.311286,0.084486,82.015298
1,63,0.310654,0.021170,66.898009
2,63,0.310654,0.021170,66.886803
3,63,0.310654,0.021259,66.788060
4,63,0.310654,0.021027,66.820914
5,63,0.310654,0.021027,66.820914
6,63,0.310654,0.021209,66.820914
7,63,0.310654,0.020968,66.627970
8,63,0.310654,0.020658,66.596257
9,63,0.310654,0.020629,66.596257
10,63,0.310654,0.020629,66.596257
1,64,0.310654,0.040791,72.863905
2,64,0.310654,0.039764,73.128411
3,64,0.310654,0.039930,73.251790
4,64,0.310654,0.039930,72.987851
5,64,0.310654,0.039930,72.788571
6,64,0.310654,0.041096,72.788571
7,64,0.310654,0.041114,73.071361
8,64,0.310654,0.041114,73.071361
9,64,0.310654,0.040829,72.971804
10,64,0.310654,0.042193,73.244860
1,65,0.310654,0.040636,79.944372
2,65,0.310654,0.040636,79.944372
3,65,0.310654,0.040636,79.922601
4,65,0.310654,0.039415,80.076006
5,65,0.310654,0.041815,79.993774
6,65,0.310654,0.041050,79.993774
7,65,0.310654,0.041201,80.178361
8,65,0.310654,0.041806,80.178361
9,65,0.310654,0.041806,80.178361
10,65,0.310654,0.041806,80.178361
1,66,0.310623,0.069354,71.833010
2,66,0.310623,0.069354,71.748899
3,66,0.310623,0.068515,71.777203
4,66,0.310623,0.068559,71.777203
5,66,0.310623,0.069304,71.777203
6,66,0.310623,0.071041,71.936810
7,66,0.310623,0.071176,71.964801
8,66,0.310623,0.071709,71.852490
9,66,0.310623,0.071709,71.852490
10,66,0.310623,0.071709,71.852490
1,67,0.310654,0.038867,86.939296
2,67,0.310654,0.038881,87.561930
3,67,0.310654,0.036791,87.406860
4,67,0.310654,0.034970,87.703220
5,67,0.310654,0.034643,88.224870
6,67,0.310654,0.035331,88.328506
7,67,0.310654,0.034669,88.640955
8,67,0.310654,0.033305,88.696981
9,67,0.310654,0.033602,88.725611
10,67,0.310654,0.033860,87.973469
1,68,0.310654,0.024495,76.777247
2,68,0.310654,0.024460,76.777247
3,68,0.310654,0.024460,76.777247
4,68,0.310654,0.023923,76.621279
5,68,0.310654,0.023478,76.278378
6,68,0.310654,0.023478,76.278378
7,68,0.310654,0.024634,76.987423
8,68,0.310654,0.023183,76.502099
9,68,0.310654,0.023181,76.842749
10,68,0.310654,0.027234,77.149154
1,69,0.310654,0.033290,77.661444
2,69,0.310654,0.031280,77.524090
3,69,0.310654,0.030061,77.239880
4,69,0.310654,0.030061,77.239880
5,69,0.310654,0.029819,77.239880
6,69,0.310654,0.028568,77.239880
7,69,0.310654,0.028568,77.268383
8,69,0.310654,0.029384,77.261990
9,69,0.310654,0.029485,77.009654
10,69,0.310654,0.029119,77.142867
1,70,0.310586,0.020753,77.369528
2,70,0.310586,0.020753,77.369528
3,70,0.310586,0.020778,77.043488
4,70,0.310586,0.022947,76.841626
5,70,0.310586,0.021592,77.303214
6,70,0.310586,0.022479,76.772002
7,70,0.310586,0.021290,76.964426
8,70,0.310586,0.022075,76.938152
9,70,0.310586,0.021798,77.186227
10,70,0.310586,0.022170,76.835468
1,71,0.310582,0.017763,78.614157
2,71,0.310582,0.017357,78.392610
3,71,0.310582,0.017764,78.584194
4,71,0.310582,0.016565,78.785999
5,71,0.310582,0.016565,78.792296
6,71,0.310582,0.017073,78.720884
7,71,0.310582,0.017197,78.720884
8,71,0.310582,0.017722,78.742229
9,71,0.310582,0.017514,78.293986
10,71,0.310582,0.016273,78.506273
1,72,0.310654,0.017228,69.945800
2,72,0.310654,0.017228,69.835602
3,72,0.310654,0.018307,70.102478
4,72,0.310654,0.018286,69.796696
5,72,0.310654,0.018887,70.040501
6,72,0.310654,0.018270,69.898010
7,72,0.310654,0.017935,69.786089
8,72,0.310654,0.017935,69.695916
9,72,0.310654,0.018167,69.883494
10,72,0.310654,0.018167,69.883494
1,73,0.310654,0.039306,70.307276
2,73,0.310654,0.039306,70.307276
3,73,0.310654,0.039305,70.375486
4,73,0.310654,0.041605,70.375486
5,73,0.310654,0.043589,70.552929
6,73,0.310654,0.043589,70.552929
7,73,0.310654,0.042718,70.488584
8,73,0.310654,0.041853,70.627867
9,73,0.310654,0.041604,70.605372
10,73,0.310654,0.040484,70.412696
1,74,0.310654,0.050718,76.485068
2,74,0.310654,0.050718,76.442234
3,74,0.310654,0.048522,76.659868
4,74,0.310654,0.047878,76.318022
5,74,0.310654,0.048137,76.510147
6,74,0.310654,0.048137,76.510147
7,74,0.310654,0.048137,76.510147
8,74,0.310654,0.047361,76.510147
9,74,0.310654,0.047361,76.510147
10,74,0.310654,0.047361,76.510147
1,75,0.310654,0.019928,73.004815
2,75,0.310654,0.019315,72.761622
3,75,0.310654,0.020632,72.853305
4,75,0.310654,0.019764,73.086085
5,75,0.310654,0.020862,73.086085
6,75,0.310654,0.019508,73.162452
7,75,0.310654,0.020334,72.990038
8,75,0.310654,0.020514,72.870660
9,75,0.310654,0.019679,72.870660
10,75,0.310654,0.019638,72.912565
1,76,0.310654,0.043634,74.482274
2,76,0.310654,0.043672,74.339909
3,76,0.310654,0.045963,74.023270
4,76,0.310654,0.045963,74.023270
5,76,0.310654,0.045963,74.023270
6,76,0.310654,0.044457,73.598233
7,76,0.310654,0.051470,73.331418
8,76,0.310654,0.053698,73.250692
9,76,0.310654,0.056153,73.124031
10,76,0.310654,0.055994,73.177458
1,77,0.310414,0.051046,63.523188
2,77,0.310414,0.050646,63.111158
3,77,0.310414,0.050630,63.177227
4,77,0.310414,0.050630,63.287990
5,77,0.310414,0.049510,63.385675
6,77,0.310414,0.052266,63.093387
7,77,0.310414,0.049616,63.093387
8,77,0.310414,0.049616,63.053215
9,77,0.310414,0.049616,63.053215
10,77,0.310414,0.049457,63.086831
1,78,0.310654,0.069402,76.157128
2,78,0.310654,0.069402,76.157128
3,78,0.310654,0.070327,76.041830
4,78,0.310654,0.065303,75.970507
5,78,0.310654,0.064450,75.880133
6,78,0.310654,0.067248,76.147821
7,78,0.310654,0.070076,76.147821
8,78,0.310654,0.070421,76.213926
9,78,0.310654,0.070862,75.989692
10,78,0.310654,0.068784,75.989692
1,79,0.310654,0.026840,69.377384
2,79,0.310654,0.026720,69.386624
3,79,0.310654,0.026448,69.386624
4,79,0.310654,0.025270,69.076435
5,79,0.310654,0.025270,69.076435
6,79,0.310654,0.025270,69.079429
7,79,0.310654,0.025854,69.236261
8,79,0.310654,0.025854,69.236261
9,79,0.310654,0.025212,69.226394
10,79,0.310654,0.024099,68.864569
1,80,0.310654,0.095658,80.129830
2,80,0.310654,0.095803,80.717646
3,80,0.310654,0.116471,81.073986
4,80,0.310654,0.103147,80.300233
5,80,0.310654,0.112690,79.979764
6,80,0.310654,0.106816,79.710160
7,80,0.310654,0.095763,79.995778
8,80,0.310654,0.095763,80.397441
9,80,0.310654,0.096244,82.113559
10,80,0.310654,0.102859,80.897332
1,81,0.310654,0.027216,65.133264
2,81,0.310654,0.027071,65.077345
3,81,0.310654,0.027071,65.102278
4,81,0.310654,0.026315,65.076775
5,81,0.310654,0.025604,64.819502
6,81,0.310654,0.025042,64.397876
7,81,0.310654,0.026084,64.871760
8,81,0.310654,0.026084,64.871760
9,81,0.310654,0.026084,64.871760
10,81,0.310654,0.023771,64.469631
1,82,0.310654,0.030074,72.513876
2,82,0.310654,0.030074,72.759701
3,82,0.310654,0.030074,72.759701
4,82,0.310654,0.030074,72.350967
5,82,0.310654,0.027286,72.231304
6,82,0.310654,0.029960,72.350608
7,82,0.310654,0.029566,72.427053
8,82,0.310654,0.029763,72.559167
9,82,0.310654,0.028827,72.420533
10,82,0.310654,0.029642,72.179585
1,83,0.310654,0.020120,74.787123
2,83,0.310654,0.019703,73.930801
3,83,0.310654,0.021980,73.461302
4,83,0.310654,0.024799,73.219044
5,83,0.310654,0.024436,72.939942
6,83,0.310654,0.023210,73.212342
7,83,0.310654,0.024125,73.077276
8,83,0.310654,0.024802,73.001297
9,83,0.310654,0.025393,72.452966
10,83,0.310654,0.025305,72.879799
1,84,0.310963,0.025841,65.410914
2,84,0.310963,0.025841,65.410914
3,84,0.310963,0.025841,65.324037
4,84,0.310963,0.025337,65.155015
5,84,0.310963,0.025337,65.159419
6,84,0.310963,0.025737,65.567536
7,84,0.310963,0.025737,65.567536
8,84,0.310963,0.025737,65.567536
9,84,0.310963,0.025175,65.369240
10,84,0.310963,0.025056,65.394471
1,85,0.310654,0.013489,73.486846
2,85,0.310654,0.013982,73.818572
3,85,0.310654,0.015285,73.386105
4,85,0.310654,0.014871,73.121580
5,85,0.310654,0.015431,73.675448
6,85,0.310654,0.015094,73.466340
7,85,0.310654,0.016748,73.498700
8,85,0.310654,0.013834,73.737767
9,85,0.310654,0.014440,73.527163
10,85,0.310654,0.013246,73.133300
1,86,0.310654,0.049914,75.047553
2,86,0.310654,0.051546,75.096216
3,86,0.310654,0.050772,75.096216
4,86,0.310654,0.050772,75.096216
5,86,0.310654,0.050410,74.986553
6,86,0.310654,0.049704,74.986553
7,86,0.310654,0.050539,75.122777
8,86,0.310654,0.050539,75.122777
9,86,0.310654,0.049438,75.122777
10,86,0.310654,0.049438,74.977764
1,87,0.312236,0.069322,63.472358
2,87,0.312236,0.069322,63.472358
3,87,0.312236,0.069322,63.472358
4,87,0.312236,0.068020,63.502254
5,87,0.312236,0.065462,63.457657
6,87,0.312236,0.065388,63.457657
7,87,0.312236,0.067865,63.457657
8,87,0.312236,0.066595,63.647454
9,87,0.312236,0.078077,63.647454
10,87,0.312236,0.078077,63.647454
1,88,0.310654,0.035270,70.317028
2,88,0.310654,0.035270,70.573481
3,88,0.310654,0.035270,70.645435
4,88,0.310654,0.034975,70.244354
5,88,0.310654,0.035714,70.244354
6,88,0.310654,0.035676,70.755746
7,88,0.310654,0.035676,70.755746
8,88,0.310654,0.036610,70.656901
9,88,0.310654,0.037128,71.248291
10,88,0.310654,0.038759,71.002997
1,89,0.310168,0.035290,58.540109
2,89,0.310168,0.035290,58.501394
3,89,0.310168,0.035290,58.828700
4,89,0.310168,0.036362,58.885072
5,89,0.310168,0.036362,58.800645
6,89,0.310168,0.036134,58.839830
7,89,0.310168,0.036134,58.804283
8,89,0.310168,0.036134,58.844963
9,89,0.310168,0.036134,58.711618
10,89,0.310168,0.037211,59.103487
1,90,0.310654,0.060927,78.714401
2,90,0.310654,0.057750,78.593441
3,90,0.310654,0.053411,78.593441
4,90,0.310654,0.055392,78.749295
5,90,0.310654,0.056209,78.643454
6,90,0.310654,0.055374,78.643454
7,90,0.310654,0.052868,78.968457
8,90,0.310654,0.051212,79.005659
9,90,0.310654,0.052559,78.869794
10,90,0.310654,0.055294,78.568355
1,91,0.310654,0.044173,78.039996
2,91,0.310654,0.041328,78.356391
3,91,0.310654,0.041770,78.699353
4,91,0.310654,0.040330,78.297098
5,91,0.310654,0.039318,78.285200
6,91,0.310654,0.038675,78.359958
7,91,0.310654,0.039514,78.534422
8,91,0.310654,0.044575,78.003517
9,91,0.310654,0.042256,77.975223
10,91,0.310654,0.042613,78.141228
1,92,0.310654,0.023324,63.764974
2,92,0.310654,0.023330,63.913602
3,92,0.310654,0.023184,63.625301
4,92,0.310654,0.022623,63.734504
5,92,0.310654,0.023843,64.033327
6,92,0.310654,0.023559,64.033327
7,92,0.310654,0.023977,64.033327
8,92,0.310654,0.024030,63.672780
9,92,0.310654,0.024030,63.672780
10,92,0.310654,0.024030,63.882819
1,93,0.310654,0.033960,62.305475
2,93,0.310654,0.032497,62.030297
3,93,0.310654,0.032497,62.030297
4,93,0.310654,0.033367,62.040757
5,93,0.310654,0.033367,62.040757
6,93,0.310654,0.033679,62.142203
7,93,0.310654,0.033091,61.831889
8,93,0.310654,0.034457,62.389943
9,93,0.310654,0.034806,62.414855
10,93,0.310654,0.034806,62.414855
1,94,0.310654,0.043743,80.185487
2,94,0.310654,0.041213,80.403008
3,94,0.310654,0.043906,80.182105
4,94,0.310654,0.042419,80.182105
5,94,0.310654,0.042419,80.393478
6,94,0.310654,0.040519,80.164455
7,94,0.310654,0.039454,80.171390
8,94,0.310654,0.039454,80.171390
9,94,0.310654,0.038647,79.975188
10,94,0.310654,0.038647,79.975188
1,95,0.310654,0.035115,65.455356
2,95,0.310654,0.035957,65.455356
3,95,0.310654,0.035957,65.553503
4,95,0.310654,0.035957,65.394323
5,95,0.310654,0.035957,65.394323
6,95,0.310654,0.035790,65.394323
7,95,0.310654,0.034713,65.394323
8,95,0.310654,0.034713,65.387775
9,95,0.310654,0.034713,65.387775
10,95,0.310654,0.034713,65.386497
1,96,0.310654,0.043723,66.931472
2,96,0.310654,0.047334,67.136740
3,96,0.310654,0.045937,67.419393
4,96,0.310654,0.046950,67.345176
5,96,0.310654,0.046500,67.096614
6,96,0.310654,0.047727,67.396759
7,96,0.310654,0.047727,67.593010
8,96,0.310654,0.047727,67.593010
9,96,0.310654,0.048435,67.508795
10,96,0.310654,0.047752,67.877576
1,97,0.310654,0.038977,72.700986
2,97,0.310654,0.036889,72.473370
3,97,0.310654,0.036889,72.309264
4,97,0.310654,0.036889,72.418249
5,97,0.310654,0.041557,72.418249
6,97,0.310654,0.039939,72.667014
7,97,0.310654,0.040492,72.613293
8,97,0.310654,0.038710,72.394518
9,97,0.310654,0.038710,72.394518
10,97,0.310654,0.038507,72.557331
1,98,0.311852,0.059480,63.460016
2,98,0.311852,0.059796,63.460016
3,98,0.311852,0.059796,63.460016
4,98,0.311852,0.059927,63.460016
5,98,0.311852,0.059655,63.460016
6,98,0.311852,0.059655,63.460016
7,98,0.311852,0.059655,63.456669
8,98,0.311852,0.059655,63.456669
9,98,0.311852,0.059655,63.456669
10,98,0.311852,0.059655,63.456669
1,99,0.310654,0.035945,77.771465
2,99,0.310654,0.033403,77.993516
3,99,0.310654,0.033403,77.866730
4,99,0.310654,0.031314,78.601235
5,99,0.310654,0.035324,78.295696
6,99,0.310654,0.033576,77.995243
7,99,0.310654,0.034766,78.370034
8,99,0.310654,0.034154,77.828342
9,99,0.310654,0.033619,78.334484
10,99,0.310654,0.034308,78.199987
1,100,0.310092,0.058372,68.593045
2,100,0.310092,0.058372,68.593045
3,100,0.310092,0.053842,68.520620
4,100,0.310092,0.057984,68.520620
5,100,0.310092,0.059616,68.668531
6,100,0.310092,0.057530,68.668531
7,100,0.310092,0.057679,68.496672
8,100,0.310092,0.054802,68.416858
9,100,0.310092,0.057047,68.578847
10,100,0.310092,0.056957,68.578847
1,101,0.310654,0.076164,67.541080
2,101,0.310654,0.076164,67.541080
3,101,0.310654,0.068383,67.658912
4,101,0.310654,0.072684,67.388472
5,101,0.310654,0.074550,67.388472
6,101,0.310654,0.067592,67.427739
7,101,0.310654,0.069049,67.259202
8,101,0.310654,0.070659,67.443629
9,101,0.310654,0.068404,67.377602
10,101,0.310654,0.067871,67.377602
1,102,0.310654,0.034661,77.918797
2,102,0.310654,0.034145,78.099929
3,102,0.310654,0.035809,77.639924
4,102,0.310654,0.043552,74.905945
5,102,0.310654,0.047536,75.084851
6,102,0.310654,0.044606,75.254886
7,102,0.310654,0.044851,75.472701
8,102,0.310654,0.045083,74.967942
9,102,0.310654,0.043413,75.337490
10,102,0.310654,0.041524,76.081073
1,103,0.310654,0.038941,82.748345
2,103,0.310654,0.042414,82.748345
3,103,0.310654,0.038246,82.480533
4,103,0.310654,0.041337,82.436143
5,103,0.310654,0.038004,82.569019
6,103,0.310654,0.038400,82.674011
7,103,0.310654,0.039172,82.719031
8,103,0.310654,0.037682,83.147532
9,103,0.310654,0.037682,83.013869
10,103,0.310654,0.037682,82.856703
1,104,0.310654,0.060701,66.790328
2,104,0.310654,0.060701,66.517378
3,104,0.310654,0.060934,66.647930
4,104,0.310654,0.061566,66.647930
5,104,0.310654,0.061566,66.647930
6,104,0.310654,0.059225,66.491078
7,104,0.310654,0.059225,66.491078
8,104,0.310654,0.059225,66.491078
9,104,0.310654,0.061098,66.473123
10,104,0.310654,0.059317,66.473123
1,105,0.310654,0.036438,82.780717
2,105,0.310654,0.036438,82.669422
3,105,0.310654,0.040332,82.112461
4,105,0.310654,0.040846,82.029673
5,105,0.310654,0.038377,82.095637
6,105,0.310654,0.041479,82.095637
7,105,0.310654,0.037125,82.046821
8,105,0.310654,0.041069,82.046821
9,105,0.310654,0.042118,81.825021
10,105,0.310654,0.042118,81.866033
1,106,0.310403,0.131222,73.277887
2,106,0.310403,0.120133,73.277887
3,106,0.310403,0.119523,73.277887
4,106,0.310403,0.126197,73.277887
5,106,0.310403,0.126197,73.277887
6,106,0.310403,0.122826,73.291636
7,106,0.310403,0.130926,73.291636
8,106,0.310403,0.119172,73.291636
9,106,0.310403,0.125145,73.291636
10,106,0.310403,0.125145,73.291636
1,107,0.310868,0.019825,59.949705
2,107,0.310868,0.019261,59.693251
3,107,0.310868,0.018842,59.479054
4,107,0.310868,0.018752,59.099157
5,107,0.310868,0.018755,59.518471
6,107,0.310868,0.018770,59.731847
7,107,0.310868,0.018339,59.654259
8,107,0.310868,0.018339,59.462711
9,107,0.310868,0.019345,59.659983
10,107,0.310868,0.019232,59.581596
1,108,0.310654,0.081307,68.272938
2,108,0.310654,0.077089,68.393251
3,108,0.310654,0.082209,68.393251
4,108,0.310654,0.077210,68.555077
5,108,0.310654,0.078085,68.748220
6,108,0.310654,0.072685,68.462616
7,108,0.310654,0.081739,68.473302
8,108,0.310654,0.076317,68.639889
9,108,0.310654,0.074566,68.639889
10,108,0.310654,0.079754,68.624653
1,109,0.310654,0.058321,67.431111
2,109,0.310654,0.058321,67.559851
3,109,0.310654,0.056238,67.559851
4,109,0.310654,0.056111,67.404996
5,109,0.310654,0.060958,67.525692
6,109,0.310654,0.060958,67.518092
7,109,0.310654,0.057233,67.518092
8,109,0.310654,0.055217,67.518092
9,109,0.310654,0.056472,67.275240
10,109,0.310654,0.055392,67.402980
1,110,0.310654,0.019560,65.087064
2,110,0.310654,0.018258,64.834583
3,110,0.310654,0.018258,64.545462
4,110,0.310654,0.018053,64.918218
5,110,0.310654,0.019111,64.758560
6,110,0.310654,0.019297,65.058762
7,110,0.310654,0.019416,64.899586
8,110,0.310654,0.018051,64.911663
9,110,0.310654,0.018051,64.855275
10,110,0.310654,0.018875,64.932290
1,111,0.310654,0.049377,57.248309
2,111,0.310654,0.048615,57.082245
3,111,0.310654,0.047370,56.855040
4,111,0.310654,0.048623,56.855040
5,111,0.310654,0.048623,56.855040
6,111,0.310654,0.043993,57.064073
7,111,0.310654,0.053040,57.064073
8,111,0.310654,0.047663,56.994202
9,111,0.310654,0.048517,57.071530
10,111,0.310654,0.048702,57.071530
1,112,0.310654,0.023487,69.805566
2,112,0.310654,0.022934,69.310431
3,112,0.310654,0.021816,69.310431
4,112,0.310654,0.023010,69.623971
5,112,0.310654,0.023661,69.608622
6,112,0.310654,0.022787,69.530963
7,112,0.310654,0.022564,69.304655
8,112,0.310654,0.022071,69.304655
9,112,0.310654,0.021960,69.292011
10,112,0.310654,0.021960,69.292011
1,113,0.310654,0.052096,69.346218
2,113,0.310654,0.052096,69.346218
3,113,0.310654,0.052096,69.346218
4,113,0.310654,0.051760,69.373672
5,113,0.310654,0.053388,69.373672
6,113,0.310654,0.053388,69.373672
7,113,0.310654,0.051361,69.022097
8,113,0.310654,0.051361,69.022097
9,113,0.310654,0.050713,69.022097
10,113,0.310654,0.052994,69.157195
1,114,0.310654,0.017679,68.262824
2,114,0.310654,0.018627,68.410064
3,114,0.310654,0.017995,67.845796
4,114,0.310654,0.018097,67.960224
5,114,0.310654,0.016361,68.235359
6,114,0.310654,0.016434,68.235359
7,114,0.310654,0.016281,67.609214
8,114,0.310654,0.016071,67.613225
9,114,0.310654,0.016071,67.844935
10,114,0.310654,0.016105,67.566795
1,115,0.310654,0.033678,70.988881
2,115,0.310654,0.033678,70.988881
3,115,0.310654,0.033884,70.930462
4,115,0.310654,0.032934,70.804878
5,115,0.310654,0.032804,70.918571
6,115,0.310654,0.032804,70.630489
7,115,0.310654,0.031963,70.629084
8,115,0.310654,0.033001,70.595669
9,115,0.310654,0.033001,70.590184
10,115,0.310654,0.033350,70.908301
1,116,0.310654,0.048248,63.334549
2,116,0.310654,0.047896,63.334549
3,116,0.310654,0.047896,63.334549
4,116,0.310654,0.046504,63.235067
5,116,0.310654,0.048992,63.441290
6,116,0.310654,0.047863,63.441290
7,116,0.310654,0.047863,63.441290
8,116,0.310654,0.047863,63.441290
9,116,0.310654,0.047863,63.441290
10,116,0.310654,0.049457,63.441290
1,117,0.310654,0.042788,80.542008
2,117,0.310654,0.044194,81.159133
3,117,0.310654,0.042236,80.689430
4,117,0.310654,0.044815,80.689430
5,117,0.310654,0.043880,80.689430
6,117,0.310654,0.041439,80.499517
7,117,0.310654,0.043688,80.894776
8,117,0.310654,0.043282,80.741019
9,117,0.310654,0.042142,81.155626
10,117,0.310654,0.040770,80.741687
1,118,0.309243,0.013873,88.682775
2,118,0.309243,0.013618,87.798127
3,118,0.309243,0.013469,88.401450
4,118,0.309243,0.015432,87.720111
5,118,0.309243,0.014549,87.050781
6,118,0.309243,0.014852,87.853226
7,118,0.309243,0.014887,87.860587
8,118,0.309243,0.015269,87.190659
9,118,0.309243,0.016108,87.226431
10,118,0.309243,0.016188,86.929269
1,119,0.311119,0.110887,64.252604
2,119,0.311119,0.113636,64.322641
3,119,0.311119,0.115187,64.320467
4,119,0.311119,0.112529,64.272072
5,119,0.311119,0.107261,64.231544
6,119,0.311119,0.107261,64.231544
7,119,0.311119,0.107433,64.231544
8,119,0.311119,0.115420,64.377463
9,119,0.311119,0.115420,64.377463
10,119,0.311119,0.113115,64.348208
1,120,0.310654,0.058332,84.876392
2,120,0.310654,0.061354,84.685345
3,120,0.310654,0.055382,84.687018
4,120,0.310654,0.062740,84.325202
5,120,0.310654,0.062200,83.774140
6,120,0.310654,0.079082,83.913181
7,120,0.310654,0.089844,82.859887
8,120,0.310654,0.099926,82.291609
9,120,0.310654,0.094512,81.813776
10,120,0.310654,0.094512,81.768381
1,121,0.310654,0.040235,67.940332
2,121,0.310654,0.037777,67.967475
3,121,0.310654,0.039143,67.971966
4,121,0.310654,0.039642,68.077808
5,121,0.310654,0.038176,67.799833
6,121,0.310654,0.037379,67.936806
7,121,0.310654,0.036570,67.936806
8,121,0.310654,0.036237,67.864705
9,121,0.310654,0.037851,68.136073
10,121,0.310654,0.037851,67.991168
1,122,0.310654,0.028794,85.169051
2,122,0.310654,0.029669,85.219551
3,122,0.310654,0.030880,85.014125
4,122,0.310654,0.030880,85.014125
5,122,0.310654,0.032581,84.714329
6,122,0.310654,0.033716,84.986754
7,122,0.310654,0.033716,84.640773
8,122,0.310654,0.034414,84.103073
9,122,0.310654,0.035365,84.484450
10,122,0.310654,0.034269,84.217260
1,123,0.310654,0.038313,86.488706
2,123,0.310654,0.039904,86.977628
3,123,0.310654,0.038406,86.544904
4,123,0.310654,0.045231,86.917066
5,123,0.310654,0.042165,86.732715
6,123,0.310654,0.042165,86.732715
7,123,0.310654,0.040790,86.598714
8,123,0.310654,0.044099,86.753419
9,123,0.310654,0.039900,86.753419
10,123,0.310654,0.037665,86.993211
1,124,0.310654,0.035516,80.593464
2,124,0.310654,0.036253,80.631306
3,124,0.310654,0.037497,80.631306
4,124,0.310654,0.039779,80.225057
5,124,0.310654,0.039779,80.603785
6,124,0.310654,0.040101,80.603785
7,124,0.310654,0.041805,80.814289
8,124,0.310654,0.039379,80.808410
9,124,0.310654,0.036761,80.688086
10,124,0.310654,0.036291,80.551478
1,125,0.310654,0.044388,74.999397
2,125,0.310654,0.041610,75.201201
3,125,0.310654,0.040876,75.303954
4,125,0.310654,0.048077,75.317637
5,125,0.310654,0.046850,74.983211
6,125,0.310654,0.042863,75.205516
7,125,0.310654,0.043268,75.120650
8,125,0.310654,0.045038,75.066920
9,125,0.310654,0.044841,75.015517
10,125,0.310654,0.044841,75.243510
1,126,0.310078,0.018975,73.657917
2,126,0.310654,0.017794,73.681821
3,126,0.310654,0.019561,73.713207
4,126,0.310654,0.018144,73.612888
5,126,0.310654,0.018492,73.751777
6,126,0.310654,0.019383,73.772115
7,126,0.310654,0.019564,73.484540
8,126,0.310654,0.019564,73.767910
9,126,0.310654,0.018332,73.756146
10,126,0.310654,0.017885,73.859028
1,127,0.310654,0.022446,81.517613
2,127,0.310654,0.022857,81.363129
3,127,0.310654,0.021426,82.028585
4,127,0.310654,0.021116,81.847351
5,127,0.310654,0.021269,81.713132
6,127,0.310654,0.020874,81.748794
7,127,0.310654,0.021385,81.430585
8,127,0.310654,0.020319,82.330351
9,127,0.310654,0.019916,82.528886
10,127,0.310654,0.019558,83.195625
1,128,0.311358,0.009854,85.556451
2,128,0.311358,0.010560,85.024968
3,128,0.311358,0.011239,85.294126
4,128,0.311358,0.010285,86.183585
5,128,0.311358,0.010075,84.899155
6,128,0.311358,0.010149,85.358642
7,128,0.311358,0.011037,86.094825
8,128,0.311358,0.011037,85.762372
9,128,0.311358,0.010935,85.683750
10,128,0.311358,0.011781,84.946379
1,129,0.310654,0.054118,84.035725
2,129,0.310654,0.056599,84.024936
3,129,0.310654,0.051991,84.042427
4,129,0.310654,0.052426,84.233703
5,129,0.310654,0.055212,84.050129
6,129,0.310654,0.055212,83.905892
7,129,0.310654,0.053578,84.277516
8,129,0.310654,0.053578,83.846308
9,129,0.310654,0.054559,84.092367
10,129,0.310654,0.058375,84.092367
1,130,0.310654,0.019204,85.248955
2,130,0.310654,0.018747,85.248955
3,130,0.310654,0.018628,84.999426
4,130,0.310654,0.017719,85.336927
5,130,0.310654,0.017707,86.027739
6,130,0.310654,0.017707,86.027739
7,130,0.310654,0.018218,86.125066
8,130,0.310654,0.018218,85.112298
9,130,0.310654,0.019103,85.129587
10,130,0.310654,0.019734,85.383307
1,131,0.309554,0.057540,62.396223
2,131,0.309554,0.057540,62.396223
3,131,0.309554,0.057579,62.398970
4,131,0.309554,0.057579,62.524575
5,131,0.309554,0.058662,62.513562
6,131,0.309554,0.058662,62.513562
7,131,0.309554,0.058662,62.513562
8,131,0.309554,0.058662,62.513562
9,131,0.309554,0.058072,62.588563
10,131,0.309554,0.058314,62.469567
1,132,0.310654,0.023483,70.111393
2,132,0.310654,0.024427,70.027356
3,132,0.310654,0.023305,70.302498
4,132,0.310654,0.022550,70.117074
5,132,0.310654,0.022550,70.117074
6,132,0.310654,0.022440,69.613923
7,132,0.310654,0.022440,69.822638
8,132,0.310654,0.021456,69.629674
9,132,0.310654,0.021313,69.429380
10,132,0.310654,0.021313,69.429380
1,133,0.309773,0.049412,71.621568
2,133,0.309773,0.049412,71.621568
3,133,0.309773,0.049412,71.621568
4,133,0.309773,0.047972,71.443587
5,133,0.309773,0.047972,71.443587
6,133,0.309773,0.047972,71.443587
7,133,0.309773,0.049452,71.757928
8,133,0.309773,0.049452,71.663906
9,133,0.309773,0.049480,71.653864
10,133,0.309773,0.049472,71.698589
1,134,0.310654,0.060880,75.627796
2,134,0.310654,0.058691,75.830187
3,134,0.310654,0.059365,75.846901
4,134,0.310654,0.059365,75.846901
5,134,0.310654,0.057971,76.152521
6,134,0.310654,0.060290,75.903979
7,134,0.310654,0.060290,76.044911
8,134,0.310654,0.060290,76.044911
9,134,0.310654,0.061063,75.753256
10,134,0.310654,0.059974,76.152433
1,135,0.310654,0.017073,77.857485
2,135,0.310654,0.016875,78.104498
3,135,0.310654,0.017237,77.632963
4,135,0.310654,0.015769,77.148308
5,135,0.310654,0.016003,77.294835
6,135,0.310654,0.016003,78.053709
7,135,0.310654,0.016183,77.932056
8,135,0.310654,0.017449,77.004825
9,135,0.310654,0.015768,77.858828
10,135,0.310654,0.015768,77.479010
1,136,0.311247,0.160975,69.361362
2,136,0.311247,0.156726,69.256942
3,136,0.311247,0.140998,69.316116
4,136,0.311247,0.123591,69.315082
5,136,0.311247,0.123591,69.315082
6,136,0.311247,0.123591,69.330518
7,136,0.311247,0.139050,69.397252
8,136,0.311247,0.148360,69.253969
9,136,0.311247,0.149085,69.429575
10,136,0.311247,0.131192,69.379675
1,137,0.310654,0.038974,75.624959
2,137,0.310654,0.038974,75.839902
3,137,0.310654,0.038387,75.839902
4,137,0.310654,0.038381,75.784098
5,137,0.310654,0.037901,75.648400
6,137,0.310654,0.040962,75.468282
7,137,0.310654,0.039056,75.511067
8,137,0.310654,0.040475,75.511067
9,137,0.310654,0.039645,75.627433
10,137,0.310654,0.041129,75.627433
1,138,0.310615,0.169677,66.461803
2,138,0.310615,0.204178,66.558255
3,138,0.310615,0.205763,66.558255
4,138,0.310615,0.199014,66.551488
5,138,0.310615,0.192921,66.551488
6,138,0.310615,0.217831,66.639581
7,138,0.310615,0.217649,66.639581
8,138,0.310615,0.218584,66.591710
9,138,0.310615,0.192422,66.579505
10,138,0.310615,0.210756,66.578424
1,139,0.310137,0.024084,55.578317
2,139,0.310137,0.024842,55.914342
3,139,0.310137,0.025705,55.822645
4,139,0.310137,0.025705,56.081237
5,139,0.310137,0.024923,55.748676
6,139,0.310137,0.024923,55.748676
7,139,0.310137,0.024680,55.439577
8,139,0.310137,0.024874,55.922947
9,139,0.310137,0.024874,55.655116
10,139,0.310137,0.024874,55.655116
1,140,0.310654,0.017302,81.251879
2,140,0.310654,0.017307,81.165378
3,140,0.310654,0.018254,81.059154
4,140,0.310654,0.015966,81.523591
5,140,0.310654,0.015765,81.892929
6,140,0.310654,0.015613,81.928403
7,140,0.310654,0.015840,82.148535
8,140,0.310654,0.015800,82.275883
9,140,0.310654,0.015423,81.845128
10,140,0.310654,0.016485,81.785728
1,141,0.310654,0.027471,71.239454
2,141,0.310654,0.028270,71.369682
3,141,0.310654,0.028270,71.432498
4,141,0.310654,0.028270,71.144958
5,141,0.310654,0.027774,71.277924
6,141,0.310654,0.027774,71.233231
7,141,0.310654,0.028477,71.447274
8,141,0.310654,0.028178,71.161113
9,141,0.310654,0.028178,71.087870
10,141,0.310654,0.027869,71.137565
1,142,0.310654,0.042558,58.716918
2,142,0.310654,0.044258,58.716918
3,142,0.310654,0.044258,58.716918
4,142,0.310654,0.044720,58.773240
5,142,0.310654,0.044200,58.711219
6,142,0.310654,0.042562,58.924447
7,142,0.310654,0.042562,58.542184
8,142,0.310654,0.042681,58.542184
9,142,0.310654,0.041843,58.542184
10,142,0.310654,0.041865,58.680578
1,143,0.310654,0.042005,75.611490
2,143,0.310654,0.042005,75.904638
3,143,0.310654,0.042038,75.969820
4,143,0.310654,0.042038,75.944484
5,143,0.310654,0.042038,75.944484
6,143,0.310654,0.042038,75.944484
7,143,0.310654,0.039128,76.131894
8,143,0.310654,0.039128,76.060566
9,143,0.310654,0.038914,76.060566
10,143,0.310654,0.037917,76.538048
1,144,0.310654,0.026330,66.172972
2,144,0.310654,0.026330,66.140392
3,144,0.310654,0.026330,66.140392
4,144,0.310654,0.026293,66.258400
5,144,0.310654,0.026361,66.427162
6,144,0.310654,0.026361,66.427162
7,144,0.310654,0.026766,66.691273
8,144,0.310654,0.026766,66.691273
9,144,0.310654,0.025505,65.827690
10,144,0.310654,0.025304,65.666854
1,145,0.310654,0.083512,77.989188
2,145,0.310654,0.040973,84.846928
3,145,0.310654,0.037230,83.559021
4,145,0.310654,0.036179,83.698665
5,145,0.310654,0.089165,77.650836
6,145,0.310654,0.079353,77.323965
7,145,0.310654,0.070658,77.881045
8,145,0.310654,0.081164,78.740368
9,145,0.310654,0.081468,79.089100
10,145,0.310654,0.067316,78.732329
1,146,0.310654,0.043622,67.639055
2,146,0.310654,0.042452,67.639055
3,146,0.310654,0.043224,67.814462
4,146,0.310654,0.044654,67.862246
5,146,0.310654,0.043568,67.862246
6,146,0.310654,0.043568,67.862246
7,146,0.310654,0.043568,67.862246
8,146,0.310654,0.042293,67.920184
9,146,0.310654,0.044048,68.018222
10,146,0.310654,0.043212,67.969974
1,147,0.310711,0.064563,58.555828
2,147,0.310711,0.064942,58.824454
3,147,0.310711,0.063504,58.824454
4,147,0.310711,0.064019,58.606777
5,147,0.310711,0.064019,58.606777
6,147,0.310711,0.065055,58.605267
7,147,0.310711,0.062954,58.605267
8,147,0.310711,0.065257,58.827284
9,147,0.310711,0.065257,58.933491
10,147,0.310711,0.063152,58.516007
1,148,0.310654,0.035229,68.886814
2,148,0.310654,0.035229,68.995490
3,148,0.310654,0.035229,68.995490
4,148,0.310654,0.035229,69.255557
5,148,0.310654,0.034182,69.276770
6,148,0.310654,0.035903,69.272470
7,148,0.310654,0.035101,69.272470
8,148,0.310654,0.035104,68.983657
9,148,0.310654,0.034403,68.837252
10,148,0.310654,0.034753,68.743183
1,149,0.309829,0.038967,73.192736
2,149,0.309829,0.043209,73.131873
3,149,0.309829,0.041253,73.189782
4,149,0.309829,0.039826,72.939332
5,149,0.309829,0.037119,72.939332
6,149,0.309829,0.037503,72.942885
7,149,0.309829,0.037503,72.942885
8,149,0.309829,0.037423,73.141907
9,149,0.309829,0.037332,73.141907
10,149,0.309829,0.042045,73.134945
1,150,0.310654,0.036053,73.684548
2,150,0.310654,0.036333,73.684548
3,150,0.310654,0.036333,73.270802
4,150,0.310654,0.042740,73.305986
5,150,0.310654,0.037894,73.369654
6,150,0.310654,0.037894,73.373258
7,150,0.310654,0.037357,73.352772
8,150,0.310654,0.039996,73.114254
9,150,0.310654,0.039996,73.114254
10,150,0.310654,0.038800,73.176876
1,151,0.311066,0.012393,84.744121
2,151,0.311066,0.012244,85.831569
3,151,0.311066,0.012244,85.831569
4,151,0.311066,0.011610,85.662655
5,151,0.311066,0.012811,85.070247
6,151,0.311066,0.012771,84.903546
7,151,0.311066,0.012897,85.088634
8,151,0.311066,0.013021,84.835182
9,151,0.311066,0.013021,85.112881
10,151,0.311066,0.012626,85.291582
1,152,0.310654,0.027147,71.511584
2,152,0.310654,0.027725,71.316348
3,152,0.310654,0.027725,71.624278
4,152,0.310654,0.027805,71.670840
5,152,0.310654,0.029062,71.670840
6,152,0.310654,0.028859,71.547669
7,152,0.310654,0.028859,71.835504
8,152,0.310654,0.028532,71.504877
9,152,0.310654,0.028594,71.557822
10,152,0.310654,0.028594,71.557822
1,153,0.310654,0.038524,75.650407
2,153,0.310654,0.038945,75.650407
3,153,0.310654,0.038945,75.611136
4,153,0.310654,0.038125,75.649296
5,153,0.310654,0.039482,75.649296
6,153,0.310654,0.037977,75.649296
7,153,0.310654,0.037478,75.649296
8,153,0.310654,0.037478,75.787713
9,153,0.310654,0.037645,75.551409
10,153,0.310654,0.038862,75.626114
1,154,0.310654,0.075497,82.171486
2,154,0.310654,0.071326,82.428613
3,154,0.310654,0.071326,82.093555
4,154,0.310654,0.071326,82.018227
5,154,0.310654,0.072728,82.237409
6,154,0.310654,0.068714,82.503537
7,154,0.310654,0.065955,82.936273
8,154,0.310654,0.068696,82.427482
9,154,0.310654,0.077724,82.059914
10,154,0.310654,0.075005,81.998086
1,155,0.310654,0.020936,76.234522
2,155,0.310654,0.020936,76.234522
3,155,0.310654,0.021382,75.035724
4,155,0.310654,0.022949,74.906055
5,155,0.310654,0.022301,75.557912
6,155,0.310654,0.022341,75.557912
7,155,0.310654,0.022802,75.579975
8,155,0.310654,0.022802,75.579975
9,155,0.310654,0.023609,75.659196
10,155,0.310654,0.022343,75.946418
1,156,0.310654,0.040452,84.283780
2,156,0.310654,0.039174,84.283780
3,156,0.310654,0.038006,84.264437
4,156,0.310654,0.038869,83.925299
5,156,0.310654,0.038849,84.580062
6,156,0.310654,0.043814,84.374056
7,156,0.310654,0.043867,84.683529
8,156,0.310654,0.043867,84.683529
9,156,0.310654,0.038943,84.055429
10,156,0.310654,0.041863,84.337945
1,157,0.310167,0.073356,65.607823
2,157,0.310167,0.073356,65.602765
3,157,0.310167,0.073356,65.713744
4,157,0.310167,0.073356,65.713744
5,157,0.310167,0.073356,65.713744
6,157,0.310167,0.073356,65.713744
7,157,0.310167,0.073356,65.713744
8,157,0.310167,0.073356,65.713744
9,157,0.310167,0.073356,65.714962
10,157,0.310167,0.075698,65.714962
1,158,0.311064,0.033809,61.501999
2,158,0.311064,0.033809,61.501999
3,158,0.311064,0.033809,61.501999
4,158,0.311064,0.033809,61.318785
5,158,0.311064,0.033809,61.318785
6,158,0.311064,0.033809,61.318785
7,158,0.311064,0.034154,61.631687
8,158,0.311064,0.034154,61.631687
9,158,0.311064,0.033653,61.365706
10,158,0.311064,0.034656,61.700675
1,159,0.310654,0.033313,78.865543
2,159,0.310654,0.033791,78.719528
3,159,0.310654,0.033791,78.719528
4,159,0.310654,0.032175,78.390715
5,159,0.310654,0.033213,78.433016
6,159,0.310654,0.032771,78.466574
7,159,0.310654,0.034638,78.885173
8,159,0.310654,0.034638,78.885173
9,159,0.310654,0.032447,78.529516
10,159,0.310654,0.034600,78.543942
1,160,0.310654,0.031927,74.600752
2,160,0.310654,0.031102,74.376992
3,160,0.310654,0.031524,74.571084
4,160,0.310654,0.031524,74.571084
5,160,0.310654,0.031524,74.425231
6,160,0.310654,0.031854,74.425231
7,160,0.310654,0.034358,74.569309
8,160,0.310654,0.031911,74.780025
9,160,0.310654,0.031911,74.331511
10,160,0.310654,0.034349,74.815034
1,161,0.310654,0.042766,77.379206
2,161,0.310654,0.043554,77.159333
3,161,0.310654,0.044770,77.159333
4,161,0.310654,0.043758,76.938130
5,161,0.310654,0.043008,76.965391
6,161,0.310654,0.045093,77.171997
7,161,0.310654,0.044558,77.171997
8,161,0.310654,0.044558,77.096528
9,161,0.310654,0.044330,76.879636
10,161,0.310654,0.046444,76.790422
1,162,0.310654,0.029614,89.032277
2,162,0.310654,0.028630,89.012008
3,162,0.310654,0.028862,88.845029
4,162,0.310654,0.028862,88.845029
5,162,0.310654,0.029772,88.220614
6,162,0.310654,0.030024,88.178836
7,162,0.310654,0.031713,88.369080
8,162,0.310654,0.030158,88.362539
9,162,0.310654,0.030854,88.654235
10,162,0.310654,0.030499,88.764822
1,163,0.310654,0.022506,79.043734
2,163,0.310654,0.023372,79.243753
3,163,0.310654,0.023533,79.243753
4,163,0.310654,0.022952,78.866631
5,163,0.310654,0.023348,79.013486
6,163,0.310654,0.023348,79.013486
7,163,0.310654,0.023317,78.920572
8,163,0.310654,0.022599,78.640580
9,163,0.310654,0.022087,78.802456
10,163,0.310654,0.022401,78.770080
1,164,0.310160,0.013825,80.802704
2,164,0.310160,0.013981,81.308573
3,164,0.310160,0.014878,79.784857
4,164,0.310160,0.014045,80.465703
5,164,0.310160,0.014419,80.031475
6,164,0.310160,0.014085,80.202011
7,164,0.310160,0.014054,79.907406
8,164,0.310160,0.014190,80.094105
9,164,0.310160,0.013428,80.966395
10,164,0.310160,0.013920,80.179061
1,165,0.310654,0.051735,68.581478
2,165,0.310654,0.053877,68.660794
3,165,0.310654,0.053877,68.660794
4,165,0.310654,0.053877,68.660794
5,165,0.310654,0.053877,68.775297
6,165,0.310654,0.055283,69.026128
7,165,0.310654,0.054734,68.632379
8,165,0.310654,0.055072,68.587872
9,165,0.310654,0.056455,68.903615
10,165,0.310654,0.056883,68.819144
1,166,0.310654,0.026081,76.026604
2,166,0.310654,0.027014,76.196656
3,166,0.310654,0.027262,76.273580
4,166,0.310654,0.027823,76.057980
5,166,0.310654,0.028974,76.436152
6,166,0.310654,0.027297,76.385423
7,166,0.310654,0.027513,76.385423
8,166,0.310654,0.028266,76.385423
9,166,0.310654,0.026965,76.306782
10,166,0.310654,0.025796,76.434414
1,167,0.310463,0.008297,87.489643
2,167,0.310463,0.008261,87.265385
3,167,0.310463,0.007850,88.109299
4,167,0.310463,0.008170,86.630598
5,167,0.310463,0.008570,86.490130
6,167,0.310463,0.008942,86.376664
7,167,0.310463,0.008438,86.688560
8,167,0.310463,0.008438,86.122507
9,167,0.310463,0.008772,86.204825
10,167,0.310463,0.008946,86.474044
1,168,0.310051,0.076448,87.106483
2,168,0.310051,0.073476,87.500432
3,168,0.310051,0.090733,86.881206
4,168,0.310051,0.092077,86.133974
5,168,0.310051,0.089524,86.342635
6,168,0.310051,0.094077,86.111540
7,168,0.310051,0.093750,84.895374
8,168,0.310051,0.088510,84.402902
9,168,0.310051,0.116061,84.512546
10,168,0.310051,0.115003,85.300017
1,169,0.310125,0.076833,64.686959
2,169,0.310125,0.076833,64.686959
3,169,0.310125,0.076833,64.782737
4,169,0.310125,0.075846,64.650342
5,169,0.310125,0.075846,64.650342
6,169,0.310125,0.071658,64.650342
7,169,0.310125,0.070729,64.344354
8,169,0.310125,0.076448,64.883200
9,169,0.310125,0.072725,64.444903
10,169,0.310125,0.072725,64.444903
1,170,0.310654,0.039801,71.902532
2,170,0.310654,0.040155,71.902532
3,170,0.310654,0.040155,71.902532
4,170,0.310654,0.041279,72.053706
5,170,0.310654,0.041279,72.053706
6,170,0.310654,0.042021,72.053706
7,170,0.310654,0.042021,72.053706
8,170,0.310654,0.042330,72.196700
9,170,0.310654,0.042051,72.034263
10,170,0.310654,0.041921,72.137297
1,171,0.310654,0.014632,72.405293
2,171,0.310654,0.014396,72.923410
3,171,0.310654,0.013443,72.979175
4,171,0.310654,0.013443,72.138744
5,171,0.310654,0.014221,72.516350
6,171,0.310654,0.014418,72.374419
7,171,0.310654,0.014418,72.374419
8,171,0.310654,0.014418,72.374419
9,171,0.310654,0.014302,72.384763
10,171,0.310654,0.014255,72.124033
1,172,0.310654,0.032460,71.167220
2,172,0.310654,0.031707,71.167220
3,172,0.310654,0.032512,71.233719
4,172,0.310654,0.032776,71.233719
5,172,0.310654,0.032727,71.233719
6,172,0.310654,0.031148,71.396303
7,172,0.310654,0.032620,71.082138
8,172,0.310654,0.033696,71.077288
9,172,0.310654,0.032595,71.246358
10,172,0.310654,0.032447,71.172790
1,173,0.310654,0.066480,66.187300
2,173,0.310654,0.067672,66.187300
3,173,0.310654,0.067672,66.187300
4,173,0.310654,0.067672,66.238559
5,173,0.310654,0.067672,66.238559
6,173,0.310654,0.067672,66.238559
7,173,0.310654,0.067672,66.238559
8,173,0.310654,0.068465,66.290805
9,173,0.310654,0.068465,66.290805
10,173,0.310654,0.068465,66.290805
1,174,0.310654,0.014895,73.148553
2,174,0.310654,0.014864,72.819740
3,174,0.310654,0.015048,72.895274
4,174,0.310654,0.015667,73.171604
5,174,0.310654,0.015690,72.695159
6,174,0.310654,0.014831,73.187164
7,174,0.310654,0.015492,72.834585
8,174,0.310654,0.014797,72.469418
9,174,0.310654,0.015043,72.544245
10,174,0.310654,0.015924,72.553931
1,175,0.310829,0.023749,70.262630
2,175,0.310829,0.023702,69.946443
3,175,0.310829,0.024075,70.282927
4,175,0.310829,0.024042,70.181405
5,175,0.310829,0.024042,70.289621
6,175,0.310829,0.024042,70.289621
7,175,0.310829,0.022528,70.289621
8,175,0.310829,0.023862,70.359562
9,175,0.310829,0.023874,70.387037
10,175,0.310829,0.023874,70.387037
1,176,0.310654,0.041266,65.640425
2,176,0.310654,0.039273,65.246467
3,176,0.310654,0.039205,65.235399
4,176,0.310654,0.039205,65.128836
5,176,0.310654,0.040015,65.404672
6,176,0.310654,0.040015,65.404672
7,176,0.310654,0.038906,65.404672
8,176,0.310654,0.039248,65.404672
9,176,0.310654,0.040541,65.536155
10,176,0.310654,0.039918,65.536155
1,177,0.310654,0.070324,79.719517
2,177,0.310654,0.062559,80.704468
3,177,0.310654,0.057694,79.575005
4,177,0.310654,0.057096,79.612465
5,177,0.310654,0.086472,78.176547
6,177,0.310654,0.084863,79.358669
7,177,0.310654,0.078742,78.805907
8,177,0.310654,0.082230,77.375805
9,177,0.310654,0.084138,77.536722
10,177,0.310654,0.074654,78.484383
1,178,0.310654,0.046057,82.209703
2,178,0.310654,0.047687,82.289019
3,178,0.310654,0.043960,82.025945
4,178,0.310654,0.043948,81.969517
5,178,0.310654,0.043634,81.969517
6,178,0.310654,0.043634,81.969517
7,178,0.310654,0.045953,82.312572
8,178,0.310654,0.044772,82.263853
9,178,0.310654,0.044425,82.120000
10,178,0.310654,0.044617,82.051759
1,179,0.310654,0.046026,67.529542
2,179,0.310654,0.047102,67.529542
3,179,0.310654,0.047427,67.177817
4,179,0.310654,0.047911,67.476985
5,179,0.310654,0.047911,67.354127
6,179,0.310654,0.050174,67.354127
7,179,0.310654,0.050174,67.547767
8,179,0.310654,0.048528,67.396205
9,179,0.310654,0.048528,67.621825
10,179,0.310654,0.048268,67.048738
1,180,0.310654,0.037267,62.836039
2,180,0.310654,0.037053,62.836039
3,180,0.310654,0.036647,62.431840
4,180,0.310654,0.036656,62.507320
5,180,0.310654,0.039133,62.565275
6,180,0.310654,0.039133,62.565275
7,180,0.310654,0.037178,62.542986
8,180,0.310654,0.037300,62.542986
9,180,0.310654,0.037815,62.542986
10,180,0.310654,0.040341,62.738532
1,181,0.310888,0.086505,72.382130
2,181,0.310888,0.084995,72.160698
3,181,0.310888,0.086598,72.158850
4,181,0.310888,0.085867,72.163862
5,181,0.310888,0.085867,72.163862
6,181,0.310888,0.085867,72.163862
7,181,0.310888,0.086015,72.276823
8,181,0.310888,0.086015,72.276823
9,181,0.310888,0.087653,72.276823
10,181,0.310888,0.087653,72.276823
1,182,0.310654,0.013133,67.815025
2,182,0.310654,0.013059,67.467559
3,182,0.310654,0.015089,67.707760
4,182,0.310654,0.015462,68.050767
5,182,0.310654,0.015881,67.676918
6,182,0.310654,0.014498,68.018275
7,182,0.310654,0.014498,67.765812
8,182,0.310654,0.013402,67.878347
9,182,0.310654,0.013969,67.878347
10,182,0.310654,0.013654,68.134451
1,183,0.310654,0.027600,72.602084
2,183,0.310654,0.027003,72.308355
3,183,0.310654,0.027381,71.781213
4,183,0.310654,0.027080,72.073842
5,183,0.310654,0.027427,72.127497
6,183,0.310654,0.026666,72.272213
7,183,0.310654,0.026699,72.151988
8,183,0.310654,0.026699,72.112331
9,183,0.310654,0.027180,71.758156
10,183,0.310654,0.027269,72.127165
1,184,0.310654,0.038286,70.280702
2,184,0.310654,0.038932,70.278972
3,184,0.310654,0.038932,70.243496
4,184,0.310654,0.038932,70.243496
5,184,0.310654,0.038932,70.243496
6,184,0.310654,0.040145,70.387214
7,184,0.310654,0.038646,70.381076
8,184,0.310654,0.038480,70.221244
9,184,0.310654,0.038686,70.221244
10,184,0.310654,0.037281,70.221244
1,185,0.310654,0.070157,74.304695
2,185,0.310654,0.070157,74.304695
3,185,0.310654,0.068854,74.333321
4,185,0.310654,0.069778,74.093678
5,185,0.310654,0.070499,74.093678
6,185,0.310654,0.070499,74.093678
7,185,0.310654,0.065673,74.093678
8,185,0.310654,0.068701,74.158574
9,185,0.310654,0.068701,74.158574
10,185,0.310654,0.068701,74.158574
1,186,0.310654,0.044753,70.705890
2,186,0.310654,0.044753,70.693226
3,186,0.310654,0.042029,70.693226
4,186,0.310654,0.043739,70.693226
5,186,0.310654,0.043178,70.547162
6,186,0.310654,0.043178,70.547162
7,186,0.310654,0.043178,70.547162
8,186,0.310654,0.043308,70.691505
9,186,0.310654,0.041926,70.691505
10,186,0.310654,0.041661,70.691505
1,187,0.309191,0.123809,62.984557
2,187,0.309191,0.121197,62.943186
3,187,0.309191,0.121380,62.943186
4,187,0.309191,0.109539,62.679613
5,187,0.309191,0.113489,62.679613
6,187,0.309191,0.111843,62.741145
7,187,0.309191,0.112078,62.765370
8,187,0.309191,0.112078,62.765370
9,187,0.309191,0.112078,62.765370
10,187,0.309191,0.116852,62.835819
1,188,0.310654,0.044872,75.856118
2,188,0.310654,0.043409,75.749791
3,188,0.310654,0.043409,75.916327
4,188,0.310654,0.043409,75.916327
5,188,0.310654,0.043409,75.916327
6,188,0.310654,0.044348,75.966706
7,188,0.310654,0.044264,75.966706
8,188,0.310654,0.044264,75.966706
9,188,0.310654,0.044264,75.966706
10,188,0.310654,0.045636,75.966706
1,189,0.310654,0.018124,72.895867
2,189,0.310654,0.019938,72.584308
3,189,0.310654,0.018547,72.423068
4,189,0.310654,0.018547,72.423068
5,189,0.310654,0.020186,72.423068
6,189,0.310654,0.019262,72.423068
7,189,0.310654,0.018719,72.671977
8,189,0.310654,0.019889,72.793336
9,189,0.310654,0.019526,72.782701
10,189,0.310654,0.019884,72.543622
1,190,0.309892,0.088838,71.833663
2,190,0.309892,0.089111,71.814364
3,190,0.309892,0.093554,71.971069
4,190,0.309892,0.093497,71.961000
5,190,0.309892,0.093497,71.961000
6,190,0.309892,0.093497,71.961000
7,190,0.309892,0.093497,71.961000
8,190,0.309892,0.093497,71.961000
9,190,0.309892,0.093497,71.961000
10,190,0.309892,0.088739,71.912390
1,191,0.310654,0.033208,71.791361
2,191,0.310654,0.032286,71.609419
3,191,0.310654,0.032286,71.609419
4,191,0.310654,0.033910,71.609419
5,191,0.310654,0.033910,71.609419
6,191,0.310654,0.032535,71.565546
7,191,0.310654,0.032274,71.565546
8,191,0.310654,0.031157,71.518643
9,191,0.310654,0.030900,71.518643
10,191,0.310654,0.030900,71.518643
1,192,0.310654,0.056308,59.620579
2,192,0.310654,0.057580,59.620579
3,192,0.310654,0.055531,59.530606
4,192,0.310654,0.056470,59.530606
5,192,0.310654,0.056470,59.530606
6,192,0.310654,0.056470,59.530606
7,192,0.310654,0.057335,59.535866
8,192,0.310654,0.057335,59.535866
9,192,0.310654,0.056503,59.535866
10,192,0.310654,0.056503,59.535866
1,193,0.310654,0.020170,87.843620
2,193,0.310654,0.021343,87.530963
3,193,0.310654,0.020051,87.565569
4,193,0.310654,0.020193,87.840163
5,193,0.310654,0.019709,87.982871
6,193,0.310654,0.020563,87.349813
7,193,0.310654,0.020062,87.652267
8,193,0.310654,0.019619,87.598898
9,193,0.310654,0.018646,88.313929
10,193,0.310654,0.018824,88.952773
1,194,0.311083,0.048715,68.153913
2,194,0.311083,0.048715,68.153913
3,194,0.311083,0.048715,68.153913
4,194,0.311083,0.048715,68.153913
5,194,0.311083,0.048715,68.153913
6,194,0.311083,0.047657,68.077917
7,194,0.311083,0.049599,68.075422
8,194,0.311083,0.047398,68.075422
9,194,0.311083,0.047398,68.075422
10,194,0.311083,0.047398,68.075422
1,195,0.310654,0.038614,67.683201
2,195,0.310654,0.039586,67.906594
3,195,0.310654,0.040083,67.752690
4,195,0.310654,0.040083,67.752690
5,195,0.310654,0.035648,67.094533
6,195,0.310654,0.035648,67.118615
7,195,0.310654,0.037141,67.426486
8,195,0.310654,0.037141,67.426486
9,195,0.310654,0.037973,67.222238
10,195,0.310654,0.037769,67.718256
1,196,0.310654,0.053134,66.016661
2,196,0.310654,0.053004,66.140893
3,196,0.310654,0.053213,66.113347
4,196,0.310654,0.052979,66.113347
5,196,0.310654,0.049731,65.788433
6,196,0.310654,0.049808,65.427207
7,196,0.310654,0.049474,65.244330
8,196,0.310654,0.049706,65.244330
9,196,0.310654,0.050747,65.386856
10,196,0.310654,0.050747,65.965778
1,197,0.310654,0.055215,72.642676
2,197,0.310654,0.054207,72.552504
3,197,0.310654,0.053977,72.552504
4,197,0.310654,0.059440,72.278531
5,197,0.310654,0.057793,72.695801
6,197,0.310654,0.058656,72.571447
7,197,0.310654,0.057244,72.546618
8,197,0.310654,0.057066,72.546618
9,197,0.310654,0.057066,72.546618
10,197,0.310654,0.057066,72.546618
1,198,0.310654,0.136884,72.841781
2,198,0.310654,0.139420,72.912377
3,198,0.310654,0.128484,72.470318
4,198,0.310654,0.137472,72.165502
5,198,0.310654,0.135913,73.275631
6,198,0.310654,0.135336,72.936342
7,198,0.310654,0.135085,72.374551
8,198,0.310654,0.135216,72.940711
9,198,0.310654,0.135216,73.216910
10,198,0.310654,0.141110,72.940214
1,199,0.310344,0.052176,65.339087
2,199,0.310344,0.051441,65.444335
3,199,0.310344,0.051441,65.338736
4,199,0.310344,0.050551,65.338736
5,199,0.310344,0.050551,65.153728
6,199,0.310344,0.051218,65.360067
7,199,0.310344,0.052157,65.507415
8,199,0.310344,0.052795,65.510687
9,199,0.310344,0.050922,65.510687
10,199,0.310344,0.051963,65.495217
1,200,0.310654,0.024443,67.077618
2,200,0.310654,0.024443,67.077618
3,200,0.310654,0.024517,67.181275
4,200,0.310654,0.025360,67.338007
5,200,0.310654,0.025360,67.338007
6,200,0.310654,0.025360,67.836232
7,200,0.310654,0.025099,67.836232
8,200,0.310654,0.025099,67.656210
9,200,0.310654,0.024792,67.378156
10,200,0.310654,0.024837,67.415485
1,201,0.310654,0.021359,82.367567
2,201,0.310654,0.021359,82.455230
3,201,0.310654,0.021368,81.411782
4,201,0.310654,0.021367,82.027353
5,201,0.310654,0.021367,81.976830
6,201,0.310654,0.021367,81.636123
7,201,0.310654,0.021500,81.624343
8,201,0.310654,0.021673,81.624343
9,201,0.310654,0.021625,81.932587
10,201,0.310654,0.021867,81.972882
1,202,0.310654,0.014712,73.191300
2,202,0.310654,0.014603,73.357474
3,202,0.310654,0.014526,73.206256
4,202,0.310654,0.014597,73.046707
5,202,0.310654,0.014597,72.961916
6,202,0.310654,0.014597,73.106060
7,202,0.310654,0.014597,73.106060
8,202,0.310654,0.014597,73.106060
9,202,0.310654,0.014597,73.106060
10,202,0.310654,0.014583,72.984071
1,203,0.310654,0.024065,66.490761
2,203,0.310654,0.024065,66.723982
3,203,0.310654,0.024497,66.636205
4,203,0.310654,0.024415,66.381244
5,203,0.310654,0.024415,66.620068
6,203,0.310654,0.024259,66.620068
7,203,0.310654,0.024316,66.496477
8,203,0.310654,0.024561,66.337150
9,203,0.310654,0.024561,66.336054
10,203,0.310654,0.024561,66.336054
1,204,0.310654,0.026199,66.078339
2,204,0.310654,0.026199,65.971279
3,204,0.310654,0.026007,65.979217
4,204,0.310654,0.025560,65.626307
5,204,0.310654,0.024338,65.596639
6,204,0.310654,0.024338,65.596639
7,204,0.310654,0.024243,65.668869
8,204,0.310654,0.025518,65.668869
9,204,0.310654,0.025214,65.952059
10,204,0.310654,0.025978,66.071577
1,205,0.311074,0.101175,70.585771
2,205,0.311074,0.102865,70.585771
3,205,0.311074,0.098878,70.614279
4,205,0.311074,0.103335,70.553052
5,205,0.311074,0.105791,70.553052
6,205,0.311074,0.104139,70.654317
7,205,0.311074,0.104139,70.654317
8,205,0.311074,0.102986,70.670742
9,205,0.311074,0.102986,70.670742
10,205,0.311074,0.100180,70.671766
1,206,0.310654,0.055599,78.749768
2,206,0.310654,0.052015,78.749768
3,206,0.310654,0.052015,78.636428
4,206,0.310654,0.055534,78.787274
5,206,0.310654,0.053671,78.565116
6,206,0.310654,0.054031,78.802232
7,206,0.310654,0.053797,78.966340
8,206,0.310654,0.055518,78.966340
9,206,0.310654,0.056499,78.966340
10,206,0.310654,0.054854,78.938291
1,207,0.310654,0.029919,76.307810
2,207,0.310654,0.029764,76.182662
3,207,0.310654,0.029420,76.604825
4,207,0.310654,0.028968,76.475467
5,207,0.310654,0.030830,76.475467
6,207,0.310654,0.031031,76.586016
7,207,0.310654,0.030917,76.586016
8,207,0.310654,0.028049,76.586016
9,207,0.310654,0.027637,76.270364
10,207,0.310654,0.029752,76.769391
1,208,0.310654,0.041882,81.491254
2,208,0.310654,0.043740,80.734219
3,208,0.310654,0.045082,80.206747
4,208,0.310654,0.046899,80.058109
5,208,0.310654,0.043343,81.461817
6,208,0.310654,0.043552,80.671220
7,208,0.310654,0.043314,80.736006
8,208,0.310654,0.044411,81.359987
9,208,0.310654,0.043407,80.783792
10,208,0.310654,0.045945,80.586580
1,209,0.310654,0.054548,76.134570
2,209,0.310654,0.054648,76.249434
3,209,0.310654,0.054937,76.063706
4,209,0.310654,0.052446,75.837444
5,209,0.310654,0.053278,75.589754
6,209,0.310654,0.049820,75.591795
7,209,0.310654,0.050539,75.821222
8,209,0.310654,0.051063,75.679849
9,209,0.310654,0.051814,75.752048
10,209,0.310654,0.053176,75.911056
1,210,0.310654,0.018001,65.939528
2,210,0.310654,0.018145,66.176157
3,210,0.310654,0.018145,66.235718
4,210,0.310654,0.018234,66.235718
5,210,0.310654,0.018234,66.133051
6,210,0.310654,0.018234,66.133051
7,210,0.310654,0.018234,66.195413
8,210,0.310654,0.018768,66.603671
9,210,0.310654,0.018866,66.452498
10,210,0.310654,0.018977,66.360539
1,211,0.310654,0.022306,72.361749
2,211,0.310654,0.021326,71.650122
3,211,0.310654,0.021425,72.057577
4,211,0.310654,0.021425,72.057577
5,211,0.310654,0.020207,71.300787
6,211,0.310654,0.021062,71.713999
7,211,0.310654,0.021062,71.983700
8,211,0.310654,0.021277,71.862732
9,211,0.310654,0.020519,71.757592
10,211,0.310654,0.020621,71.399094
1,212,0.310654,0.057485,63.411765
2,212,0.310654,0.057485,63.246703
3,212,0.310654,0.057485,63.501553
4,212,0.310654,0.057207,63.349145
5,212,0.310654,0.060159,63.449311
6,212,0.310654,0.060286,63.565569
7,212,0.310654,0.060286,63.543162
8,212,0.310654,0.057423,63.171777
9,212,0.310654,0.056691,63.192334
10,212,0.310654,0.055159,63.086956
1,213,0.310761,0.032901,78.717036
2,213,0.310761,0.032901,78.717036
3,213,0.310761,0.035689,78.717036
4,213,0.310761,0.034465,78.676960
5,213,0.310761,0.033920,78.606742
6,213,0.310761,0.033920,78.606742
7,213,0.310761,0.034650,78.787087
8,213,0.310761,0.035666,78.787087
9,213,0.310761,0.034270,78.539892
10,213,0.310761,0.034027,78.539892
1,214,0.310654,0.068091,78.796691
2,214,0.310654,0.067009,78.796691
3,214,0.310654,0.067117,78.994657
4,214,0.310654,0.067117,78.994657
5,214,0.310654,0.069608,78.994657
6,214,0.310654,0.068852,79.063821
7,214,0.310654,0.069660,79.003129
8,214,0.310654,0.069751,78.833584
9,214,0.310654,0.067453,78.833584
10,214,0.310654,0.067453,78.833584
1,215,0.309909,0.079730,62.971728
2,215,0.309909,0.080598,62.902297
3,215,0.309909,0.080598,62.902297
4,215,0.309909,0.080732,62.957773
5,215,0.309909,0.080732,62.957773
6,215,0.309909,0.077280,62.957773
7,215,0.309909,0.079053,63.117441
8,215,0.309909,0.080657,62.987699
9,215,0.309909,0.080657,62.987699
10,215,0.309909,0.080657,62.987699
1,216,0.310654,0.051685,73.011983
2,216,0.310654,0.051685,73.011983
3,216,0.310654,0.051135,72.816195
4,216,0.310654,0.051601,72.822288
5,216,0.310654,0.054522,73.024402
6,216,0.310654,0.049817,72.991307
7,216,0.310654,0.053707,72.991307
8,216,0.310654,0.053707,72.991307
9,216,0.310654,0.054816,72.991307
10,216,0.310654,0.048769,72.991307
1,217,0.310654,0.076737,67.760144
2,217,0.310654,0.077596,67.732643
3,217,0.310654,0.080084,68.017884
4,217,0.310654,0.080726,68.225662
5,217,0.310654,0.079089,67.750743
6,217,0.310654,0.074237,67.742446
7,217,0.310654,0.074237,67.612924
8,217,0.310654,0.074237,67.584509
9,217,0.310654,0.077390,67.866116
10,217,0.310654,0.077423,67.745329
1,218,0.310654,0.039531,72.554915
2,218,0.310654,0.039531,72.579435
3,218,0.310654,0.039531,72.236988
4,218,0.310654,0.040508,72.526876
5,218,0.310654,0.040508,72.638907
6,218,0.310654,0.039724,72.530432
7,218,0.310654,0.041242,72.530432
8,218,0.310654,0.040029,72.530432
9,218,0.310654,0.040029,72.542629
10,218,0.310654,0.040029,72.467458
1,219,0.310654,0.022533,80.310192
2,219,0.310654,0.022843,80.260354
3,219,0.310654,0.025282,79.487877
4,219,0.310654,0.024014,80.103234
5,219,0.310654,0.023894,80.335256
6,219,0.310654,0.023020,80.090247
7,219,0.310654,0.022733,80.712045
8,219,0.310654,0.022994,80.269095
9,219,0.310654,0.023851,80.479808
10,219,0.310654,0.023851,80.019840
1,220,0.310368,0.051193,74.603265
2,220,0.310368,0.050167,74.341342
3,220,0.310368,0.051475,74.408762
4,220,0.310368,0.050372,74.531456
5,220,0.310368,0.052396,74.548176
6,220,0.310368,0.052396,74.548176
7,220,0.310368,0.051085,74.548176
8,220,0.310368,0.051085,74.510736
9,220,0.310368,0.051085,74.510736
10,220,0.310368,0.051085,74.510736
1,221,0.310654,0.020759,70.050810
2,221,0.310654,0.020759,70.112644
3,221,0.310654,0.021621,70.326194
4,221,0.310654,0.021621,70.561156
5,221,0.310654,0.021882,70.166414
6,221,0.310654,0.021325,70.347377
7,221,0.310654,0.022394,70.772404
8,221,0.310654,0.022011,70.341237
9,221,0.310654,0.022600,70.803421
10,221,0.310654,0.022083,70.676908
1,222,0.310654,0.070811,79.297595
2,222,0.310654,0.070811,79.297595
3,222,0.310654,0.070811,79.297595
4,222,0.310654,0.083257,79.139383
5,222,0.310654,0.070750,78.823495
6,222,0.310654,0.068144,79.692985
7,222,0.310654,0.073120,79.500821
8,222,0.310654,0.063532,79.848397
9,222,0.310654,0.065731,80.020865
10,222,0.310654,0.056240,80.450500
1,223,0.310654,0.019841,72.023226
2,223,0.310654,0.019281,72.266205
3,223,0.310654,0.019796,72.387387
4,223,0.310654,0.020403,72.012282
5,223,0.310654,0.019576,71.974499
6,223,0.310654,0.019576,71.974499
7,223,0.310654,0.019576,71.951117
8,223,0.310654,0.019576,72.154118
9,223,0.310654,0.019576,71.974395
10,223,0.310654,0.019425,71.974395
1,224,0.310654,0.011446,86.136882
2,224,0.310654,0.011731,86.483664
3,224,0.310654,0.011331,86.934007
4,224,0.310654,0.011252,87.481391
5,224,0.310654,0.011678,86.852027
6,224,0.310654,0.011566,86.420497
7,224,0.310654,0.011693,86.646843
8,224,0.310654,0.011862,87.218793
9,224,0.310654,0.011862,86.753359
10,224,0.310654,0.011845,86.921858
1,225,0.310946,0.010985,76.144603
2,225,0.310946,0.011531,75.306999
3,225,0.310946,0.010702,75.615351
4,225,0.310946,0.010673,75.615351
5,225,0.310946,0.011074,75.959114
6,225,0.310946,0.011004,75.386371
7,225,0.310946,0.011038,75.442864
8,225,0.310946,0.011153,76.152193
9,225,0.310946,0.011153,76.351485
10,225,0.310946,0.010846,75.396083
1,226,0.310654,0.054305,65.419995
2,226,0.310654,0.053542,65.103342
3,226,0.310654,0.052173,65.103342
4,226,0.310654,0.052562,65.161805
5,226,0.310654,0.052562,65.072641
6,226,0.310654,0.055252,65.167839
7,226,0.310654,0.052925,65.167839
8,226,0.310654,0.052925,65.167839
9,226,0.310654,0.052925,65.167839
10,226,0.310654,0.052925,65.167839
1,227,0.310654,0.019202,73.004047
2,227,0.310654,0.019409,72.939282
3,227,0.310654,0.017997,73.291037
4,227,0.310654,0.017830,73.291037
5,227,0.310654,0.018879,73.279871
6,227,0.310654,0.018235,72.795268
7,227,0.310654,0.019354,73.426173
8,227,0.310654,0.017024,73.193606
9,227,0.310654,0.020394,72.158082
10,227,0.310654,0.019762,73.088855
1,228,0.310654,0.019580,72.691432
2,228,0.310654,0.019802,72.750575
3,228,0.310654,0.019221,72.982138
4,228,0.310654,0.018822,73.027766
5,228,0.310654,0.020459,73.076978
6,228,0.310654,0.020972,72.799908
7,228,0.310654,0.021890,72.799908
8,228,0.310654,0.021279,72.799908
9,228,0.310654,0.019984,72.728873
10,228,0.310654,0.021085,72.856834
1,229,0.310654,0.021636,66.554810
2,229,0.310654,0.022555,66.942509
3,229,0.310654,0.022555,66.846802
4,229,0.310654,0.021828,66.666542
5,229,0.310654,0.021828,66.440610
6,229,0.310654,0.021828,66.567945
7,229,0.310654,0.022061,66.859942
8,229,0.310654,0.022431,66.859942
9,229,0.310654,0.022267,66.809175
10,229,0.310654,0.022267,66.809175
1,230,0.310654,0.052181,83.074883
2,230,0.310654,0.054479,82.761123
3,230,0.310654,0.053838,82.761123
4,230,0.310654,0.053838,82.761123
5,230,0.310654,0.058014,82.843519
6,230,0.310654,0.055875,82.691525
7,230,0.310654,0.049159,83.236754
8,230,0.310654,0.046591,83.236754
9,230,0.310654,0.046648,83.183604
10,230,0.310654,0.049628,83.047819
1,231,0.310654,0.038847,70.873871
2,231,0.310654,0.040029,70.770886
3,231,0.310654,0.039783,70.572067
4,231,0.310654,0.039232,70.946421
5,231,0.310654,0.041414,70.868069
6,231,0.310654,0.040519,70.895205
7,231,0.310654,0.041442,70.793972
8,231,0.310654,0.041394,70.855555
9,231,0.310654,0.038522,70.795616
10,231,0.310654,0.038522,70.795616
1,232,0.310654,0.061951,71.678579
2,232,0.310654,0.063847,71.726913
3,232,0.310654,0.063847,71.726913
4,232,0.310654,0.064549,71.726913
5,232,0.310654,0.064549,71.726913
6,232,0.310654,0.062689,71.703301
7,232,0.310654,0.059328,71.397366
8,232,0.310654,0.061729,71.630137
9,232,0.310654,0.061729,71.630137
10,232,0.310654,0.062158,71.630137
1,233,0.310654,0.051319,65.258501
2,233,0.310654,0.049722,64.988422
3,233,0.310654,0.049722,65.094133
4,233,0.310654,0.050894,65.061070
5,233,0.310654,0.050894,65.061070
6,233,0.310654,0.051579,65.061070
7,233,0.310654,0.051579,65.061070
8,233,0.310654,0.051579,65.061070
9,233,0.310654,0.051108,65.069383
10,233,0.310654,0.051108,65.069383
1,234,0.310654,0.036204,64.339437
2,234,0.310654,0.036204,64.339437
3,234,0.310654,0.036204,64.339437
4,234,0.310654,0.036726,64.523461
5,234,0.310654,0.036726,64.504399
6,234,0.310654,0.035908,64.553948
7,234,0.310654,0.035908,64.553948
8,234,0.310654,0.035908,64.360917
9,234,0.310654,0.035461,64.343636
10,234,0.310654,0.035461,64.302665
1,235,0.310654,0.022574,64.054488
2,235,0.310654,0.022534,64.054488
3,235,0.310654,0.022939,64.425295
4,235,0.310654,0.022705,64.556875
5,235,0.310654,0.022705,64.230203
6,235,0.310654,0.022842,64.249137
7,235,0.310654,0.022376,63.977828
8,235,0.310654,0.022537,64.104637
9,235,0.310654,0.022522,64.066679
10,235,0.310654,0.022494,64.776297
1,236,0.310654,0.040968,73.670152
2,236,0.310654,0.040968,73.670152
3,236,0.310654,0.038462,73.229542
4,236,0.310654,0.038462,73.291191
5,236,0.310654,0.038462,73.126373
6,236,0.310654,0.038462,73.126373
7,236,0.310654,0.039228,73.126373
8,236,0.310654,0.039228,73.126373
9,236,0.310654,0.040085,73.468642
10,236,0.310654,0.040008,73.444910
1,237,0.310654,0.054351,61.397337
2,237,0.310654,0.054351,61.351899
3,237,0.310654,0.053525,61.351899
4,237,0.310654,0.053525,61.351899
5,237,0.310654,0.053525,61.391604
6,237,0.310654,0.053375,61.391604
7,237,0.310654,0.053427,61.391604
8,237,0.310654,0.053427,61.391604
9,237,0.310654,0.053131,61.342957
10,237,0.310654,0.054380,61.458795
1,238,0.310654,0.045737,76.780942
2,238,0.310654,0.045737,76.780942
3,238,0.310654,0.043022,76.808896
4,238,0.310654,0.041143,77.005562
5,238,0.310654,0.041831,76.766645
6,238,0.310654,0.040183,77.117982
7,238,0.310654,0.040796,77.174804
8,238,0.310654,0.039485,77.174804
9,238,0.310654,0.039636,77.016804
10,238,0.310654,0.041603,76.748405
1,239,0.310654,0.033529,74.989447
2,239,0.310654,0.032323,74.584500
3,239,0.310654,0.033534,75.140742
4,239,0.310654,0.031914,74.739329
5,239,0.310654,0.032549,74.658032
6,239,0.310654,0.032117,74.710000
7,239,0.310654,0.032842,74.804149
8,239,0.310654,0.032842,74.804149
9,239,0.310654,0.034395,75.109374
10,239,0.310654,0.034395,75.109374
1,240,0.310654,0.019507,71.202421
2,240,0.310654,0.020977,70.912925
3,240,0.310654,0.017662,70.788419
4,240,0.310654,0.018736,70.663399
5,240,0.310654,0.017412,70.514732
6,240,0.310654,0.017072,70.514732
7,240,0.310654,0.017246,70.451570
8,240,0.310654,0.017568,70.451570
9,240,0.310654,0.017486,70.636065
10,240,0.310654,0.017328,70.642078
1,241,0.310065,0.029294,61.128245
2,241,0.310065,0.028425,61.128245
3,241,0.310065,0.028425,61.128245
4,241,0.310065,0.027757,60.517945
5,241,0.310065,0.027757,61.035797
6,241,0.310065,0.027569,60.643517
7,241,0.310065,0.026948,60.980162
8,241,0.310065,0.027142,60.564083
9,241,0.310065,0.027142,60.564083
10,241,0.310065,0.027142,60.564083
1,242,0.310654,0.031505,72.764669
2,242,0.310654,0.031505,72.764669
3,242,0.310654,0.031505,72.943631
4,242,0.310654,0.031505,72.606942
5,242,0.310654,0.031505,72.606942
6,242,0.310654,0.031505,72.606942
7,242,0.310654,0.031505,72.606942
8,242,0.310654,0.030855,72.824515
9,242,0.310654,0.031944,72.824515
10,242,0.310654,0.031944,72.824515
1,243,0.310654,0.021199,81.591163
2,243,0.310654,0.020581,82.086736
3,243,0.310654,0.021967,80.619137
4,243,0.310654,0.022197,81.223554
5,243,0.310654,0.020873,81.930659
6,243,0.310654,0.020873,81.414900
7,243,0.310654,0.021215,81.414900
8,243,0.310654,0.021590,81.361189
9,243,0.310654,0.023181,81.416828
10,243,0.310654,0.022817,81.421349
1,244,0.310654,0.021479,73.105073
2,244,0.310654,0.021306,72.913008
3,244,0.310654,0.021733,73.078167
4,244,0.310654,0.020085,72.842738
5,244,0.310654,0.020534,72.699593
6,244,0.310654,0.020798,73.049346
7,244,0.310654,0.021690,73.049346
8,244,0.310654,0.022119,73.049346
9,244,0.310654,0.021605,72.706270
10,244,0.310654,0.021469,73.076569
1,245,0.310291,0.019032,63.361630
2,245,0.310291,0.019649,62.993569
3,245,0.310291,0.020654,63.341066
4,245,0.310291,0.019892,63.785534
5,245,0.310291,0.019989,63.485477
6,245,0.310291,0.019989,63.485477
7,245,0.310291,0.020109,63.403269
8,245,0.310291,0.020256,63.739814
9,245,0.310291,0.020164,63.471338
10,245,0.310291,0.020490,63.441075
1,246,0.310654,0.056042,69.970304
2,246,0.310654,0.054962,69.979725
3,246,0.310654,0.055604,69.908927
4,246,0.310654,0.054249,69.901702
5,246,0.310654,0.054249,69.901702
6,246,0.310654,0.053801,69.877509
7,246,0.310654,0.053801,69.877509
8,246,0.310654,0.054531,69.848302
9,246,0.310654,0.055387,70.079494
10,246,0.310654,0.058654,70.213292
1,247,0.310654,0.015801,73.319518
2,247,0.310654,0.015974,73.593725
3,247,0.310654,0.015808,73.431239
4,247,0.310654,0.015808,73.431239
5,247,0.310654,0.016153,73.048904
6,247,0.310654,0.016153,73.456653
7,247,0.310654,0.015829,73.700602
8,247,0.310654,0.015510,73.491390
9,247,0.310654,0.015838,73.486127
10,247,0.310654,0.015996,73.412797
1,248,0.310507,0.032598,70.840357
2,248,0.310507,0.033654,70.840357
3,248,0.310507,0.033654,70.707713
4,248,0.310507,0.033654,70.707713
5,248,0.310507,0.033654,70.540482
6,248,0.310507,0.032793,70.929590
7,248,0.310507,0.033871,70.731125
8,248,0.310507,0.032463,70.687262
9,248,0.310507,0.032463,70.687262
10,248,0.310507,0.032463,70.687262
1,249,0.310654,0.045999,61.648082
2,249,0.310654,0.046651,61.652316
3,249,0.310654,0.047913,61.749488
4,249,0.310654,0.047462,61.533657
5,249,0.310654,0.044900,61.405344
6,249,0.310654,0.046841,62.067415
7,249,0.310654,0.046841,62.044533
8,249,0.310654,0.046841,62.044533
9,249,0.310654,0.046841,62.044533
10,249,0.310654,0.047206,62.068301
1,250,0.310452,0.050069,62.704125
2,250,0.310452,0.049872,62.704125
3,250,0.310452,0.049872,62.704125
4,250,0.310452,0.049872,62.704125
5,250,0.310452,0.050125,62.704125
6,250,0.310452,0.049681,62.591809
7,250,0.310452,0.049681,62.591809
8,250,0.310452,0.049681,62.611904
9,250,0.310452,0.049681,62.611904
10,250,0.310452,0.049681,62.723878