rep,id,eta_p0,eta_alpha,eta_tau
1,1,0.000000,-0.224671,0.485980
2,1,0.000000,-0.227908,0.363388
3,1,0.000000,-0.218739,0.305000
4,1,0.000000,-0.190838,0.305000
5,1,0.000000,-0.186866,0.255026
6,1,0.000000,-0.186866,0.255026
7,1,0.000000,-0.338508,0.253905
8,1,0.000000,-0.345698,0.253905
9,1,0.000000,-0.241093,0.540541
10,1,0.000000,-0.252259,0.513003
1,2,0.000000,0.200580,1.934258
2,2,0.000000,0.191135,1.934258
3,2,0.000000,0.186483,2.074185
4,2,0.000000,0.169793,2.074185
5,2,0.000000,0.193455,2.113473
6,2,0.000000,0.258243,2.342662
7,2,0.000000,0.195755,2.342662
8,2,0.000000,0.250546,2.342662
9,2,0.000000,0.250546,2.342662
10,2,0.000000,0.224677,2.342662
1,3,0.000000,-0.565238,2.609053
2,3,0.000000,-0.502390,2.768103
3,3,0.000000,-0.541790,3.066237
4,3,0.000000,-0.541790,2.825665
5,3,0.000000,-0.535881,3.067692
6,3,0.000000,-0.507853,2.764710
7,3,0.000000,-0.524542,2.670615
8,3,0.000000,-0.455492,2.875595
9,3,0.000000,-0.521803,2.748678
10,3,0.000000,-0.485425,2.904658
1,4,0.000000,0.240607,-8.543403
2,4,0.000000,0.240607,-8.543403
3,4,0.000000,0.341787,-8.477904
4,4,0.000000,0.341787,-8.477904
5,4,0.000000,0.278541,-8.939200
6,4,0.000000,0.234593,-8.939200
7,4,0.000000,0.223999,-8.840459
8,4,0.000000,0.195116,-8.947883
9,4,0.000000,0.195116,-9.131634
10,4,0.000000,0.239255,-8.974357
1,5,0.000000,-0.251761,5.036171
2,5,0.000000,-0.234079,5.036171
3,5,0.000000,-0.211142,5.215161
4,5,0.000000,-0.211142,5.122218
5,5,0.000000,-0.194910,5.071733
6,5,0.000000,-0.194910,5.071733
7,5,0.000000,-0.194910,5.071733
8,5,0.000000,-0.272390,4.797566
9,5,0.000000,-0.181549,4.971757
10,5,0.000000,-0.181549,4.971757
1,6,0.000000,0.660183,-11.834127
2,6,0.000000,0.600303,-12.066565
3,6,0.000000,0.600303,-12.006318
4,6,0.000000,0.635732,-12.155501
5,6,0.000000,0.633463,-11.719659
6,6,0.000000,0.633463,-11.719659
7,6,0.000000,0.672153,-11.727975
8,6,0.000000,0.700674,-11.315512
9,6,0.000000,0.678438,-11.874673
10,6,0.000000,0.600085,-12.204990
1,7,0.000000,0.098903,-8.459058
2,7,0.000000,0.085390,-8.459058
3,7,0.000000,0.085390,-8.468565
4,7,0.000000,0.093223,-8.468565
5,7,0.000000,0.093223,-8.468565
6,7,0.000000,0.093223,-8.465625
7,7,0.000000,0.093223,-8.465625
8,7,0.000000,0.093223,-8.443179
9,7,0.000000,0.093223,-8.478916
10,7,0.000000,0.093223,-8.478916
1,8,0.000000,0.105196,-13.261742
2,8,0.000000,0.088240,-12.926955
3,8,0.000000,0.088240,-12.926955
4,8,0.000000,0.083115,-12.652166
5,8,0.000000,0.082557,-13.017584
6,8,0.000000,0.097877,-13.059383
7,8,0.000000,0.097877,-13.071958
8,8,0.000000,0.089541,-12.994972
9,8,0.000000,0.076043,-13.252745
10,8,0.000000,0.078877,-13.218237
1,9,0.000000,0.191102,-7.864689
2,9,0.000000,0.191102,-7.864689
3,9,0.000000,0.191487,-7.812959
4,9,0.000000,0.185676,-7.812959
5,9,0.000000,0.185676,-7.812959
6,9,0.000000,0.214589,-7.812959
7,9,0.000000,0.187667,-7.812959
8,9,0.000000,0.187667,-7.812959
9,9,0.000000,0.222717,-7.667193
10,9,0.000000,0.189228,-7.819678
1,10,0.000000,-0.668159,6.476460
2,10,0.000000,-0.609831,6.578449
3,10,0.000000,-0.639273,6.126068
4,10,0.000000,-0.639273,6.227154
5,10,0.000000,-0.638089,6.227154
6,10,0.000000,-0.603027,6.472340
7,10,0.000000,-0.628309,6.361479
8,10,0.000000,-0.604681,6.107502
9,10,0.000000,-0.656601,6.107502
10,10,0.000000,-0.632430,5.799364
1,11,0.000000,0.787126,-6.503209
2,11,0.000000,0.738856,-6.503209
3,11,0.000000,0.725902,-6.683792
4,11,0.000000,0.866244,-7.061466
5,11,0.000000,0.835259,-6.932890
6,11,0.000000,0.841030,-6.709100
7,11,0.000000,0.787593,-6.669101
8,11,0.000000,0.787593,-6.669101
9,11,0.000000,0.784093,-6.923662
10,11,0.000000,0.813372,-7.024201
1,12,0.000000,0.015012,3.908954
2,12,0.000000,0.041848,4.341251
3,12,0.000000,0.034151,4.318739
4,12,0.000000,-0.004937,4.318739
5,12,0.000000,-0.032984,4.154504
6,12,0.000000,-0.032984,3.884675
7,12,0.000000,0.008504,3.924973
8,12,0.000000,0.000770,4.249856
9,12,0.000000,-0.003649,4.249856
10,12,0.000000,-0.026743,3.789418
1,13,0.000000,0.464538,-1.302613
2,13,0.000000,0.464538,-1.366744
3,13,0.000000,0.464538,-1.366744
4,13,0.000000,0.413277,-1.473539
5,13,0.000000,0.449464,-1.340366
6,13,0.000000,0.449464,-1.340366
7,13,0.000000,0.411816,-1.340366
8,13,0.000000,0.429725,-1.332672
9,13,0.000000,0.444301,-1.332672
10,13,0.000000,0.444301,-1.332672
1,14,0.000000,0.752026,-3.731631
2,14,0.000000,0.739390,-3.769584
3,14,0.000000,0.737197,-3.962737
4,14,0.000000,0.741180,-3.846968
5,14,0.000000,0.761688,-3.773491
6,14,0.000000,0.805251,-3.785494
7,14,0.000000,0.805251,-3.785494
8,14,0.000000,0.805251,-3.546583
9,14,0.000000,0.805251,-3.546583
10,14,0.000000,0.793994,-3.843792
1,15,0.000000,0.300507,9.641996
2,15,0.000000,0.300507,9.641996
3,15,0.000000,0.300507,9.731696
4,15,0.000000,0.330965,9.725200
5,15,0.000000,0.291662,9.830695
6,15,0.000000,0.359862,9.830695
7,15,0.000000,0.300657,9.767795
8,15,0.000000,0.331105,9.847947
9,15,0.000000,0.265742,9.553594
10,15,0.000000,0.243498,9.483760
1,16,0.000000,-0.039080,-12.687544
2,16,0.000000,-0.022544,-12.509151
3,16,0.000000,-0.034981,-12.509151
4,16,0.000000,-0.039356,-12.471397
5,16,0.000000,-0.039356,-12.471397
6,16,0.000000,-0.039356,-12.471397
7,16,0.000000,-0.058911,-12.713456
8,16,0.000000,-0.044800,-12.502467
9,16,0.000000,-0.068360,-12.771421
10,16,0.000000,-0.067555,-12.839463
1,17,0.000000,0.258830,-0.123254
2,17,0.000000,0.276374,-0.123254
3,17,0.000000,0.262423,0.086369
4,17,0.000000,0.262423,-0.112529
5,17,0.000000,0.274154,0.085144
6,17,0.000000,0.281925,-0.102853
7,17,0.000000,0.301504,-0.146163
8,17,0.000000,0.255746,-0.146163
9,17,0.000000,0.255746,0.056118
10,17,0.000000,0.290985,-0.107565
1,18,0.000000,-0.004723,-13.667752
2,18,0.000000,-0.004723,-13.566869
3,18,0.000000,-0.035991,-13.686751
4,18,0.000000,-0.006932,-13.766426
5,18,0.000000,-0.006932,-13.382911
6,18,0.000000,-0.006932,-13.723351
7,18,0.000000,0.017495,-13.436315
8,18,0.000000,-0.065133,-13.782681
9,18,0.000000,0.025335,-13.640698
10,18,0.000000,0.000637,-13.640698
1,19,0.000000,0.073313,4.738001
2,19,0.000000,0.059349,4.648799
3,19,0.000000,0.051508,4.646428
4,19,0.000000,0.051508,4.681912
5,19,0.000000,0.051508,4.653572
6,19,0.000000,0.065709,4.581052
7,19,0.000000,0.066261,4.749199
8,19,0.000000,0.082836,4.749199
9,19,0.000000,0.043130,4.749199
10,19,0.000000,0.095613,4.753551
1,20,0.000000,0.000667,-7.096484
2,20,0.000000,-0.015674,-7.096484
3,20,0.000000,-0.015674,-7.133886
4,20,0.000000,-0.015674,-7.133886
5,20,0.000000,0.014471,-6.963909
6,20,0.000000,0.008859,-7.073470
7,20,0.000000,-0.023123,-7.073470
8,20,0.000000,-0.023123,-7.073470
9,20,0.000000,-0.023123,-7.073470
10,20,0.000000,-0.001821,-6.953560
1,21,0.000000,0.072815,-5.410045
2,21,0.000000,0.074030,-5.283811
3,21,0.000000,0.073715,-4.587624
4,21,0.000000,0.025791,-4.916618
5,21,0.000000,0.025791,-5.413045
6,21,0.000000,0.025791,-5.413045
7,21,0.000000,0.039584,-5.265090
8,21,0.000000,0.039584,-5.265090
9,21,0.000000,0.028288,-5.526657
10,21,0.000000,0.059711,-5.256965
1,22,0.000000,-1.057535,9.394157
2,22,0.000000,-1.010804,9.199024
3,22,0.000000,-0.954706,9.015661
4,22,0.000000,-0.954706,8.990677
5,22,0.000000,-1.029394,9.444135
6,22,0.000000,-1.094242,9.868722
7,22,0.000000,-0.924545,8.348973
8,22,0.000000,-0.951132,9.326179
9,22,0.000000,-0.951132,8.744485
10,22,0.000000,-0.912604,9.097842
1,23,0.000000,-0.318887,-2.360787
2,23,0.000000,-0.248168,-2.348084
3,23,0.000000,-0.303915,-2.265778
4,23,0.000000,-0.281956,-2.099817
5,23,0.000000,-0.244576,-2.099817
6,23,0.000000,-0.244576,-2.099817
7,23,0.000000,-0.270083,-2.394169
8,23,0.000000,-0.303333,-2.486552
9,23,0.000000,-0.343618,-2.746111
10,23,0.000000,-0.335332,-2.524233
1,24,0.000000,-1.299621,10.183138
2,24,0.000000,-1.142298,9.077440
3,24,0.000000,-1.191448,8.967268
4,24,0.000000,-1.193568,9.745542
5,24,0.000000,-1.177923,9.079196
6,24,0.000000,-1.188594,9.872372
7,24,0.000000,-1.313032,10.424657
8,24,0.000000,-1.285834,9.996331
9,24,0.000000,-1.257484,10.386202
10,24,0.000000,-1.274995,10.512743
1,25,0.000000,-0.203903,3.543900
2,25,0.000000,-0.173952,3.677474
3,25,0.000000,-0.203003,3.649166
4,25,0.000000,-0.219655,3.672500
5,25,0.000000,-0.225060,3.481977
6,25,0.000000,-0.161685,3.455512
7,25,0.000000,-0.180745,3.316666
8,25,0.000000,-0.297577,3.723002
9,25,0.000000,-0.341492,3.723002
10,25,0.000000,-0.341492,3.541591
1,26,0.000000,0.741009,3.032381
2,26,0.000000,0.755467,2.959256
3,26,0.000000,0.788547,2.959256
4,26,0.000000,0.791435,2.959256
5,26,0.000000,0.756811,3.088088
6,26,0.000000,0.753530,3.088088
7,26,0.000000,0.753530,3.088088
8,26,0.000000,0.753530,3.088088
9,26,0.000000,0.813475,3.049954
10,26,0.000000,0.670270,3.345842
1,27,0.000000,-0.263480,-2.394274
2,27,0.000000,-0.248882,-2.324992
3,27,0.000000,-0.248882,-2.324992
4,27,0.000000,-0.295623,-2.486797
5,27,0.000000,-0.295623,-2.486797
6,27,0.000000,-0.295623,-2.486797
7,27,0.000000,-0.300196,-2.526414
8,27,0.000000,-0.288258,-2.632739
9,27,0.000000,-0.288258,-2.632739
10,27,0.000000,-0.288258,-2.632739
1,28,0.000000,0.266422,0.249019
2,28,0.000000,0.266422,0.539979
3,28,0.000000,0.280933,0.539979
4,28,0.000000,0.288209,0.471554
5,28,0.000000,0.285505,0.471554
6,28,0.000000,0.286099,0.490473
7,28,0.000000,0.286099,0.563954
8,28,0.000000,0.284538,0.492713
9,28,0.000000,0.206042,0.242106
10,28,0.000000,0.206042,0.145404
1,29,0.000000,0.613446,6.529805
2,29,0.000000,0.613446,6.582269
3,29,0.000000,0.621975,6.646024
4,29,0.000000,0.621975,6.646024
5,29,0.000000,0.598492,6.646024
6,29,0.000000,0.598492,6.601894
7,29,0.000000,0.598492,6.601894
8,29,0.000000,0.636677,6.601894
9,29,0.000000,0.658609,6.601894
10,29,0.000000,0.595232,6.601894
1,30,0.000000,-0.422924,-3.112040
2,30,0.000000,-0.454553,-3.487103
3,30,0.000000,-0.454553,-3.487103
4,30,0.000000,-0.421323,-3.213671
5,30,0.000000,-0.417644,-3.280695
6,30,0.000000,-0.425384,-3.280695
7,30,0.000000,-0.425384,-3.121084
8,30,0.000000,-0.425384,-3.396596
9,30,0.000000,-0.429615,-3.393180
10,30,0.000000,-0.412629,-3.097263
1,31,0.000000,0.576500,-7.265566
2,31,0.000000,0.576500,-7.265566
3,31,0.000000,0.576500,-7.265566
4,31,0.000000,0.576500,-7.265566
5,31,0.000000,0.485603,-7.228892
6,31,0.000000,0.471666,-7.674568
7,31,0.000000,0.471666,-7.280052
8,31,0.000000,0.506947,-7.208135
9,31,0.000000,0.471626,-7.313366
10,31,0.000000,0.475679,-7.313840
1,32,0.000000,0.404766,0.751629
2,32,0.000000,0.355648,0.642143
3,32,0.000000,0.362597,1.047024
4,32,0.000000,0.315260,0.478938
5,32,0.000000,0.337390,0.569414
6,32,0.000000,0.337390,0.636935
7,32,0.000000,0.318099,0.794721
8,32,0.000000,0.332239,0.912148
9,32,0.000000,0.342072,0.336612
10,32,0.000000,0.315234,0.336612
1,33,0.000000,-0.314220,1.965319
2,33,0.000000,-0.314220,2.134748
3,33,0.000000,-0.346408,2.353450
4,33,0.000000,-0.401237,2.662648
5,33,0.000000,-0.282415,1.988393
6,33,0.000000,-0.268080,2.117352
7,33,0.000000,-0.275831,2.054052
8,33,0.000000,-0.258263,2.045094
9,33,0.000000,-0.368276,2.639275
10,33,0.000000,-0.271772,2.525195
1,34,0.000000,0.119716,-4.781533
2,34,0.000000,0.113751,-4.781533
3,34,0.000000,0.186698,-4.781533
4,34,0.000000,0.174980,-4.754583
5,34,0.000000,0.175238,-4.754583
6,34,0.000000,0.141154,-4.754583
7,34,0.000000,0.141154,-4.754583
8,34,0.000000,0.152503,-4.906067
9,34,0.000000,0.153589,-4.906067
10,34,0.000000,0.153589,-4.906067
1,35,0.000000,0.118259,1.985074
2,35,0.000000,0.122362,1.985074
3,35,0.000000,0.101083,1.964669
4,35,0.000000,0.154629,2.083569
5,35,0.000000,0.154629,2.025849
6,35,0.000000,0.143946,1.979475
7,35,0.000000,0.143122,1.979475
8,35,0.000000,0.127789,2.045445
9,35,0.000000,0.127789,2.045445
10,35,0.000000,0.127789,1.887949
1,36,0.000000,-0.069068,-3.208016
2,36,0.000000,-0.067665,-3.097520
3,36,0.000000,-0.067665,-3.097520
4,36,0.000000,-0.082672,-3.097520
5,36,0.000000,-0.056791,-3.097520
6,36,0.000000,-0.028398,-3.097520
7,36,0.000000,-0.028398,-3.326397
8,36,0.000000,-0.074019,-3.152589
9,36,0.000000,-0.074019,-3.152589
10,36,0.000000,-0.064635,-2.824393
1,37,0.000000,-0.356568,-7.377939
2,37,0.000000,-0.357634,-7.377939
3,37,0.000000,-0.363260,-7.477402
4,37,0.000000,-0.330968,-7.068428
5,37,0.000000,-0.371565,-7.342604
6,37,0.000000,-0.371565,-7.342604
7,37,0.000000,-0.376718,-7.449421
8,37,0.000000,-0.397531,-7.740914
9,37,0.000000,-0.397531,-7.740914
10,37,0.000000,-0.397531,-7.740914
1,38,0.000000,0.672265,-4.277186
2,38,0.000000,0.626511,-4.197157
3,38,0.000000,0.686888,-3.791462
4,38,0.000000,0.686888,-4.291376
5,38,0.000000,0.620801,-4.499397
6,38,0.000000,0.560069,-4.833878
7,38,0.000000,0.565484,-4.790587
8,38,0.000000,0.576136,-5.186225
9,38,0.000000,0.549364,-4.933052
10,38,0.000000,0.606335,-4.575936
1,39,0.000000,-0.061324,1.167219
2,39,0.000000,-0.061324,1.343944
3,39,0.000000,-0.061324,1.465966
4,39,0.000000,-0.106700,0.963105
5,39,0.000000,-0.104728,1.201227
6,39,0.000000,-0.127751,1.095446
7,39,0.000000,-0.065174,1.369368
8,39,0.000000,-0.065174,1.369368
9,39,0.000000,-0.066732,1.369368
10,39,0.000000,-0.066732,1.313059
1,40,0.000000,0.601651,-6.692157
2,40,0.000000,0.601651,-6.692157
3,40,0.000000,0.601651,-6.692157
4,40,0.000000,0.580645,-6.692157
5,40,0.000000,0.573822,-6.692157
6,40,0.000000,0.586581,-6.628066
7,40,0.000000,0.576603,-6.628066
8,40,0.000000,0.576603,-6.502711
9,40,0.000000,0.593559,-6.649475
10,40,0.000000,0.593559,-6.649475
1,41,0.000000,-0.327132,-1.360947
2,41,0.000000,-0.298864,-1.477343
3,41,0.000000,-0.395332,-1.330168
4,41,0.000000,-0.374744,-1.330168
5,41,0.000000,-0.338676,-1.521388
6,41,0.000000,-0.339336,-1.335026
7,41,0.000000,-0.302273,-1.162207
8,41,0.000000,-0.280682,-1.213930
9,41,0.000000,-0.301916,-1.204284
10,41,0.000000,-0.306442,-1.378218
1,42,0.000000,0.888128,-2.316862
2,42,0.000000,0.888128,-2.294457
3,42,0.000000,0.888393,-2.294457
4,42,0.000000,0.897493,-2.247408
5,42,0.000000,0.927713,-2.247408
6,42,0.000000,0.927713,-2.247408
7,42,0.000000,0.927713,-2.247408
8,42,0.000000,0.895934,-2.262451
9,42,0.000000,0.887427,-2.262451
10,42,0.000000,0.887427,-2.262451
1,43,0.000000,0.459685,-0.049005
2,43,0.000000,0.459685,-0.078382
3,43,0.000000,0.459685,-0.078382
4,43,0.000000,0.451836,-0.078382
5,43,0.000000,0.451836,-0.009857
6,43,0.000000,0.435718,-0.107771
7,43,0.000000,0.428474,-0.058859
8,43,0.000000,0.428474,-0.058859
9,43,0.000000,0.460003,-0.005592
10,43,0.000000,0.449502,-0.056421
1,44,0.000000,0.098699,-11.459655
2,44,0.000000,0.098699,-11.459655
3,44,0.000000,0.098699,-11.459655
4,44,0.000000,0.087839,-11.389746
5,44,0.000000,0.087839,-11.442758
6,44,0.000000,0.087839,-11.490992
7,44,0.000000,0.087839,-11.490992
8,44,0.000000,0.087839,-11.490992
9,44,0.000000,0.087839,-11.490992
10,44,0.000000,0.084216,-11.490992
1,45,0.000000,0.472183,-0.491472
2,45,0.000000,0.466906,-0.547734
3,45,0.000000,0.492827,-0.219508
4,45,0.000000,0.492827,-0.219508
5,45,0.000000,0.496037,-0.641433
6,45,0.000000,0.496037,-0.434242
7,45,0.000000,0.496037,-0.434242
8,45,0.000000,0.496037,-0.298575
9,45,0.000000,0.496037,-0.298575
10,45,0.000000,0.525023,-0.269820
1,46,0.000000,0.153041,-3.974646
2,46,0.000000,0.108907,-4.035280
3,46,0.000000,0.147876,-4.035280
4,46,0.000000,0.147876,-4.088085
5,46,0.000000,0.165185,-3.996558
6,46,0.000000,0.151747,-3.996558
7,46,0.000000,0.151272,-4.067329
8,46,0.000000,0.137659,-4.144334
9,46,0.000000,0.137659,-3.958303
10,46,0.000000,0.184136,-3.814405
1,47,0.000000,0.402254,-0.476993
2,47,0.000000,0.392758,-0.476993
3,47,0.000000,0.392758,-0.476993
4,47,0.000000,0.392758,-0.500589
5,47,0.000000,0.392758,-0.500589
6,47,0.000000,0.392758,-0.500589
7,47,0.000000,0.392758,-0.410709
8,47,0.000000,0.392489,-0.419192
9,47,0.000000,0.443600,-0.419192
10,47,0.000000,0.443600,-0.419192
1,48,0.000000,-0.358346,3.909775
2,48,0.000000,-0.358346,4.080042
3,48,0.000000,-0.358346,4.080042
4,48,0.000000,-0.363604,4.037096
5,48,0.000000,-0.363604,3.910446
6,48,0.000000,-0.363604,4.102309
7,48,0.000000,-0.335141,4.307431
8,48,0.000000,-0.335141,3.795189
9,48,0.000000,-0.352363,4.117374
10,48,0.000000,-0.341354,3.790465
1,49,0.000000,0.443751,3.579264
2,49,0.000000,0.425809,3.579264
3,49,0.000000,0.281768,3.181556
4,49,0.000000,0.314353,3.549262
5,49,0.000000,0.307917,3.222694
6,49,0.000000,0.430968,3.616326
7,49,0.000000,0.498163,3.484668
8,49,0.000000,0.523783,3.266710
9,49,0.000000,0.523783,3.257143
10,49,0.000000,0.415006,3.257143
1,50,0.000000,0.603565,-0.142360
2,50,0.000000,0.555874,-0.142360
3,50,0.000000,0.555874,-0.142360
4,50,0.000000,0.555874,-0.206040
5,50,0.000000,0.586349,-0.049847
6,50,0.000000,0.586349,-0.049847
7,50,0.000000,0.582700,-0.284739
8,50,0.000000,0.582700,-0.067068
9,50,0.000000,0.572633,-0.067068
10,50,0.000000,0.546943,-0.176811
1,51,0.000000,0.094740,-3.093521
2,51,0.000000,0.082366,-2.859820
3,51,0.000000,0.104319,-2.859820
4,51,0.000000,0.104319,-2.802806
5,51,0.000000,0.104319,-2.802806
6,51,0.000000,0.104319,-2.802806
7,51,0.000000,0.099218,-2.800294
8,51,0.000000,0.083182,-3.122386
9,51,0.000000,0.075931,-3.139838
10,51,0.000000,0.128023,-2.696857
1,52,0.000000,0.391689,-5.073269
2,52,0.000000,0.421378,-4.820855
3,52,0.000000,0.428361,-4.820855
4,52,0.000000,0.440378,-4.855952
5,52,0.000000,0.416883,-4.855952
6,52,0.000000,0.416883,-4.855952
7,52,0.000000,0.416883,-4.824307
8,52,0.000000,0.416883,-5.068491
9,52,0.000000,0.416883,-5.025351
10,52,0.000000,0.391501,-4.967279
1,53,0.000000,0.524542,-3.846958
2,53,0.000000,0.549926,-3.958162
3,53,0.000000,0.549926,-4.059891
4,53,0.000000,0.491844,-4.084100
5,53,0.000000,0.491844,-4.084100
6,53,0.000000,0.455630,-4.399818
7,53,0.000000,0.455630,-4.399818
8,53,0.000000,0.456833,-4.399818
9,53,0.000000,0.456833,-4.399818
10,53,0.000000,0.456833,-4.446463
1,54,0.000000,-0.069170,2.660189
2,54,0.000000,-0.053237,2.437543
3,54,0.000000,-0.026275,2.437543
4,54,0.000000,-0.073701,2.437543
5,54,0.000000,-0.037128,2.589387
6,54,0.000000,-0.037128,2.589387
7,54,0.000000,-0.015219,2.589387
8,54,0.000000,-0.015219,2.552765
9,54,0.000000,-0.092691,2.552765
10,54,0.000000,-0.142780,2.231589
1,55,0.000000,0.599746,-8.088963
2,55,0.000000,0.599746,-8.088963
3,55,0.000000,0.609169,-8.047530
4,55,0.000000,0.609169,-8.047530
5,55,0.000000,0.609169,-8.047530
6,55,0.000000,0.609169,-8.047530
7,55,0.000000,0.609169,-8.047530
8,55,0.000000,0.609169,-8.047530
9,55,0.000000,0.609169,-8.066146
10,55,0.000000,0.605737,-8.035937
1,56,0.000000,0.512344,0.304030
2,56,0.000000,0.503166,0.389109
3,56,0.000000,0.513262,0.208450
4,56,0.000000,0.516255,0.434662
5,56,0.000000,0.488390,0.231128
6,56,0.000000,0.488111,0.368370
7,56,0.000000,0.477283,-0.060340
8,56,0.000000,0.477283,-0.017047
9,56,0.000000,0.477283,-0.034607
10,56,0.000000,0.478001,0.322469
1,57,0.000000,0.077884,-0.432225
2,57,0.000000,0.077884,-0.364152
3,57,0.000000,0.077884,-0.364152
4,57,0.000000,0.084663,-0.606880
5,57,0.000000,0.084663,-0.606880
6,57,0.000000,0.087994,-0.555891
7,57,0.000000,0.071727,-0.338939
8,57,0.000000,0.071218,-0.338939
9,57,0.000000,0.029300,-0.508103
10,57,0.000000,0.068547,-0.528104
1,58,0.000000,-0.509558,-8.667543
2,58,0.000000,-0.527981,-9.104003
3,58,0.000000,-0.531283,-8.793006
4,58,0.000000,-0.496985,-8.812460
5,58,0.000000,-0.519445,-9.396120
6,58,0.000000,-0.588143,-9.322865
7,58,0.000000,-0.588671,-9.399009
8,58,0.000000,-0.600950,-9.707024
9,58,0.000000,-0.610893,-9.125601
10,58,0.000000,-0.613736,-8.939146
1,59,0.000000,0.117649,6.203405
2,59,0.000000,0.139076,6.543718
3,59,0.000000,0.182211,6.454976
4,59,0.000000,0.088024,6.441604
5,59,0.000000,0.088539,6.464405
6,59,0.000000,0.128570,6.108423
7,59,0.000000,0.123314,6.177956
8,59,0.000000,0.154623,6.345518
9,59,0.000000,0.154623,6.345518
10,59,0.000000,0.150109,6.417264
1,60,0.000000,0.644112,0.887088
2,60,0.000000,0.644112,0.887088
3,60,0.000000,0.644112,0.731230
4,60,0.000000,0.644112,0.731230
5,60,0.000000,0.608472,0.863431
6,60,0.000000,0.646157,0.879501
7,60,0.000000,0.589332,0.504514
8,60,0.000000,0.589332,0.501349
9,60,0.000000,0.656771,0.501349
10,60,0.000000,0.660761,0.455279
1,61,0.000000,0.530420,-7.641711
2,61,0.000000,0.530420,-7.641711
3,61,0.000000,0.530420,-7.641711
4,61,0.000000,0.601168,-7.508025
5,61,0.000000,0.543822,-7.508025
6,61,0.000000,0.543822,-7.713561
7,61,0.000000,0.543822,-7.655578
8,61,0.000000,0.560621,-7.571219
9,61,0.000000,0.560621,-7.571219
10,61,0.000000,0.588910,-7.571219
1,62,0.000000,0.764775,10.072290
2,62,0.000000,0.764775,10.072290
3,62,0.000000,0.735669,10.072290
4,62,0.000000,0.740232,9.994834
5,62,0.000000,0.751494,9.929439
6,62,0.000000,0.756881,10.089380
7,62,0.000000,0.756881,10.089380
8,62,0.000000,0.797974,10.162495
9,62,0.000000,0.797974,10.162495
10,62,0.000000,0.787035,10.162495
1,63,0.000000,-0.596979,-4.954794
2,63,0.000000,-0.596979,-4.965999
3,63,0.000000,-0.592753,-5.064743
4,63,0.000000,-0.603738,-5.031888
5,63,0.000000,-0.603738,-5.031888
6,63,0.000000,-0.595131,-5.031888
7,63,0.000000,-0.606551,-5.224833
8,63,0.000000,-0.621456,-5.256545
9,63,0.000000,-0.622870,-5.256545
10,63,0.000000,-0.622870,-5.256545
1,64,0.000000,0.058903,1.011103
2,64,0.000000,0.033393,1.275608
3,64,0.000000,0.037572,1.398988
4,64,0.000000,0.037572,1.135048
5,64,0.000000,0.037572,0.935768
6,64,0.000000,0.066348,0.935768
7,64,0.000000,0.066787,1.218558
8,64,0.000000,0.066787,1.218558
9,64,0.000000,0.059826,1.119001
10,64,0.000000,0.092687,1.392057
1,65,0.000000,0.055091,8.091569
2,65,0.000000,0.055091,8.091569
3,65,0.000000,0.055091,8.069798
4,65,0.000000,0.024594,8.223204
5,65,0.000000,0.083695,8.140971
6,65,0.000000,0.065245,8.140971
7,65,0.000000,0.068916,8.325558
8,65,0.000000,0.083478,8.325558
9,65,0.000000,0.083478,8.325558
10,65,0.000000,0.083478,8.325558
1,66,0.000000,0.589666,-0.019793
2,66,0.000000,0.589666,-0.103904
3,66,0.000000,0.577494,-0.075600
4,66,0.000000,0.578133,-0.075600
5,66,0.000000,0.588947,-0.075600
6,66,0.000000,0.613707,0.084007
7,66,0.000000,0.615593,0.111998
8,66,0.000000,0.623062,-0.000313
9,66,0.000000,0.623062,-0.000313
10,66,0.000000,0.623062,-0.000313
1,67,0.000000,0.010593,15.086493
2,67,0.000000,0.010940,15.709127
3,67,0.000000,-0.044296,15.554057
4,67,0.000000,-0.095071,15.850417
5,67,0.000000,-0.104448,16.372067
6,67,0.000000,-0.084804,16.475703
7,67,0.000000,-0.103725,16.788152
8,67,0.000000,-0.143849,16.844178
9,67,0.000000,-0.134960,16.872808
10,67,0.000000,-0.127329,16.120667
1,68,0.000000,-0.451107,4.924445
2,68,0.000000,-0.452521,4.924445
3,68,0.000000,-0.452521,4.924445
4,68,0.000000,-0.474709,4.768476
5,68,0.000000,-0.493507,4.425575
6,68,0.000000,-0.493507,4.425575
7,68,0.000000,-0.445410,5.134620
8,68,0.000000,-0.506149,4.649296
9,68,0.000000,-0.506216,4.989946
10,68,0.000000,-0.345074,5.296351
1,69,0.000000,-0.144292,5.808641
2,69,0.000000,-0.206586,5.671288
3,69,0.000000,-0.246323,5.387078
4,69,0.000000,-0.246323,5.387078
5,69,0.000000,-0.254427,5.387078
6,69,0.000000,-0.297269,5.387078
7,69,0.000000,-0.297269,5.415580
8,69,0.000000,-0.269102,5.409188
9,69,0.000000,-0.265687,5.156851
10,69,0.000000,-0.278178,5.290064
1,70,0.000000,-0.616872,5.516725
2,70,0.000000,-0.616872,5.516725
3,70,0.000000,-0.615653,5.190685
4,70,0.000000,-0.516390,4.988823
5,70,0.000000,-0.577235,5.450411
6,70,0.000000,-0.536991,4.919199
7,70,0.000000,-0.591322,5.111623
8,70,0.000000,-0.555121,5.085349
9,70,0.000000,-0.567722,5.333425
10,70,0.000000,-0.550797,4.982665
1,71,0.000000,-0.772449,6.761354
2,71,0.000000,-0.795535,6.539807
3,71,0.000000,-0.772407,6.731392
4,71,0.000000,-0.842275,6.933196
5,71,0.000000,-0.842275,6.939494
6,71,0.000000,-0.812051,6.868081
7,71,0.000000,-0.804807,6.868081
8,71,0.000000,-0.774753,6.889426
9,71,0.000000,-0.786553,6.441184
10,71,0.000000,-0.860051,6.653470
1,72,0.000000,-0.803031,-1.907003
2,72,0.000000,-0.803031,-2.017201
3,72,0.000000,-0.742264,-1.750325
4,72,0.000000,-0.743434,-2.056107
5,72,0.000000,-0.711074,-1.812302
6,72,0.000000,-0.744291,-1.954793
7,72,0.000000,-0.762793,-2.066714
8,72,0.000000,-0.762793,-2.156887
9,72,0.000000,-0.749957,-1.969309
10,72,0.000000,-0.749957,-1.969309
1,73,0.000000,0.021813,-1.545527
2,73,0.000000,0.021813,-1.545527
3,73,0.000000,0.021805,-1.477317
4,73,0.000000,0.078673,-1.477317
5,73,0.000000,0.125237,-1.299874
6,73,0.000000,0.125237,-1.299874
7,73,0.000000,0.105061,-1.364219
8,73,0.000000,0.084601,-1.224936
9,73,0.000000,0.078630,-1.247431
10,73,0.000000,0.051352,-1.440107
1,74,0.000000,0.276723,4.632265
2,74,0.000000,0.276723,4.589431
3,74,0.000000,0.232470,4.807065
4,74,0.000000,0.219090,4.465219
5,74,0.000000,0.224487,4.657345
6,74,0.000000,0.224487,4.657345
7,74,0.000000,0.224487,4.657345
8,74,0.000000,0.208238,4.657345
9,74,0.000000,0.208238,4.657345
10,74,0.000000,0.208238,4.657345
1,75,0.000000,-0.657441,1.152012
2,75,0.000000,-0.688681,0.908820
3,75,0.000000,-0.622700,1.000502
4,75,0.000000,-0.665684,1.233282
5,75,0.000000,-0.611650,1.233282
6,75,0.000000,-0.678712,1.309649
7,75,0.000000,-0.637276,1.137235
8,75,0.000000,-0.628444,1.017857
9,75,0.000000,-0.669998,1.017857
10,75,0.000000,-0.672079,1.059763
1,76,0.000000,0.126288,2.629472
2,76,0.000000,0.127145,2.487106
3,76,0.000000,0.178271,2.170467
4,76,0.000000,0.178271,2.170467
5,76,0.000000,0.178271,2.170467
6,76,0.000000,0.144958,1.745430
7,76,0.000000,0.291446,1.478615
8,76,0.000000,0.333816,1.397889
9,76,0.000000,0.378521,1.271229
10,76,0.000000,0.375696,1.324655
1,77,0.000000,0.283178,-8.329615
2,77,0.000000,0.275299,-8.741644
3,77,0.000000,0.274996,-8.675576
4,77,0.000000,0.274996,-8.564813
5,77,0.000000,0.252619,-8.467127
6,77,0.000000,0.306798,-8.759416
7,77,0.000000,0.254754,-8.759416
8,77,0.000000,0.254754,-8.799587
9,77,0.000000,0.254754,-8.799587
10,77,0.000000,0.251548,-8.765972
1,78,0.000000,0.590361,4.304326
2,78,0.000000,0.590361,4.304326
3,78,0.000000,0.603594,4.189028
4,78,0.000000,0.529485,4.117704
5,78,0.000000,0.516326,4.027330
6,78,0.000000,0.558826,4.295018
7,78,0.000000,0.600019,4.295018
8,78,0.000000,0.604938,4.361123
9,78,0.000000,0.611180,4.136889
10,78,0.000000,0.581409,4.136889
1,79,0.000000,-0.359658,-2.475419
2,79,0.000000,-0.364159,-2.466179
3,79,0.000000,-0.374380,-2.466179
4,79,0.000000,-0.419922,-2.776368
5,79,0.000000,-0.419922,-2.776368
6,79,0.000000,-0.419922,-2.773374
7,79,0.000000,-0.397080,-2.616542
8,79,0.000000,-0.397080,-2.616542
9,79,0.000000,-0.422233,-2.626409
10,79,0.000000,-0.467382,-2.988234
1,80,0.000000,0.911226,8.277027
2,80,0.000000,0.912737,8.864843
3,80,0.000000,1.108083,9.221183
4,80,0.000000,0.986597,8.447430
5,80,0.000000,1.075084,8.126961
6,80,0.000000,1.021548,7.857358
7,80,0.000000,0.912320,8.142975
8,80,0.000000,0.912320,8.544638
9,80,0.000000,0.917326,10.260756
10,80,0.000000,0.983803,9.044529
1,81,0.000000,-0.345736,-6.719538
2,81,0.000000,-0.351106,-6.775458
3,81,0.000000,-0.351106,-6.750524
4,81,0.000000,-0.379431,-6.776028
5,81,0.000000,-0.406823,-7.033300
6,81,0.000000,-0.429021,-7.454927
7,81,0.000000,-0.388251,-6.981043
8,81,0.000000,-0.388251,-6.981043
9,81,0.000000,-0.388251,-6.981043
10,81,0.000000,-0.481093,-7.383172
1,82,0.000000,-0.245893,0.661073
2,82,0.000000,-0.245893,0.906898
3,82,0.000000,-0.245893,0.906898
4,82,0.000000,-0.245893,0.498165
5,82,0.000000,-0.343185,0.378501
6,82,0.000000,-0.249678,0.497805
7,82,0.000000,-0.262937,0.574250
8,82,0.000000,-0.256290,0.706365
9,82,0.000000,-0.288239,0.567731
10,82,0.000000,-0.260363,0.326782
1,83,0.000000,-0.647845,2.934320
2,83,0.000000,-0.668781,2.077998
3,83,0.000000,-0.559416,1.608499
4,83,0.000000,-0.438759,1.366241
5,83,0.000000,-0.453495,1.087139
6,83,0.000000,-0.504966,1.359539
7,83,0.000000,-0.466318,1.224473
8,83,0.000000,-0.438651,1.148494
9,83,0.000000,-0.415065,0.600163
10,83,0.000000,-0.418562,1.026996
1,84,0.000000,-0.397595,-6.441888
2,84,0.000000,-0.397595,-6.441888
3,84,0.000000,-0.397595,-6.528765
4,84,0.000000,-0.417311,-6.697788
5,84,0.000000,-0.417311,-6.693384
6,84,0.000000,-0.401635,-6.285267
7,84,0.000000,-0.401635,-6.285267
8,84,0.000000,-0.401635,-6.285267
9,84,0.000000,-0.423699,-6.483563
10,84,0.000000,-0.428451,-6.458332
1,85,0.000000,-1.047676,1.634043
2,85,0.000000,-1.011815,1.965770
3,85,0.000000,-0.922688,1.533302
4,85,0.000000,-0.950120,1.268777
5,85,0.000000,-0.913167,1.822646
6,85,0.000000,-0.935243,1.613537
7,85,0.000000,-0.831283,1.645897
8,85,0.000000,-1.022428,1.884965
9,85,0.000000,-0.979521,1.674360
10,85,0.000000,-1.065851,1.280497
1,86,0.000000,0.260743,3.194750
2,86,0.000000,0.292922,3.243413
3,86,0.000000,0.277796,3.243413
4,86,0.000000,0.277796,3.243413
5,86,0.000000,0.270642,3.133751
6,86,0.000000,0.256526,3.133751
7,86,0.000000,0.273184,3.269974
8,86,0.000000,0.273184,3.269974
9,86,0.000000,0.251172,3.269974
10,86,0.000000,0.251172,3.124961
1,87,0.000000,0.589204,-8.380445
2,87,0.000000,0.589204,-8.380445
3,87,0.000000,0.589204,-8.380445
4,87,0.000000,0.570246,-8.350549
5,87,0.000000,0.531906,-8.395146
6,87,0.000000,0.530778,-8.395146
7,87,0.000000,0.567963,-8.395146
8,87,0.000000,0.549069,-8.205348
9,87,0.000000,0.708136,-8.205348
10,87,0.000000,0.708136,-8.205348
1,88,0.000000,-0.086536,-1.535775
2,88,0.000000,-0.086536,-1.279321
3,88,0.000000,-0.086536,-1.207368
4,88,0.000000,-0.094917,-1.608449
5,88,0.000000,-0.074023,-1.608449
6,88,0.000000,-0.075065,-1.097057
7,88,0.000000,-0.075065,-1.097057
8,88,0.000000,-0.049247,-1.195902
9,88,0.000000,-0.035192,-0.604512
10,88,0.000000,0.007794,-0.849806
1,89,0.000000,-0.085945,-13.312693
2,89,0.000000,-0.085945,-13.351409
3,89,0.000000,-0.085945,-13.024102
4,89,0.000000,-0.056037,-12.967731
5,89,0.000000,-0.056037,-13.052157
6,89,0.000000,-0.062328,-13.012972
7,89,0.000000,-0.062328,-13.048519
8,89,0.000000,-0.062328,-13.007840
9,89,0.000000,-0.062328,-13.141185
10,89,0.000000,-0.032955,-12.749316
1,90,0.000000,0.460111,6.861598
2,90,0.000000,0.406570,6.740638
3,90,0.000000,0.328457,6.740638
4,90,0.000000,0.364875,6.896492
5,90,0.000000,0.379511,6.790651
6,90,0.000000,0.364550,6.790651
7,90,0.000000,0.318233,7.115654
8,90,0.000000,0.286409,7.152856
9,90,0.000000,0.312383,7.016991
10,90,0.000000,0.363100,6.715552
1,91,0.000000,0.138551,6.187194
2,91,0.000000,0.071990,6.503588
3,91,0.000000,0.082631,6.846550
4,91,0.000000,0.047539,6.444295
5,91,0.000000,0.022125,6.432397
6,91,0.000000,0.005634,6.507156
7,91,0.000000,0.027093,6.681619
8,91,0.000000,0.147626,6.150714
9,91,0.000000,0.094201,6.122420
10,91,0.000000,0.102607,6.288426
1,92,0.000000,-0.500081,-8.087829
2,92,0.000000,-0.499826,-7.939200
3,92,0.000000,-0.506108,-8.227502
4,92,0.000000,-0.530606,-8.118299
5,92,0.000000,-0.478059,-7.819475
6,92,0.000000,-0.490041,-7.819475
7,92,0.000000,-0.472457,-7.819475
8,92,0.000000,-0.470271,-8.180023
9,92,0.000000,-0.470271,-8.180023
10,92,0.000000,-0.470271,-7.969984
1,93,0.000000,-0.124382,-9.547328
2,93,0.000000,-0.168422,-9.822506
3,93,0.000000,-0.168422,-9.822506
4,93,0.000000,-0.141990,-9.812046
5,93,0.000000,-0.141990,-9.812046
6,93,0.000000,-0.132675,-9.710600
7,93,0.000000,-0.150300,-10.020914
8,93,0.000000,-0.109842,-9.462859
9,93,0.000000,-0.099770,-9.437948
10,93,0.000000,-0.099770,-9.437948
1,94,0.000000,0.128768,8.332685
2,94,0.000000,0.069200,8.550205
3,94,0.000000,0.132505,8.329303
4,94,0.000000,0.098030,8.329303
5,94,0.000000,0.098030,8.540676
6,94,0.000000,0.052223,8.311652
7,94,0.000000,0.025577,8.318587
8,94,0.000000,0.025577,8.318587
9,94,0.000000,0.004915,8.122385
10,94,0.000000,0.004915,8.122385
1,95,0.000000,-0.090918,-6.397447
2,95,0.000000,-0.067223,-6.397447
3,95,0.000000,-0.067223,-6.299300
4,95,0.000000,-0.067223,-6.458480
5,95,0.000000,-0.067223,-6.458480
6,95,0.000000,-0.071878,-6.458480
7,95,0.000000,-0.102436,-6.458480
8,95,0.000000,-0.102436,-6.465028
9,95,0.000000,-0.102436,-6.465028
10,95,0.000000,-0.102436,-6.466306
1,96,0.000000,0.128317,-4.921331
2,96,0.000000,0.207676,-4.716063
3,96,0.000000,0.177715,-4.433410
4,96,0.000000,0.199520,-4.507627
5,96,0.000000,0.189906,-4.756189
6,96,0.000000,0.215947,-4.456044
7,96,0.000000,0.215947,-4.259793
8,96,0.000000,0.215947,-4.259793
9,96,0.000000,0.230657,-4.344008
10,96,0.000000,0.216465,-3.975227
1,97,0.000000,0.013421,0.848183
2,97,0.000000,-0.041655,0.620567
3,97,0.000000,-0.041655,0.456461
4,97,0.000000,-0.041655,0.565446
5,97,0.000000,0.077521,0.565446
6,97,0.000000,0.037788,0.814211
7,97,0.000000,0.051547,0.760490
8,97,0.000000,0.006550,0.541715
9,97,0.000000,0.006550,0.541715
10,97,0.000000,0.001272,0.704528
1,98,0.000000,0.436084,-8.392786
2,98,0.000000,0.441385,-8.392786
3,98,0.000000,0.441385,-8.392786
4,98,0.000000,0.443572,-8.392786
5,98,0.000000,0.439017,-8.392786
6,98,0.000000,0.439017,-8.392786
7,98,0.000000,0.439017,-8.396134
8,98,0.000000,0.439017,-8.396134
9,98,0.000000,0.439017,-8.396134
10,98,0.000000,0.439017,-8.396134
1,99,0.000000,-0.067563,5.918662
2,99,0.000000,-0.140921,6.140713
3,99,0.000000,-0.140921,6.013927
4,99,0.000000,-0.205481,6.748432
5,99,0.000000,-0.084983,6.442893
6,99,0.000000,-0.135750,6.142440
7,99,0.000000,-0.100909,6.517231
8,99,0.000000,-0.118681,5.975540
9,99,0.000000,-0.134478,6.481681
10,99,0.000000,-0.114179,6.347184
1,100,0.000000,0.417282,-3.259758
2,100,0.000000,0.417282,-3.259758
3,100,0.000000,0.336495,-3.332183
4,100,0.000000,0.410602,-3.332183
5,100,0.000000,0.438373,-3.184272
6,100,0.000000,0.402757,-3.184272
7,100,0.000000,0.405344,-3.356131
8,100,0.000000,0.354173,-3.435944
9,100,0.000000,0.394310,-3.273956
10,100,0.000000,0.392736,-3.273956
1,101,0.000000,0.683336,-4.311723
2,101,0.000000,0.683336,-4.311723
3,101,0.000000,0.575563,-4.193891
4,101,0.000000,0.636571,-4.464331
5,101,0.000000,0.661914,-4.464331
6,101,0.000000,0.563928,-4.425064
7,101,0.000000,0.585258,-4.593601
8,101,0.000000,0.608314,-4.409174
9,101,0.000000,0.575870,-4.475201
10,101,0.000000,0.568056,-4.475201
1,102,0.000000,-0.103940,6.065994
2,102,0.000000,-0.118953,6.247126
3,102,0.000000,-0.071354,5.787121
4,102,0.000000,0.124408,3.053142
5,102,0.000000,0.211929,3.232048
6,102,0.000000,0.148306,3.402083
7,102,0.000000,0.153794,3.619898
8,102,0.000000,0.158949,3.115139
9,102,0.000000,0.121201,3.484687
10,102,0.000000,0.076710,4.228270
1,103,0.000000,0.012492,10.895542
2,103,0.000000,0.097911,10.895542
3,103,0.000000,-0.005506,10.627730
4,103,0.000000,0.072202,10.583340
5,103,0.000000,-0.011873,10.716216
6,103,0.000000,-0.001509,10.821209
7,103,0.000000,0.018401,10.866228
8,103,0.000000,-0.020362,11.294729
9,103,0.000000,-0.020362,11.161066
10,103,0.000000,-0.020362,11.003900
1,104,0.000000,0.456396,-5.062475
2,104,0.000000,0.456396,-5.335425
3,104,0.000000,0.460230,-5.204873
4,104,0.000000,0.470552,-5.204873
5,104,0.000000,0.470552,-5.204873
6,104,0.000000,0.431781,-5.361725
7,104,0.000000,0.431781,-5.361725
8,104,0.000000,0.431781,-5.361725
9,104,0.000000,0.462922,-5.379680
10,104,0.000000,0.433345,-5.379680
1,105,0.000000,-0.053935,10.927914
2,105,0.000000,-0.053935,10.816619
3,105,0.000000,0.047593,10.259658
4,105,0.000000,0.060249,10.176870
5,105,0.000000,-0.002094,10.242834
6,105,0.000000,0.075621,10.242834
7,105,0.000000,-0.035272,10.194018
8,105,0.000000,0.065707,10.194018
9,105,0.000000,0.090923,9.972218
10,105,0.000000,0.090923,10.013230
1,106,0.000000,1.227336,1.425084
2,106,0.000000,1.139044,1.425084
3,106,0.000000,1.133949,1.425084
4,106,0.000000,1.188290,1.425084
5,106,0.000000,1.188290,1.425084
6,106,0.000000,1.161215,1.438833
7,106,0.000000,1.225079,1.438833
8,106,0.000000,1.131010,1.438833
9,106,0.000000,1.179920,1.438833
10,106,0.000000,1.179920,1.438833
1,107,0.000000,-0.662619,-11.903098
2,107,0.000000,-0.691460,-12.159552
3,107,0.000000,-0.713472,-12.373749
4,107,0.000000,-0.718279,-12.753645
5,107,0.000000,-0.718086,-12.334332
6,107,0.000000,-0.717294,-12.120956
7,107,0.000000,-0.740552,-12.198544
8,107,0.000000,-0.740552,-12.390092
9,107,0.000000,-0.687127,-12.192820
10,107,0.000000,-0.692979,-12.271207
1,108,0.000000,0.748670,-3.579865
2,108,0.000000,0.695397,-3.459552
3,108,0.000000,0.759702,-3.459552
4,108,0.000000,0.696976,-3.297726
5,108,0.000000,0.708237,-3.104583
6,108,0.000000,0.636582,-3.390187
7,108,0.000000,0.753978,-3.379501
8,108,0.000000,0.685339,-3.212914
9,108,0.000000,0.662126,-3.212914
10,108,0.000000,0.729389,-3.228150
1,109,0.000000,0.416402,-4.421692
2,109,0.000000,0.416402,-4.292952
3,109,0.000000,0.380036,-4.292952
4,109,0.000000,0.377779,-4.447807
5,109,0.000000,0.460630,-4.327111
6,109,0.000000,0.460630,-4.334711
7,109,0.000000,0.397580,-4.334711
8,109,0.000000,0.361708,-4.334711
9,109,0.000000,0.384191,-4.577563
10,109,0.000000,0.364879,-4.449823
1,110,0.000000,-0.676073,-6.765738
2,110,0.000000,-0.744948,-7.018220
3,110,0.000000,-0.744948,-7.307341
4,110,0.000000,-0.756232,-6.934585
5,110,0.000000,-0.699277,-7.094243
6,110,0.000000,-0.689600,-6.794041
7,110,0.000000,-0.683473,-6.953216
8,110,0.000000,-0.756331,-6.941140
9,110,0.000000,-0.756331,-6.997528
10,110,0.000000,-0.711707,-6.920513
1,111,0.000000,0.249937,-14.604494
2,111,0.000000,0.234377,-14.770557
3,111,0.000000,0.208440,-14.997763
4,111,0.000000,0.234533,-14.997763
5,111,0.000000,0.234533,-14.997763
6,111,0.000000,0.134480,-14.788730
7,111,0.000000,0.321480,-14.788730
8,111,0.000000,0.214609,-14.858600
9,111,0.000000,0.232354,-14.781273
10,111,0.000000,0.236164,-14.781273
1,112,0.000000,-0.493101,-2.047237
2,112,0.000000,-0.516940,-2.542371
3,112,0.000000,-0.566894,-2.542371
4,112,0.000000,-0.513618,-2.228832
5,112,0.000000,-0.485750,-2.244181
6,112,0.000000,-0.523369,-2.321840
7,112,0.000000,-0.533199,-2.548148
8,112,0.000000,-0.555278,-2.548148
9,112,0.000000,-0.560318,-2.560792
10,112,0.000000,-0.560318,-2.560792
1,113,0.000000,0.303523,-2.506585
2,113,0.000000,0.303523,-2.506585
3,113,0.000000,0.303523,-2.506585
4,113,0.000000,0.297054,-2.479130
5,113,0.000000,0.328032,-2.479130
6,113,0.000000,0.328032,-2.479130
7,113,0.000000,0.289315,-2.830706
8,113,0.000000,0.289315,-2.830706
9,113,0.000000,0.276634,-2.830706
10,113,0.000000,0.320620,-2.695608
1,114,0.000000,-0.777194,-3.589979
2,114,0.000000,-0.724925,-3.442739
3,114,0.000000,-0.759486,-4.007007
4,114,0.000000,-0.753811,-3.892579
5,114,0.000000,-0.854638,-3.617444
6,114,0.000000,-0.850178,-3.617444
7,114,0.000000,-0.859543,-4.243589
8,114,0.000000,-0.872556,-4.239578
9,114,0.000000,-0.872556,-4.007868
10,114,0.000000,-0.870456,-4.286008
1,115,0.000000,-0.132698,-0.863922
2,115,0.000000,-0.132698,-0.863922
3,115,0.000000,-0.126601,-0.922340
4,115,0.000000,-0.155040,-1.047925
5,115,0.000000,-0.159010,-0.934232
6,115,0.000000,-0.159010,-1.222314
7,115,0.000000,-0.184974,-1.223719
8,115,0.000000,-0.153021,-1.257134
9,115,0.000000,-0.153021,-1.262619
10,115,0.000000,-0.142496,-0.944501
1,116,0.000000,0.226788,-8.518254
2,116,0.000000,0.219476,-8.518254
3,116,0.000000,0.219476,-8.518254
4,116,0.000000,0.189979,-8.617736
5,116,0.000000,0.242109,-8.411513
6,116,0.000000,0.218794,-8.411513
7,116,0.000000,0.218794,-8.411513
8,116,0.000000,0.218794,-8.411513
9,116,0.000000,0.218794,-8.411513
10,116,0.000000,0.251544,-8.411513
1,117,0.000000,0.106698,8.689205
2,117,0.000000,0.139035,9.306330
3,117,0.000000,0.093721,8.836627
4,117,0.000000,0.152992,8.836627
5,117,0.000000,0.131906,8.836627
6,117,0.000000,0.074666,8.646714
7,117,0.000000,0.127522,9.041973
8,117,0.000000,0.118176,8.888216
9,117,0.000000,0.091486,9.302823
10,117,0.000000,0.058389,8.888884
1,118,0.000000,-1.019642,16.829972
2,118,0.000000,-1.038156,15.945324
3,118,0.000000,-1.049193,16.548648
4,118,0.000000,-0.913105,15.867308
5,118,0.000000,-0.972012,15.197978
6,118,0.000000,-0.951452,16.000423
7,118,0.000000,-0.949099,16.007784
8,118,0.000000,-0.923741,15.337857
9,118,0.000000,-0.870222,15.373628
10,118,0.000000,-0.865298,15.076466
1,119,0.000000,1.058956,-7.600199
2,119,0.000000,1.083439,-7.530162
3,119,0.000000,1.096999,-7.532336
4,119,0.000000,1.073657,-7.580731
5,119,0.000000,1.025711,-7.621259
6,119,0.000000,1.025711,-7.621259
7,119,0.000000,1.027307,-7.621259
8,119,0.000000,1.099019,-7.475340
9,119,0.000000,1.099019,-7.475340
10,119,0.000000,1.078850,-7.504595
1,120,0.000000,0.416600,13.023589
2,120,0.000000,0.467110,12.832542
3,120,0.000000,0.364704,12.834215
4,120,0.000000,0.489438,12.472399
5,120,0.000000,0.480802,11.921337
6,120,0.000000,0.720929,12.060379
7,120,0.000000,0.848522,11.007084
8,120,0.000000,0.954876,10.438806
9,120,0.000000,0.899173,9.960974
10,120,0.000000,0.899173,9.915578
1,121,0.000000,0.045172,-3.912471
2,121,0.000000,-0.017870,-3.885328
3,121,0.000000,0.017675,-3.880837
4,121,0.000000,0.030342,-3.774995
5,121,0.000000,-0.007355,-4.052970
6,121,0.000000,-0.028439,-3.915997
7,121,0.000000,-0.050340,-3.915997
8,121,0.000000,-0.059475,-3.988098
9,121,0.000000,-0.015903,-3.716730
10,121,0.000000,-0.015903,-3.861635
1,122,0.000000,-0.289392,13.316248
2,122,0.000000,-0.259449,13.366748
3,122,0.000000,-0.219459,13.161322
4,122,0.000000,-0.219459,13.161322
5,122,0.000000,-0.165826,12.861526
6,122,0.000000,-0.131593,13.133951
7,122,0.000000,-0.131593,12.787971
8,122,0.000000,-0.111106,12.250270
9,122,0.000000,-0.083824,12.631647
10,122,0.000000,-0.115308,12.364458
1,123,0.000000,-0.003763,14.635903
2,123,0.000000,0.036926,15.124825
3,123,0.000000,-0.001346,14.692102
4,123,0.000000,0.162220,15.064263
5,123,0.000000,0.092031,14.879912
6,123,0.000000,0.092031,14.879912
7,123,0.000000,0.058875,14.745912
8,123,0.000000,0.136884,14.900616
9,123,0.000000,0.036830,14.900616
10,123,0.000000,-0.020825,15.140408
1,124,0.000000,-0.079572,8.740661
2,124,0.000000,-0.059032,8.778503
3,124,0.000000,-0.025292,8.778503
4,124,0.000000,0.033783,8.372254
5,124,0.000000,0.033783,8.750982
6,124,0.000000,0.041848,8.750982
7,124,0.000000,0.083467,8.961487
8,124,0.000000,0.023681,8.955607
9,124,0.000000,-0.045117,8.835283
10,124,0.000000,-0.057986,8.698676
1,125,0.000000,0.143411,3.146594
2,125,0.000000,0.078774,3.348399
3,125,0.000000,0.060976,3.451151
4,125,0.000000,0.223254,3.464834
5,125,0.000000,0.197404,3.130408
6,125,0.000000,0.108452,3.352713
7,125,0.000000,0.117848,3.267847
8,125,0.000000,0.157959,3.214117
9,125,0.000000,0.153562,3.162714
10,125,0.000000,0.153562,3.390708
1,126,0.000000,-0.706409,1.805114
2,126,0.000000,-0.770698,1.829019
3,126,0.000000,-0.676031,1.860404
4,126,0.000000,-0.751221,1.760086
5,126,0.000000,-0.732237,1.898974
6,126,0.000000,-0.685169,1.919312
7,126,0.000000,-0.675845,1.631737
8,126,0.000000,-0.675845,1.915107
9,126,0.000000,-0.740931,1.903343
10,126,0.000000,-0.765573,2.006225
1,127,0.000000,-0.538455,9.664810
2,127,0.000000,-0.520319,9.510326
3,127,0.000000,-0.584941,10.175783
4,127,0.000000,-0.599527,9.994548
5,127,0.000000,-0.592291,9.860329
6,127,0.000000,-0.611060,9.895991
7,127,0.000000,-0.586851,9.577782
8,127,0.000000,-0.638000,10.477548
9,127,0.000000,-0.658038,10.676083
10,127,0.000000,-0.676192,11.342822
1,128,0.000000,-1.361630,13.703648
2,128,0.000000,-1.292456,13.172166
3,128,0.000000,-1.230141,13.441324
4,128,0.000000,-1.318846,14.330782
5,128,0.000000,-1.339460,13.046352
6,128,0.000000,-1.332153,13.505839
7,128,0.000000,-1.248311,14.242022
8,128,0.000000,-1.248311,13.909569
9,128,0.000000,-1.257615,13.830948
10,128,0.000000,-1.183060,13.093576
1,129,0.000000,0.341612,12.182922
2,129,0.000000,0.386428,12.172133
3,129,0.000000,0.301520,12.189624
4,129,0.000000,0.309845,12.380900
5,129,0.000000,0.361629,12.197326
6,129,0.000000,0.361629,12.053089
7,129,0.000000,0.331580,12.424713
8,129,0.000000,0.331580,11.993505
9,129,0.000000,0.349723,12.239565
10,129,0.000000,0.417324,12.239565
1,130,0.000000,-0.694457,13.396152
2,130,0.000000,-0.718526,13.396152
3,130,0.000000,-0.724878,13.146623
4,130,0.000000,-0.774910,13.484125
5,130,0.000000,-0.775577,14.174936
6,130,0.000000,-0.775577,14.174936
7,130,0.000000,-0.747158,14.272263
8,130,0.000000,-0.747158,13.259495
9,130,0.000000,-0.699700,13.276784
10,130,0.000000,-0.667207,13.530504
1,131,0.000000,0.402928,-9.456580
2,131,0.000000,0.402928,-9.456580
3,131,0.000000,0.403602,-9.453833
4,131,0.000000,0.403602,-9.328228
5,131,0.000000,0.422243,-9.339241
6,131,0.000000,0.422243,-9.339241
7,131,0.000000,0.422243,-9.339241
8,131,0.000000,0.422243,-9.339241
9,131,0.000000,0.412124,-9.264240
10,131,0.000000,0.416291,-9.383236
1,132,0.000000,-0.493279,-1.741409
2,132,0.000000,-0.453856,-1.825446
3,132,0.000000,-0.500873,-1.550305
4,132,0.000000,-0.533840,-1.735729
5,132,0.000000,-0.533840,-1.735729
6,132,0.000000,-0.538700,-2.238880
7,132,0.000000,-0.538700,-2.030164
8,132,0.000000,-0.583550,-2.223129
9,132,0.000000,-0.590259,-2.423423
10,132,0.000000,-0.590259,-2.423423
1,133,0.000000,0.250644,-0.231235
2,133,0.000000,0.250644,-0.231235
3,133,0.000000,0.250644,-0.231235
4,133,0.000000,0.221058,-0.409215
5,133,0.000000,0.221058,-0.409215
6,133,0.000000,0.221058,-0.409215
7,133,0.000000,0.251446,-0.094875
8,133,0.000000,0.251446,-0.188897
9,133,0.000000,0.252013,-0.198939
10,133,0.000000,0.251843,-0.154213
1,134,0.000000,0.459350,3.774993
2,134,0.000000,0.422721,3.977384
3,134,0.000000,0.434142,3.994098
4,134,0.000000,0.434142,3.994098
5,134,0.000000,0.410392,4.299718
6,134,0.000000,0.449605,4.051177
7,134,0.000000,0.449605,4.192109
8,134,0.000000,0.449605,4.192109
9,134,0.000000,0.462353,3.900453
10,134,0.000000,0.444362,4.299630
1,135,0.000000,-0.812054,6.004682
2,135,0.000000,-0.823733,6.251696
3,135,0.000000,-0.802491,5.780160
4,135,0.000000,-0.891530,5.295505
5,135,0.000000,-0.876771,5.442032
6,135,0.000000,-0.876771,6.200906
7,135,0.000000,-0.865571,6.079253
8,135,0.000000,-0.790275,5.152022
9,135,0.000000,-0.891591,6.006026
10,135,0.000000,-0.891591,5.626207
1,136,0.000000,1.431689,-2.491441
2,136,0.000000,1.404941,-2.595861
3,136,0.000000,1.299189,-2.536687
4,136,0.000000,1.167419,-2.537721
5,136,0.000000,1.167419,-2.537721
6,136,0.000000,1.167419,-2.522285
7,136,0.000000,1.285278,-2.455550
8,136,0.000000,1.350086,-2.598834
9,136,0.000000,1.354958,-2.423227
10,136,0.000000,1.227106,-2.473128
1,137,0.000000,0.013327,3.772156
2,137,0.000000,0.013327,3.987099
3,137,0.000000,-0.001845,3.987099
4,137,0.000000,-0.002000,3.931296
5,137,0.000000,-0.014583,3.795597
6,137,0.000000,0.063087,3.615479
7,137,0.000000,0.015435,3.658264
8,137,0.000000,0.051133,3.658264
9,137,0.000000,0.030414,3.774630
10,137,0.000000,0.067154,3.774630
1,138,0.000000,1.484338,-5.391000
2,138,0.000000,1.669434,-5.294547
3,138,0.000000,1.677167,-5.294547
4,138,0.000000,1.643820,-5.301314
5,138,0.000000,1.612723,-5.301314
6,138,0.000000,1.734163,-5.213222
7,138,0.000000,1.733329,-5.213222
8,138,0.000000,1.737614,-5.261092
9,138,0.000000,1.610133,-5.273298
10,138,0.000000,1.701145,-5.274379
1,139,0.000000,-0.468023,-16.274486
2,139,0.000000,-0.437006,-15.938460
3,139,0.000000,-0.402883,-16.030158
4,139,0.000000,-0.402883,-15.771566
5,139,0.000000,-0.433767,-16.104127
6,139,0.000000,-0.433767,-16.104127
7,139,0.000000,-0.443573,-16.413226
8,139,0.000000,-0.435745,-15.929856
9,139,0.000000,-0.435745,-16.197687
10,139,0.000000,-0.435745,-16.197687
1,140,0.000000,-0.798752,9.399076
2,140,0.000000,-0.798462,9.312575
3,140,0.000000,-0.745155,9.206351
4,140,0.000000,-0.879112,9.670788
5,140,0.000000,-0.891766,10.040126
6,140,0.000000,-0.901476,10.075600
7,140,0.000000,-0.887040,10.295733
8,140,0.000000,-0.889534,10.423080
9,140,0.000000,-0.913678,9.992326
10,140,0.000000,-0.847117,9.932925
1,141,0.000000,-0.336434,-0.613349
2,141,0.000000,-0.307754,-0.483121
3,141,0.000000,-0.307754,-0.420305
4,141,0.000000,-0.307754,-0.707845
5,141,0.000000,-0.325470,-0.574879
6,141,0.000000,-0.325470,-0.619572
7,141,0.000000,-0.300468,-0.405529
8,141,0.000000,-0.311027,-0.691689
9,141,0.000000,-0.311027,-0.764933
10,141,0.000000,-0.322049,-0.715237
1,142,0.000000,0.101303,-13.135885
2,142,0.000000,0.140471,-13.135885
3,142,0.000000,0.140471,-13.135885
4,142,0.000000,0.150855,-13.079563
5,142,0.000000,0.139162,-13.141584
6,142,0.000000,0.101407,-12.928356
7,142,0.000000,0.101407,-13.310619
8,142,0.000000,0.104208,-13.310619
9,142,0.000000,0.084374,-13.310619
10,142,0.000000,0.084894,-13.172225
1,143,0.000000,0.088225,3.758687
2,143,0.000000,0.088225,4.051835
3,143,0.000000,0.089025,4.117018
4,143,0.000000,0.089025,4.091682
5,143,0.000000,0.089025,4.091682
6,143,0.000000,0.089025,4.091682
7,143,0.000000,0.017283,4.279091
8,143,0.000000,0.017283,4.207763
9,143,0.000000,0.011806,4.207763
10,143,0.000000,-0.014155,4.685245
1,144,0.000000,-0.378859,-5.679831
2,144,0.000000,-0.378859,-5.712411
3,144,0.000000,-0.378859,-5.712411
4,144,0.000000,-0.380272,-5.594402
5,144,0.000000,-0.377672,-5.425641
6,144,0.000000,-0.377672,-5.425641
7,144,0.000000,-0.362423,-5.161530
8,144,0.000000,-0.362423,-5.161530
9,144,0.000000,-0.410677,-6.025112
10,144,0.000000,-0.418591,-6.185948
1,145,0.000000,0.775431,6.136386
2,145,0.000000,0.063350,12.994126
3,145,0.000000,-0.032443,11.706218
4,145,0.000000,-0.061071,11.845862
5,145,0.000000,0.840927,5.798033
6,145,0.000000,0.724348,5.471162
7,145,0.000000,0.608292,6.028242
8,145,0.000000,0.746916,6.887565
9,145,0.000000,0.750659,7.236297
10,145,0.000000,0.559842,6.879527
1,146,0.000000,0.125996,-4.213747
2,146,0.000000,0.098817,-4.213747
3,146,0.000000,0.116838,-4.038341
4,146,0.000000,0.149385,-3.990557
5,146,0.000000,0.124772,-3.990557
6,146,0.000000,0.124772,-3.990557
7,146,0.000000,0.124772,-3.990557
8,146,0.000000,0.095057,-3.932619
9,146,0.000000,0.135728,-3.834581
10,146,0.000000,0.116561,-3.882829
1,147,0.000000,0.518086,-13.296975
2,147,0.000000,0.523941,-13.028349
3,147,0.000000,0.501552,-13.028349
4,147,0.000000,0.509624,-13.246026
5,147,0.000000,0.509624,-13.246026
6,147,0.000000,0.525680,-13.247536
7,147,0.000000,0.492840,-13.247536
8,147,0.000000,0.528777,-13.025519
9,147,0.000000,0.528777,-12.919312
10,147,0.000000,0.495983,-13.336796
1,148,0.000000,-0.087687,-2.965988
2,148,0.000000,-0.087687,-2.857313
3,148,0.000000,-0.087687,-2.857313
4,148,0.000000,-0.087687,-2.597246
5,148,0.000000,-0.117846,-2.576033
6,148,0.000000,-0.068727,-2.580333
7,148,0.000000,-0.091328,-2.580333
8,148,0.000000,-0.091230,-2.869146
9,148,0.000000,-0.111424,-3.015550
10,148,0.000000,-0.101294,-3.109620
1,149,0.000000,0.013159,1.339933
2,149,0.000000,0.116502,1.279070
3,149,0.000000,0.070160,1.336979
4,149,0.000000,0.034956,1.086530
5,149,0.000000,-0.035420,1.086530
6,149,0.000000,-0.025137,1.090082
7,149,0.000000,-0.025137,1.090082
8,149,0.000000,-0.027263,1.289104
9,149,0.000000,-0.029696,1.289104
10,149,0.000000,0.089179,1.282142
1,150,0.000000,-0.064555,1.831745
2,150,0.000000,-0.056823,1.831745
3,150,0.000000,-0.056823,1.418000
4,150,0.000000,0.105579,1.453183
5,150,0.000000,-0.014753,1.516852
6,150,0.000000,-0.014753,1.520455
7,150,0.000000,-0.029034,1.499970
8,150,0.000000,0.039217,1.261451
9,150,0.000000,0.039217,1.261451
10,150,0.000000,0.008871,1.324074
1,151,0.000000,-1.132442,12.891318
2,151,0.000000,-1.144556,13.978766
3,151,0.000000,-1.144556,13.978766
4,151,0.000000,-1.197714,13.809853
5,151,0.000000,-1.099253,13.217444
6,151,0.000000,-1.102400,13.050743
7,151,0.000000,-1.092528,13.235832
8,151,0.000000,-1.083014,12.982380
9,151,0.000000,-1.083014,13.260078
10,151,0.000000,-1.113773,13.438779
1,152,0.000000,-0.348299,-0.341219
2,152,0.000000,-0.327210,-0.536455
3,152,0.000000,-0.327210,-0.228525
4,152,0.000000,-0.324339,-0.181963
5,152,0.000000,-0.280124,-0.181963
6,152,0.000000,-0.287120,-0.305134
7,152,0.000000,-0.287120,-0.017299
8,152,0.000000,-0.298528,-0.347926
9,152,0.000000,-0.296369,-0.294981
10,152,0.000000,-0.296369,-0.294981
1,153,0.000000,0.001725,3.797605
2,153,0.000000,0.012582,3.797605
3,153,0.000000,0.012582,3.758334
4,153,0.000000,-0.008684,3.796494
5,153,0.000000,0.026294,3.796494
6,153,0.000000,-0.012566,3.796494
7,153,0.000000,-0.025796,3.796494
8,153,0.000000,-0.025796,3.934911
9,153,0.000000,-0.021357,3.698606
10,153,0.000000,0.010453,3.773312
1,154,0.000000,0.674530,10.318683
2,154,0.000000,0.617699,10.575810
3,154,0.000000,0.617699,10.240752
4,154,0.000000,0.617699,10.165424
5,154,0.000000,0.637175,10.384606
6,154,0.000000,0.580393,10.650735
7,154,0.000000,0.539421,11.083470
8,154,0.000000,0.580129,10.574680
9,154,0.000000,0.703601,10.207112
10,154,0.000000,0.667992,10.145283
1,155,0.000000,-0.608086,4.381719
2,155,0.000000,-0.608086,4.381719
3,155,0.000000,-0.587008,3.182921
4,155,0.000000,-0.516284,3.053252
5,155,0.000000,-0.544914,3.705109
6,155,0.000000,-0.543154,3.705109
7,155,0.000000,-0.522708,3.727172
8,155,0.000000,-0.522708,3.727172
9,155,0.000000,-0.487923,3.806394
10,155,0.000000,-0.543041,4.093616
1,156,0.000000,0.050571,12.430978
2,156,0.000000,0.018466,12.430978
3,156,0.000000,-0.011812,12.411634
4,156,0.000000,0.010637,12.072496
5,156,0.000000,0.010127,12.727259
6,156,0.000000,0.130389,12.521254
7,156,0.000000,0.131605,12.830726
8,156,0.000000,0.131605,12.830726
9,156,0.000000,0.012536,12.202626
10,156,0.000000,0.084853,12.485142
1,157,0.000000,0.645768,-6.244980
2,157,0.000000,0.645768,-6.250038
3,157,0.000000,0.645768,-6.139059
4,157,0.000000,0.645768,-6.139059
5,157,0.000000,0.645768,-6.139059
6,157,0.000000,0.645768,-6.139059
7,157,0.000000,0.645768,-6.139059
8,157,0.000000,0.645768,-6.139059
9,157,0.000000,0.645768,-6.137841
10,157,0.000000,0.677196,-6.137841
1,158,0.000000,-0.128841,-10.350804
2,158,0.000000,-0.128841,-10.350804
3,158,0.000000,-0.128841,-10.350804
4,158,0.000000,-0.128841,-10.534018
5,158,0.000000,-0.128841,-10.534018
6,158,0.000000,-0.128841,-10.534018
7,158,0.000000,-0.118681,-10.221116
8,158,0.000000,-0.118681,-10.221116
9,158,0.000000,-0.133468,-10.487097
10,158,0.000000,-0.104087,-10.152128
1,159,0.000000,-0.143623,7.012740
2,159,0.000000,-0.129377,6.866725
3,159,0.000000,-0.129377,6.866725
4,159,0.000000,-0.178363,6.537913
5,159,0.000000,-0.146629,6.580213
6,159,0.000000,-0.160003,6.613771
7,159,0.000000,-0.104609,7.032371
8,159,0.000000,-0.104609,7.032371
9,159,0.000000,-0.169961,6.676713
10,159,0.000000,-0.105704,6.691140
1,160,0.000000,-0.186089,2.747949
2,160,0.000000,-0.212287,2.524190
3,160,0.000000,-0.198799,2.718281
4,160,0.000000,-0.198799,2.718281
5,160,0.000000,-0.198799,2.572428
6,160,0.000000,-0.188392,2.572428
7,160,0.000000,-0.112708,2.716507
8,160,0.000000,-0.186597,2.927222
9,160,0.000000,-0.186597,2.478708
10,160,0.000000,-0.112974,2.962231
1,161,0.000000,0.106193,5.526403
2,161,0.000000,0.124441,5.306530
3,161,0.000000,0.151973,5.306530
4,161,0.000000,0.129113,5.085327
5,161,0.000000,0.111821,5.112588
6,161,0.000000,0.159161,5.319194
7,161,0.000000,0.147232,5.319194
8,161,0.000000,0.147232,5.243725
9,161,0.000000,0.142105,5.026833
10,161,0.000000,0.188688,4.937619
1,162,0.000000,-0.261318,17.179475
2,162,0.000000,-0.295091,17.159205
3,162,0.000000,-0.287017,16.992226
4,162,0.000000,-0.287017,16.992226
5,162,0.000000,-0.255978,16.367811
6,162,0.000000,-0.247568,16.326034
7,162,0.000000,-0.192834,16.516277
8,162,0.000000,-0.243122,16.509737
9,162,0.000000,-0.220282,16.801432
10,162,0.000000,-0.231875,16.912019
1,163,0.000000,-0.535776,7.190931
2,163,0.000000,-0.498006,7.390950
3,163,0.000000,-0.491151,7.390950
4,163,0.000000,-0.516157,7.013828
5,163,0.000000,-0.499055,7.160683
6,163,0.000000,-0.499055,7.160683
7,163,0.000000,-0.500357,7.067769
8,163,0.000000,-0.531662,6.787777
9,163,0.000000,-0.554586,6.949653
10,163,0.000000,-0.540465,6.917277
1,164,0.000000,-1.023072,8.949901
2,164,0.000000,-1.011865,9.455770
3,164,0.000000,-0.949684,7.932054
4,164,0.000000,-1.007290,8.612901
5,164,0.000000,-0.981023,8.178673
6,164,0.000000,-1.004477,8.349208
7,164,0.000000,-1.006684,8.054603
8,164,0.000000,-0.997003,8.241302
9,164,0.000000,-1.052224,9.113592
10,164,0.000000,-1.016233,8.326258
1,165,0.000000,0.296585,-3.271325
2,165,0.000000,0.337145,-3.192009
3,165,0.000000,0.337145,-3.192009
4,165,0.000000,0.337145,-3.192009
5,165,0.000000,0.337145,-3.077506
6,165,0.000000,0.362911,-2.826675
7,165,0.000000,0.352928,-3.220424
8,165,0.000000,0.359092,-3.264931
9,165,0.000000,0.383893,-2.949188
10,165,0.000000,0.391432,-3.033659
1,166,0.000000,-0.388344,4.173801
2,166,0.000000,-0.353196,4.343853
3,166,0.000000,-0.344051,4.420777
4,166,0.000000,-0.323686,4.205177
5,166,0.000000,-0.283152,4.583349
6,166,0.000000,-0.342772,4.532620
7,166,0.000000,-0.334884,4.532620
8,166,0.000000,-0.307904,4.532620
9,166,0.000000,-0.355012,4.453979
10,166,0.000000,-0.399353,4.581611
1,167,0.000000,-1.533681,15.636840
2,167,0.000000,-1.538007,15.412582
3,167,0.000000,-1.589011,16.256496
4,167,0.000000,-1.549086,14.777795
5,167,0.000000,-1.501320,14.637327
6,167,0.000000,-1.458810,14.523861
7,167,0.000000,-1.516779,14.835757
8,167,0.000000,-1.516779,14.269704
9,167,0.000000,-1.477954,14.352023
10,167,0.000000,-1.458324,14.621241
1,168,0.000000,0.687050,15.253680
2,168,0.000000,0.647405,15.647629
3,168,0.000000,0.858369,15.028403
4,168,0.000000,0.873064,14.281171
5,168,0.000000,0.844946,14.489832
6,168,0.000000,0.894552,14.258737
7,168,0.000000,0.891077,13.042572
8,168,0.000000,0.833555,12.550099
9,168,0.000000,1.104558,12.659743
10,168,0.000000,1.095404,13.447214
1,169,0.000000,0.692078,-7.165843
2,169,0.000000,0.692078,-7.165843
3,169,0.000000,0.692078,-7.070066
4,169,0.000000,0.679144,-7.202461
5,169,0.000000,0.679144,-7.202461
6,169,0.000000,0.622345,-7.202461
7,169,0.000000,0.609294,-7.508449
8,169,0.000000,0.687059,-6.969602
9,169,0.000000,0.637133,-7.407899
10,169,0.000000,0.637133,-7.407899
1,170,0.000000,0.034338,0.049729
2,170,0.000000,0.043184,0.049729
3,170,0.000000,0.043184,0.049729
4,170,0.000000,0.070793,0.200903
5,170,0.000000,0.070793,0.200903
6,170,0.000000,0.088605,0.200903
7,170,0.000000,0.088605,0.200903
8,170,0.000000,0.095940,0.343897
9,170,0.000000,0.089336,0.181461
10,170,0.000000,0.086230,0.284495
1,171,0.000000,-0.966364,0.552490
2,171,0.000000,-0.982605,1.070607
3,171,0.000000,-1.051081,1.126372
4,171,0.000000,-1.051081,0.285941
5,171,0.000000,-0.994850,0.663547
6,171,0.000000,-0.981072,0.521616
7,171,0.000000,-0.981072,0.521616
8,171,0.000000,-0.981072,0.521616
9,171,0.000000,-0.989137,0.531960
10,171,0.000000,-0.992461,0.271230
1,172,0.000000,-0.169541,-0.685582
2,172,0.000000,-0.193005,-0.685582
3,172,0.000000,-0.167941,-0.619084
4,172,0.000000,-0.159865,-0.619084
5,172,0.000000,-0.161351,-0.619084
6,172,0.000000,-0.210805,-0.456500
7,172,0.000000,-0.164647,-0.770665
8,172,0.000000,-0.132178,-0.775515
9,172,0.000000,-0.165410,-0.606444
10,172,0.000000,-0.169946,-0.680013
1,173,0.000000,0.547346,-5.665503
2,173,0.000000,0.565113,-5.665503
3,173,0.000000,0.565113,-5.665503
4,173,0.000000,0.565113,-5.614244
5,173,0.000000,0.565113,-5.614244
6,173,0.000000,0.565113,-5.614244
7,173,0.000000,0.565113,-5.614244
8,173,0.000000,0.576760,-5.561998
9,173,0.000000,0.576760,-5.561998
10,173,0.000000,0.576760,-5.561998
1,174,0.000000,-0.948552,1.295750
2,174,0.000000,-0.950648,0.966938
3,174,0.000000,-0.938298,1.042471
4,174,0.000000,-0.897970,1.318801
5,174,0.000000,-0.896560,0.842356
6,174,0.000000,-0.952852,1.334361
7,174,0.000000,-0.909230,0.981782
8,174,0.000000,-0.955109,0.616616
9,174,0.000000,-0.938644,0.691442
10,174,0.000000,-0.881747,0.701128
1,175,0.000000,-0.482033,-1.590173
2,175,0.000000,-0.484004,-1.906360
3,175,0.000000,-0.468372,-1.569876
4,175,0.000000,-0.469764,-1.671397
5,175,0.000000,-0.469764,-1.563182
6,175,0.000000,-0.469764,-1.563182
7,175,0.000000,-0.534793,-1.563182
8,175,0.000000,-0.477265,-1.493241
9,175,0.000000,-0.476757,-1.465766
10,175,0.000000,-0.476757,-1.465766
1,176,0.000000,0.070491,-6.212378
2,176,0.000000,0.020974,-6.606336
3,176,0.000000,0.019236,-6.617404
4,176,0.000000,0.019236,-6.723966
5,176,0.000000,0.039685,-6.448130
6,176,0.000000,0.039685,-6.448130
7,176,0.000000,0.011589,-6.448130
8,176,0.000000,0.020341,-6.448130
9,176,0.000000,0.052757,-6.316648
10,176,0.000000,0.037275,-6.316648
1,177,0.000000,0.603552,7.866714
2,177,0.000000,0.486547,8.851665
3,177,0.000000,0.405595,7.722202
4,177,0.000000,0.395168,7.759663
5,177,0.000000,0.810261,6.323744
6,177,0.000000,0.791486,7.505866
7,177,0.000000,0.716619,6.953104
8,177,0.000000,0.759969,5.523002
9,177,0.000000,0.782902,5.683919
10,177,0.000000,0.663310,6.631580
1,178,0.000000,0.180325,10.356900
2,178,0.000000,0.215095,10.436217
3,178,0.000000,0.133723,10.173142
4,178,0.000000,0.133447,10.116714
5,178,0.000000,0.126289,10.116714
6,178,0.000000,0.126289,10.116714
7,178,0.000000,0.178060,10.459770
8,178,0.000000,0.152017,10.411050
9,178,0.000000,0.144243,10.267197
10,178,0.000000,0.148554,10.198956
1,179,0.000000,0.179640,-4.323261
2,179,0.000000,0.202749,-4.323261
3,179,0.000000,0.209645,-4.674986
4,179,0.000000,0.219783,-4.375817
5,179,0.000000,0.219783,-4.498676
6,179,0.000000,0.265940,-4.498676
7,179,0.000000,0.265940,-4.305036
8,179,0.000000,0.232574,-4.456598
9,179,0.000000,0.232574,-4.230978
10,179,0.000000,0.227221,-4.804065
1,180,0.000000,-0.031451,-9.016764
2,180,0.000000,-0.037214,-9.016764
3,180,0.000000,-0.048217,-9.420963
4,180,0.000000,-0.047974,-9.345483
5,180,0.000000,0.017403,-9.287527
6,180,0.000000,0.017403,-9.287527
7,180,0.000000,-0.033851,-9.309817
8,180,0.000000,-0.030557,-9.309817
9,180,0.000000,-0.016842,-9.309817
10,180,0.000000,0.047823,-9.114271
1,181,0.000000,0.810645,0.529328
2,181,0.000000,0.793041,0.307895
3,181,0.000000,0.811714,0.306047
4,181,0.000000,0.803248,0.311060
5,181,0.000000,0.803248,0.311060
6,181,0.000000,0.803248,0.311060
7,181,0.000000,0.804969,0.424020
8,181,0.000000,0.804969,0.424020
9,181,0.000000,0.823831,0.424020
10,181,0.000000,0.823831,0.424020
1,182,0.000000,-1.074414,-4.037778
2,182,0.000000,-1.080056,-4.385244
3,182,0.000000,-0.935578,-4.145043
4,182,0.000000,-0.911189,-3.802036
5,182,0.000000,-0.884415,-4.175885
6,182,0.000000,-0.975532,-3.834528
7,182,0.000000,-0.975532,-4.086991
8,182,0.000000,-1.054161,-3.974456
9,182,0.000000,-1.012720,-3.974456
10,182,0.000000,-1.035553,-3.718352
1,183,0.000000,-0.331735,0.749282
2,183,0.000000,-0.353591,0.455553
3,183,0.000000,-0.339725,-0.071589
4,183,0.000000,-0.350762,0.221039
5,183,0.000000,-0.338011,0.274695
6,183,0.000000,-0.366180,0.419410
7,183,0.000000,-0.364943,0.299185
8,183,0.000000,-0.364943,0.259529
9,183,0.000000,-0.347087,-0.094647
10,183,0.000000,-0.343820,0.274362
1,184,0.000000,-0.004463,-1.572101
2,184,0.000000,0.012265,-1.573830
3,184,0.000000,0.012265,-1.609307
4,184,0.000000,0.012265,-1.609307
5,184,0.000000,0.012265,-1.609307
6,184,0.000000,0.042946,-1.465589
7,184,0.000000,0.004877,-1.471727
8,184,0.000000,0.000589,-1.631559
9,184,0.000000,0.005927,-1.631559
10,184,0.000000,-0.031074,-1.631559
1,185,0.000000,0.601177,2.451892
2,185,0.000000,0.601177,2.451892
3,185,0.000000,0.582428,2.480518
4,185,0.000000,0.595763,2.240875
5,185,0.000000,0.606038,2.240875
6,185,0.000000,0.606038,2.240875
7,185,0.000000,0.535130,2.240875
8,185,0.000000,0.580210,2.305771
9,185,0.000000,0.580210,2.305771
10,185,0.000000,0.580210,2.305771
1,186,0.000000,0.151609,-1.146913
2,186,0.000000,0.151609,-1.159577
3,186,0.000000,0.088791,-1.159577
4,186,0.000000,0.128690,-1.159577
5,186,0.000000,0.115772,-1.305641
6,186,0.000000,0.115772,-1.305641
7,186,0.000000,0.115772,-1.305641
8,186,0.000000,0.118791,-1.161298
9,186,0.000000,0.086355,-1.161298
10,186,0.000000,0.080013,-1.161298
1,187,0.000000,1.169180,-8.868246
2,187,0.000000,1.147859,-8.909617
3,187,0.000000,1.149371,-8.909617
4,187,0.000000,1.046724,-9.173189
5,187,0.000000,1.082149,-9.173189
6,187,0.000000,1.067537,-9.111658
7,187,0.000000,1.069636,-9.087433
8,187,0.000000,1.069636,-9.087433
9,187,0.000000,1.069636,-9.087433
10,187,0.000000,1.111355,-9.016984
1,188,0.000000,0.154250,4.003315
2,188,0.000000,0.121115,3.896988
3,188,0.000000,0.121115,4.063525
4,188,0.000000,0.121115,4.063525
5,188,0.000000,0.121115,4.063525
6,188,0.000000,0.142503,4.113903
7,188,0.000000,0.140618,4.113903
8,188,0.000000,0.140618,4.113903
9,188,0.000000,0.140618,4.113903
10,188,0.000000,0.171147,4.113903
1,189,0.000000,-0.752326,1.043065
2,189,0.000000,-0.656937,0.731505
3,189,0.000000,-0.729230,0.570265
4,189,0.000000,-0.729230,0.570265
5,189,0.000000,-0.644577,0.570265
6,189,0.000000,-0.691426,0.570265
7,189,0.000000,-0.720019,0.819174
8,189,0.000000,-0.659392,0.940533
9,189,0.000000,-0.677820,0.929898
10,189,0.000000,-0.659659,0.690819
1,190,0.000000,0.837259,-0.019140
2,190,0.000000,0.840323,-0.038439
3,190,0.000000,0.888987,0.118266
4,190,0.000000,0.888375,0.108197
5,190,0.000000,0.888375,0.108197
6,190,0.000000,0.888375,0.108197
7,190,0.000000,0.888375,0.108197
8,190,0.000000,0.888375,0.108197
9,190,0.000000,0.888375,0.108197
10,190,0.000000,0.836144,0.059587
1,191,0.000000,-0.146752,-0.061442
2,191,0.000000,-0.174925,-0.243384
3,191,0.000000,-0.174925,-0.243384
4,191,0.000000,-0.125853,-0.243384
5,191,0.000000,-0.125853,-0.243384
6,191,0.000000,-0.167237,-0.287256
7,191,0.000000,-0.175289,-0.287256
8,191,0.000000,-0.210515,-0.334160
9,191,0.000000,-0.218802,-0.334160
10,191,0.000000,-0.218802,-0.334160
1,192,0.000000,0.381274,-12.232224
2,192,0.000000,0.403613,-12.232224
3,192,0.000000,0.367378,-12.322197
4,192,0.000000,0.384161,-12.322197
5,192,0.000000,0.384161,-12.322197
6,192,0.000000,0.384161,-12.322197
7,192,0.000000,0.399349,-12.316937
8,192,0.000000,0.399349,-12.316937
9,192,0.000000,0.384736,-12.316937
10,192,0.000000,0.384736,-12.316937
1,193,0.000000,-0.645337,15.990817
2,193,0.000000,-0.588839,15.678161
3,193,0.000000,-0.651269,15.712767
4,193,0.000000,-0.644231,15.987360
5,193,0.000000,-0.668482,16.130068
6,193,0.000000,-0.626051,15.497010
7,193,0.000000,-0.650754,15.799465
8,193,0.000000,-0.673065,15.746096
9,193,0.000000,-0.723928,16.461126
10,193,0.000000,-0.714400,17.099970
1,194,0.000000,0.236423,-3.698890
2,194,0.000000,0.236423,-3.698890
3,194,0.000000,0.236423,-3.698890
4,194,0.000000,0.236423,-3.698890
5,194,0.000000,0.236423,-3.698890
6,194,0.000000,0.214480,-3.774885
7,194,0.000000,0.254409,-3.777381
8,194,0.000000,0.209020,-3.777381
9,194,0.000000,0.209020,-3.777381
10,194,0.000000,0.209020,-3.777381
1,195,0.000000,0.004066,-4.169602
2,195,0.000000,0.028912,-3.946208
3,195,0.000000,0.041407,-4.100112
4,195,0.000000,0.041407,-4.100112
5,195,0.000000,-0.075868,-4.758270
6,195,0.000000,-0.075868,-4.734187
7,195,0.000000,-0.034835,-4.426316
8,195,0.000000,-0.034835,-4.426316
9,195,0.000000,-0.012682,-4.630565
10,195,0.000000,-0.018074,-4.134547
1,196,0.000000,0.323254,-5.836142
2,196,0.000000,0.320819,-5.711910
3,196,0.000000,0.324745,-5.739455
4,196,0.000000,0.320334,-5.739455
5,196,0.000000,0.257066,-6.064370
6,196,0.000000,0.258628,-6.425596
7,196,0.000000,0.251891,-6.608473
8,196,0.000000,0.256566,-6.608473
9,196,0.000000,0.277302,-6.465947
10,196,0.000000,0.277302,-5.887024
1,197,0.000000,0.361686,0.789873
2,197,0.000000,0.343250,0.699701
3,197,0.000000,0.338999,0.699701
4,197,0.000000,0.435416,0.425728
5,197,0.000000,0.407303,0.842998
6,197,0.000000,0.422138,0.718644
7,197,0.000000,0.397772,0.693815
8,197,0.000000,0.394655,0.693815
9,197,0.000000,0.394655,0.693815
10,197,0.000000,0.394655,0.693815
1,198,0.000000,1.269576,0.988978
2,198,0.000000,1.287934,1.059574
3,198,0.000000,1.206250,0.617515
4,198,0.000000,1.273866,0.312699
5,198,0.000000,1.262460,1.422828
6,198,0.000000,1.258202,1.083540
7,198,0.000000,1.256349,0.521748
8,198,0.000000,1.257314,1.087909
9,198,0.000000,1.257314,1.364107
10,198,0.000000,1.299979,1.087412
1,199,0.000000,0.305069,-6.513716
2,199,0.000000,0.290869,-6.408468
3,199,0.000000,0.290869,-6.514067
4,199,0.000000,0.273426,-6.514067
5,199,0.000000,0.273426,-6.699075
6,199,0.000000,0.286537,-6.492736
7,199,0.000000,0.304697,-6.345388
8,199,0.000000,0.316861,-6.342116
9,199,0.000000,0.280734,-6.342116
10,199,0.000000,0.300978,-6.357586
1,200,0.000000,-0.453228,-4.775185
2,200,0.000000,-0.453228,-4.775185
3,200,0.000000,-0.450173,-4.671528
4,200,0.000000,-0.416374,-4.514796
5,200,0.000000,-0.416374,-4.514796
6,200,0.000000,-0.416374,-4.016571
7,200,0.000000,-0.426741,-4.016571
8,200,0.000000,-0.426741,-4.196592
9,200,0.000000,-0.439030,-4.474646
10,200,0.000000,-0.437222,-4.437318
1,201,0.000000,-0.588085,10.514764
2,201,0.000000,-0.588085,10.602427
3,201,0.000000,-0.587684,9.558979
4,201,0.000000,-0.587710,10.174551
5,201,0.000000,-0.587710,10.124027
6,201,0.000000,-0.587710,9.783320
7,201,0.000000,-0.581486,9.771540
8,201,0.000000,-0.573478,9.771540
9,201,0.000000,-0.575708,10.079784
10,201,0.000000,-0.564569,10.120079
1,202,0.000000,-0.960927,1.338498
2,202,0.000000,-0.968342,1.504671
3,202,0.000000,-0.973619,1.353454
4,202,0.000000,-0.968711,1.193904
5,202,0.000000,-0.968711,1.109113
6,202,0.000000,-0.968711,1.253257
7,202,0.000000,-0.968711,1.253257
8,202,0.000000,-0.968711,1.253257
9,202,0.000000,-0.968711,1.253257
10,202,0.000000,-0.969721,1.131268
1,203,0.000000,-0.468783,-5.362041
2,203,0.000000,-0.468783,-5.128821
3,203,0.000000,-0.451000,-5.216598
4,203,0.000000,-0.454345,-5.471559
5,203,0.000000,-0.454345,-5.232735
6,203,0.000000,-0.460774,-5.232735
7,203,0.000000,-0.458427,-5.356326
8,203,0.000000,-0.448413,-5.515653
9,203,0.000000,-0.448413,-5.516749
10,203,0.000000,-0.448413,-5.516749
1,204,0.000000,-0.383823,-5.774464
2,204,0.000000,-0.383823,-5.881524
3,204,0.000000,-0.391192,-5.873586
4,204,0.000000,-0.408515,-6.226496
5,204,0.000000,-0.457518,-6.256164
6,204,0.000000,-0.457518,-6.256164
7,204,0.000000,-0.461426,-6.183934
8,204,0.000000,-0.410172,-6.183934
9,204,0.000000,-0.422149,-5.900744
10,204,0.000000,-0.392318,-5.781226
1,205,0.000000,0.967299,-1.267031
2,205,0.000000,0.983857,-1.267031
3,205,0.000000,0.944327,-1.238524
4,205,0.000000,0.988423,-1.299750
5,205,0.000000,1.011904,-1.299750
6,205,0.000000,0.996174,-1.198486
7,205,0.000000,0.996174,-1.198486
8,205,0.000000,0.985034,-1.182061
9,205,0.000000,0.985034,-1.182061
10,205,0.000000,0.957409,-1.181037
1,206,0.000000,0.368601,6.896966
2,206,0.000000,0.301983,6.896966
3,206,0.000000,0.301983,6.783625
4,206,0.000000,0.367438,6.934472
5,206,0.000000,0.333314,6.712313
6,206,0.000000,0.340000,6.949430
7,206,0.000000,0.335666,7.113537
8,206,0.000000,0.367144,7.113537
9,206,0.000000,0.384662,7.113537
10,206,0.000000,0.355115,7.085488
1,207,0.000000,-0.251069,4.455008
2,207,0.000000,-0.256271,4.329859
3,207,0.000000,-0.267883,4.752022
4,207,0.000000,-0.283357,4.622664
5,207,0.000000,-0.221082,4.622664
6,207,0.000000,-0.214575,4.733213
7,207,0.000000,-0.218261,4.733213
8,207,0.000000,-0.315591,4.733213
9,207,0.000000,-0.330395,4.417562
10,207,0.000000,-0.256647,4.916588
1,208,0.000000,0.085295,9.638451
2,208,0.000000,0.128711,8.881416
3,208,0.000000,0.158931,8.353944
4,208,0.000000,0.198435,8.205306
5,208,0.000000,0.119582,9.609014
6,208,0.000000,0.124408,8.818417
7,208,0.000000,0.118926,8.883203
8,208,0.000000,0.143932,9.507185
9,208,0.000000,0.121061,8.930989
10,208,0.000000,0.177877,8.733778
1,209,0.000000,0.349525,4.281767
2,209,0.000000,0.351355,4.396631
3,209,0.000000,0.356631,4.210904
4,209,0.000000,0.310224,3.984641
5,209,0.000000,0.325963,3.736951
6,209,0.000000,0.258855,3.738992
7,209,0.000000,0.273187,3.968420
8,209,0.000000,0.283504,3.827046
9,209,0.000000,0.298111,3.899245
10,209,0.000000,0.324046,4.058253
1,210,0.000000,-0.759110,-5.913275
2,210,0.000000,-0.751174,-5.676646
3,210,0.000000,-0.751174,-5.617085
4,210,0.000000,-0.746282,-5.617085
5,210,0.000000,-0.746282,-5.719751
6,210,0.000000,-0.746282,-5.719751
7,210,0.000000,-0.746282,-5.657390
8,210,0.000000,-0.717409,-5.249132
9,210,0.000000,-0.712213,-5.400305
10,210,0.000000,-0.706327,-5.492264
1,211,0.000000,-0.544719,0.508946
2,211,0.000000,-0.589622,-0.202681
3,211,0.000000,-0.585014,0.204774
4,211,0.000000,-0.585014,0.204774
5,211,0.000000,-0.643549,-0.552015
6,211,0.000000,-0.602090,-0.138804
7,211,0.000000,-0.602090,0.130897
8,211,0.000000,-0.591925,0.009929
9,211,0.000000,-0.628210,-0.095211
10,211,0.000000,-0.623252,-0.453708
1,212,0.000000,0.401972,-8.441038
2,212,0.000000,0.401972,-8.606100
3,212,0.000000,0.401972,-8.351250
4,212,0.000000,0.397125,-8.503658
5,212,0.000000,0.447430,-8.403492
6,212,0.000000,0.449539,-8.287233
7,212,0.000000,0.449539,-8.309641
8,212,0.000000,0.400893,-8.681026
9,212,0.000000,0.388064,-8.660469
10,212,0.000000,0.360663,-8.765847
1,213,0.000000,-0.156062,6.864234
2,213,0.000000,-0.156062,6.864234
3,213,0.000000,-0.074728,6.864234
4,213,0.000000,-0.109609,6.824157
5,213,0.000000,-0.125541,6.753939
6,213,0.000000,-0.125541,6.753939
7,213,0.000000,-0.104259,6.934284
8,213,0.000000,-0.075368,6.934284
9,213,0.000000,-0.115291,6.687089
10,213,0.000000,-0.122417,6.687089
1,214,0.000000,0.571293,6.943888
2,214,0.000000,0.555266,6.943888
3,214,0.000000,0.556879,7.141854
4,214,0.000000,0.556879,7.141854
5,214,0.000000,0.593324,7.141854
6,214,0.000000,0.582402,7.211018
7,214,0.000000,0.594063,7.150327
8,214,0.000000,0.595375,6.980781
9,214,0.000000,0.561872,6.980781
10,214,0.000000,0.561872,6.980781
1,215,0.000000,0.729093,-8.881074
2,215,0.000000,0.739911,-8.950506
3,215,0.000000,0.739911,-8.950506
4,215,0.000000,0.741576,-8.895030
5,215,0.000000,0.741576,-8.895030
6,215,0.000000,0.697878,-8.895030
7,215,0.000000,0.720566,-8.735362
8,215,0.000000,0.740648,-8.865104
9,215,0.000000,0.740648,-8.865104
10,215,0.000000,0.740648,-8.865104
1,216,0.000000,0.295614,1.159180
2,216,0.000000,0.295614,1.159180
3,216,0.000000,0.284909,0.963392
4,216,0.000000,0.293981,0.969485
5,216,0.000000,0.349046,1.171599
6,216,0.000000,0.258794,1.138504
7,216,0.000000,0.333985,1.138504
8,216,0.000000,0.333985,1.138504
9,216,0.000000,0.354425,1.138504
10,216,0.000000,0.237538,1.138504
1,217,0.000000,0.690828,-4.092659
2,217,0.000000,0.701959,-4.120160
3,217,0.000000,0.733513,-3.834919
4,217,0.000000,0.741497,-3.627141
5,217,0.000000,0.721013,-4.102060
6,217,0.000000,0.657703,-4.110357
7,217,0.000000,0.657703,-4.239879
8,217,0.000000,0.657703,-4.268293
9,217,0.000000,0.699302,-3.986687
10,217,0.000000,0.699729,-4.107473
1,218,0.000000,0.027517,0.702112
2,218,0.000000,0.027517,0.726633
3,218,0.000000,0.027517,0.384186
4,218,0.000000,0.051940,0.674074
5,218,0.000000,0.051940,0.786104
6,218,0.000000,0.032402,0.677629
7,218,0.000000,0.069895,0.677629
8,218,0.000000,0.040048,0.677629
9,218,0.000000,0.040048,0.689826
10,218,0.000000,0.040048,0.614655
1,219,0.000000,-0.534560,8.457389
2,219,0.000000,-0.520893,8.407552
3,219,0.000000,-0.419449,7.635074
4,219,0.000000,-0.470934,8.250431
5,219,0.000000,-0.475912,8.482453
6,219,0.000000,-0.513201,8.237445
7,219,0.000000,-0.525725,8.859242
8,219,0.000000,-0.514314,8.416292
9,219,0.000000,-0.477732,8.627005
10,219,0.000000,-0.477732,8.167037
1,220,0.000000,0.286053,2.750462
2,220,0.000000,0.265792,2.488539
3,220,0.000000,0.291541,2.555960
4,220,0.000000,0.269884,2.678653
5,220,0.000000,0.309265,2.695373
6,220,0.000000,0.309265,2.695373
7,220,0.000000,0.283934,2.695373
8,220,0.000000,0.283934,2.657933
9,220,0.000000,0.283934,2.657933
10,220,0.000000,0.283934,2.657933
1,221,0.000000,-0.616587,-1.801993
2,221,0.000000,-0.616587,-1.740159
3,221,0.000000,-0.575887,-1.526608
4,221,0.000000,-0.575887,-1.291647
5,221,0.000000,-0.563907,-1.686389
6,221,0.000000,-0.589656,-1.505426
7,221,0.000000,-0.540757,-1.080399
8,221,0.000000,-0.558001,-1.511565
9,221,0.000000,-0.531612,-1.049381
10,221,0.000000,-0.554763,-1.175895
1,222,0.000000,0.610464,7.444792
2,222,0.000000,0.610464,7.444792
3,222,0.000000,0.610464,7.444792
4,222,0.000000,0.772375,7.286580
5,222,0.000000,0.609595,6.970692
6,222,0.000000,0.572064,7.840183
7,222,0.000000,0.642547,7.648018
8,222,0.000000,0.501986,7.995594
9,222,0.000000,0.536013,8.168062
10,222,0.000000,0.380063,8.597697
1,223,0.000000,-0.661817,0.170423
2,223,0.000000,-0.690421,0.413402
3,223,0.000000,-0.664089,0.534584
4,223,0.000000,-0.633891,0.159480
5,223,0.000000,-0.675229,0.121696
6,223,0.000000,-0.675229,0.121696
7,223,0.000000,-0.675229,0.098314
8,223,0.000000,-0.675229,0.301316
9,223,0.000000,-0.675229,0.121592
10,223,0.000000,-0.682990,0.121592
1,224,0.000000,-1.211918,14.284080
2,224,0.000000,-1.187285,14.630861
3,224,0.000000,-1.221975,15.081204
4,224,0.000000,-1.229017,15.628589
5,224,0.000000,-1.191836,14.999224
6,224,0.000000,-1.201493,14.567694
7,224,0.000000,-1.190546,14.794040
8,224,0.000000,-1.176225,15.365991
9,224,0.000000,-1.176225,14.900556
10,224,0.000000,-1.177658,15.069055
1,225,0.000000,-1.253003,4.291800
2,225,0.000000,-1.204536,3.454196
3,225,0.000000,-1.279141,3.762549
4,225,0.000000,-1.281840,3.762549
5,225,0.000000,-1.244912,4.106311
6,225,0.000000,-1.251337,3.533568
7,225,0.000000,-1.248253,3.590061
8,225,0.000000,-1.237876,4.299390
9,225,0.000000,-1.237876,4.498682
10,225,0.000000,-1.265744,3.543280
1,226,0.000000,0.345055,-6.432807
2,226,0.000000,0.330902,-6.749461
3,226,0.000000,0.305011,-6.749461
4,226,0.000000,0.312444,-6.690997
5,226,0.000000,0.312444,-6.780162
6,226,0.000000,0.362342,-6.684963
7,226,0.000000,0.319319,-6.684963
8,226,0.000000,0.319319,-6.684963
9,226,0.000000,0.319319,-6.684963
10,226,0.000000,0.319319,-6.684963
1,227,0.000000,-0.694534,1.151244
2,227,0.000000,-0.683805,1.086480
3,227,0.000000,-0.759351,1.438234
4,227,0.000000,-0.768683,1.438234
5,227,0.000000,-0.711509,1.427068
6,227,0.000000,-0.746217,0.942465
7,227,0.000000,-0.686677,1.573370
8,227,0.000000,-0.814906,1.340803
9,227,0.000000,-0.634324,0.305280
10,227,0.000000,-0.665820,1.236052
1,228,0.000000,-0.675040,0.838629
2,228,0.000000,-0.663774,0.897772
3,228,0.000000,-0.693579,1.129336
4,228,0.000000,-0.714530,1.174963
5,228,0.000000,-0.631155,1.224175
6,228,0.000000,-0.606360,0.947105
7,228,0.000000,-0.563530,0.947105
8,228,0.000000,-0.591827,0.947105
9,228,0.000000,-0.654630,0.876070
10,228,0.000000,-0.600972,1.004031
1,229,0.000000,-0.575212,-5.297992
2,229,0.000000,-0.533607,-4.910294
3,229,0.000000,-0.533607,-5.006001
4,229,0.000000,-0.566349,-5.186261
5,229,0.000000,-0.566349,-5.412193
6,229,0.000000,-0.566349,-5.284858
7,229,0.000000,-0.555726,-4.992861
8,229,0.000000,-0.539127,-4.992861
9,229,0.000000,-0.546473,-5.043628
10,229,0.000000,-0.546473,-5.043628
1,230,0.000000,0.305152,11.222080
2,230,0.000000,0.348250,10.908320
3,230,0.000000,0.336420,10.908320
4,230,0.000000,0.336420,10.908320
5,230,0.000000,0.411126,10.990716
6,230,0.000000,0.373557,10.838723
7,230,0.000000,0.245503,11.383951
8,230,0.000000,0.191851,11.383951
9,230,0.000000,0.193077,11.330801
10,230,0.000000,0.254995,11.195017
1,231,0.000000,0.010075,-0.978931
2,231,0.000000,0.040051,-1.081917
3,231,0.000000,0.033876,-1.280736
4,231,0.000000,0.019946,-0.906382
5,231,0.000000,0.074055,-0.984734
6,231,0.000000,0.052220,-0.957598
7,231,0.000000,0.074740,-1.058831
8,231,0.000000,0.073573,-0.997248
9,231,0.000000,0.001679,-1.057186
10,231,0.000000,0.001679,-1.057186
1,232,0.000000,0.476783,-0.174224
2,232,0.000000,0.506938,-0.125889
3,232,0.000000,0.506938,-0.125889
4,232,0.000000,0.517874,-0.125889
5,232,0.000000,0.517874,-0.125889
6,232,0.000000,0.488633,-0.149502
7,232,0.000000,0.433529,-0.455437
8,232,0.000000,0.473202,-0.222665
9,232,0.000000,0.473202,-0.222665
10,232,0.000000,0.480117,-0.222665
1,233,0.000000,0.288497,-6.594302
2,233,0.000000,0.256893,-6.864380
3,233,0.000000,0.256893,-6.758670
4,233,0.000000,0.280185,-6.791732
5,233,0.000000,0.280185,-6.791732
6,233,0.000000,0.293551,-6.791732
7,233,0.000000,0.293551,-6.791732
8,233,0.000000,0.293551,-6.791732
9,233,0.000000,0.284383,-6.783420
10,233,0.000000,0.284383,-6.783420
1,234,0.000000,-0.060399,-7.513366
2,234,0.000000,-0.060399,-7.513366
3,234,0.000000,-0.060399,-7.513366
4,234,0.000000,-0.046074,-7.329342
5,234,0.000000,-0.046074,-7.348403
6,234,0.000000,-0.068590,-7.298855
7,234,0.000000,-0.068590,-7.298855
8,234,0.000000,-0.068590,-7.491886
9,234,0.000000,-0.081120,-7.509167
10,234,0.000000,-0.081120,-7.550138
1,235,0.000000,-0.532747,-7.798315
2,235,0.000000,-0.534510,-7.798315
3,235,0.000000,-0.516726,-7.427508
4,235,0.000000,-0.526967,-7.295928
5,235,0.000000,-0.526967,-7.622599
6,235,0.000000,-0.520948,-7.603666
7,235,0.000000,-0.541554,-7.874975
8,235,0.000000,-0.534396,-7.748166
9,235,0.000000,-0.535073,-7.786124
10,235,0.000000,-0.536290,-7.076506
1,236,0.000000,0.063239,1.817349
2,236,0.000000,0.063239,1.817349
3,236,0.000000,0.000109,1.376739
4,236,0.000000,0.000109,1.438388
5,236,0.000000,0.000109,1.273570
6,236,0.000000,0.000109,1.273570
7,236,0.000000,0.019824,1.273570
8,236,0.000000,0.019824,1.273570
9,236,0.000000,0.041438,1.615840
10,236,0.000000,0.039531,1.592108
1,237,0.000000,0.345901,-10.455466
2,237,0.000000,0.345901,-10.500904
3,237,0.000000,0.330597,-10.500904
4,237,0.000000,0.330597,-10.500904
5,237,0.000000,0.330597,-10.461199
6,237,0.000000,0.327792,-10.461199
7,237,0.000000,0.328754,-10.461199
8,237,0.000000,0.328754,-10.461199
9,237,0.000000,0.323205,-10.509846
10,237,0.000000,0.346446,-10.394007
1,238,0.000000,0.173350,4.928139
2,238,0.000000,0.173350,4.928139
3,238,0.000000,0.112148,4.956093
4,238,0.000000,0.067506,5.152759
5,238,0.000000,0.084092,4.913842
6,238,0.000000,0.043894,5.265179
7,238,0.000000,0.059015,5.322001
8,238,0.000000,0.026370,5.322001
9,238,0.000000,0.030177,5.164002
10,238,0.000000,0.078625,4.895602
1,239,0.000000,-0.137147,3.136644
2,239,0.000000,-0.173783,2.731697
3,239,0.000000,-0.137005,3.287940
4,239,0.000000,-0.186505,2.886526
5,239,0.000000,-0.166798,2.805229
6,239,0.000000,-0.180157,2.857197
7,239,0.000000,-0.157847,2.951346
8,239,0.000000,-0.157847,2.951346
9,239,0.000000,-0.111646,3.256571
10,239,0.000000,-0.111646,3.256571
1,240,0.000000,-0.678794,-0.650382
2,240,0.000000,-0.606127,-0.939877
3,240,0.000000,-0.778160,-1.064383
4,240,0.000000,-0.719101,-1.189404
5,240,0.000000,-0.792396,-1.338071
6,240,0.000000,-0.812106,-1.338071
7,240,0.000000,-0.801949,-1.401233
8,240,0.000000,-0.783498,-1.401233
9,240,0.000000,-0.788157,-1.216737
10,240,0.000000,-0.797228,-1.210725
1,241,0.000000,-0.272180,-10.724558
2,241,0.000000,-0.302292,-10.724558
3,241,0.000000,-0.302292,-10.724558
4,241,0.000000,-0.326078,-11.334857
5,241,0.000000,-0.326078,-10.817006
6,241,0.000000,-0.332861,-11.209286
7,241,0.000000,-0.355658,-10.872641
8,241,0.000000,-0.348481,-11.288720
9,241,0.000000,-0.348481,-11.288720
10,241,0.000000,-0.348481,-11.288720
1,242,0.000000,-0.199406,0.911866
2,242,0.000000,-0.199406,0.911866
3,242,0.000000,-0.199406,1.090828
4,242,0.000000,-0.199406,0.754139
5,242,0.000000,-0.199406,0.754139
6,242,0.000000,-0.199406,0.754139
7,242,0.000000,-0.199406,0.754139
8,242,0.000000,-0.220269,0.971712
9,242,0.000000,-0.185587,0.971712
10,242,0.000000,-0.185587,0.971712
1,243,0.000000,-0.595590,9.738360
2,243,0.000000,-0.625199,10.233933
3,243,0.000000,-0.560000,8.766334
4,243,0.000000,-0.549589,9.370751
5,243,0.000000,-0.611097,10.077856
6,243,0.000000,-0.611097,9.562097
7,243,0.000000,-0.594837,9.562097
8,243,0.000000,-0.577320,9.508387
9,243,0.000000,-0.506229,9.564025
10,243,0.000000,-0.522029,9.568546
1,244,0.000000,-0.582500,1.252271
2,244,0.000000,-0.590586,1.060205
3,244,0.000000,-0.570711,1.225365
4,244,0.000000,-0.649596,0.989935
5,244,0.000000,-0.627461,0.846790
6,244,0.000000,-0.614681,1.196543
7,244,0.000000,-0.572705,1.196543
8,244,0.000000,-0.553117,1.196543
9,244,0.000000,-0.576620,0.853467
10,244,0.000000,-0.582938,1.223766
1,245,0.000000,-0.703426,-8.491173
2,245,0.000000,-0.671548,-8.859234
3,245,0.000000,-0.621633,-8.511737
4,245,0.000000,-0.659232,-8.067268
5,245,0.000000,-0.654352,-8.367326
6,245,0.000000,-0.654352,-8.367326
7,245,0.000000,-0.648412,-8.449534
8,245,0.000000,-0.641124,-8.112989
9,245,0.000000,-0.645660,-8.381464
10,245,0.000000,-0.629618,-8.411728
1,246,0.000000,0.376541,-1.882499
2,246,0.000000,0.357082,-1.873078
3,246,0.000000,0.368697,-1.943876
4,246,0.000000,0.344027,-1.951101
5,246,0.000000,0.344027,-1.951101
6,246,0.000000,0.335739,-1.975294
7,246,0.000000,0.335739,-1.975294
8,246,0.000000,0.349206,-2.004500
9,246,0.000000,0.364783,-1.773309
10,246,0.000000,0.422091,-1.639511
1,247,0.000000,-0.889484,1.466715
2,247,0.000000,-0.878600,1.740923
3,247,0.000000,-0.889019,1.578436
4,247,0.000000,-0.889019,1.578436
5,247,0.000000,-0.867442,1.196101
6,247,0.000000,-0.867442,1.603851
7,247,0.000000,-0.887709,1.847800
8,247,0.000000,-0.908049,1.638588
9,247,0.000000,-0.887120,1.633325
10,247,0.000000,-0.877207,1.559994
1,248,0.000000,-0.165296,-1.012446
2,248,0.000000,-0.133432,-1.012446
3,248,0.000000,-0.133432,-1.145090
4,248,0.000000,-0.133432,-1.145090
5,248,0.000000,-0.133432,-1.312320
6,248,0.000000,-0.159336,-0.923212
7,248,0.000000,-0.126994,-1.121678
8,248,0.000000,-0.169456,-1.165541
9,248,0.000000,-0.169456,-1.165541
10,248,0.000000,-0.169456,-1.165541
1,249,0.000000,0.179058,-10.204721
2,249,0.000000,0.193143,-10.200486
3,249,0.000000,0.219835,-10.103315
4,249,0.000000,0.210378,-10.319145
5,249,0.000000,0.154871,-10.447459
6,249,0.000000,0.197212,-9.785388
7,249,0.000000,0.197212,-9.808269
8,249,0.000000,0.197212,-9.808269
9,249,0.000000,0.197212,-9.808269
10,249,0.000000,0.204956,-9.784502
1,250,0.000000,0.263845,-9.148678
2,250,0.000000,0.259909,-9.148678
3,250,0.000000,0.259909,-9.148678
4,250,0.000000,0.259909,-9.148678
5,250,0.000000,0.264963,-9.148678
6,250,0.000000,0.256062,-9.260993
7,250,0.000000,0.256062,-9.260993
8,250,0.000000,0.256062,-9.240898
9,250,0.000000,0.256062,-9.240898
10,250,0.000000,0.256062,-9.128925