id,p0_SAEM,alpha_SAEM,tau_SAEM,p0_mean,alpha_mean,tau_mean,p0_sd,alpha_sd,tau_sd,p0_randomEffects,alpha_randomEffects,tau_randomEffects
1,-0.92676753361963238,-3.53819689140156735,71.34075933314665008,-0.92719166465271641,-3.53670195504660168,71.32027010393171906,0.00000000000000000,0.03978893440873811,0.15158958365689859,0.00000000000000000,-0.22528908393170763,0.31248619929765270
2,-0.92676753361963238,-3.11633864827238138,73.36255840451208599,-0.92719166465271641,-3.12483758386930832,73.31173500524222675,0.00000000000000000,0.02608833350498020,0.14547361709875378,0.00000000000000000,0.18657528724558742,2.30395110060817432
3,-0.92676753361963238,-3.83476757228252696,73.41865623607077396,-0.92719166465271641,-3.82988397471070874,73.42494229682476714,0.00000000000000000,0.04257930933669666,0.23591470302361198,0.00000000000000000,-0.51847110359581383,2.41715839219062323
4,-0.92676753361963238,-3.09193612278113461,62.32688128932871763,-0.92719166465271641,-3.09671940285613356,62.29048620441425044,0.00000000000000000,0.02350095175642829,0.15530223523918027,0.00000000000000000,0.21469346825876223,-8.71729770021982908
5,-0.92676753361963238,-3.51047373193179357,75.96364538267573607,-0.92719166465271641,-3.50458787598696686,75.99522983491198147,0.00000000000000000,0.03113697371733221,0.18369248313657227,0.00000000000000000,-0.19317500487207326,4.98744593027782823
6,-0.92676753361963238,-2.65381632467480921,59.77763275861418180,-0.92719166465271641,-2.63998929074427924,59.88045120563644019,0.00000000000000000,0.04044759192515552,0.27880671020244785,0.00000000000000000,0.67142358037061545,-11.12733269899763933
7,-0.92676753361963238,-3.22718544689196651,62.62163611702641930,-0.92719166465271641,-3.21923068290629599,62.69511553026787709,0.00000000000000000,0.02277481016545777,0.15561002081618927,0.00000000000000000,0.09218218820859880,-8.31266837436623796
8,-0.92676753361963238,-3.21303741151066946,58.20288930817196871,-0.92719166465271641,-3.21084995587326505,58.20506581082971564,0.00000000000000000,0.02168837789051354,0.21268714887691095,0.00000000000000000,0.10056291524163111,-12.80271809380438874
9,-0.92676753361963238,-3.12255447810751408,63.44979223025307391,-0.92719166465271641,-3.11415934188859511,63.47323665588925223,0.00000000000000000,0.03319572625437667,0.18442586949348644,0.00000000000000000,0.19725352922629749,-7.53454724874483528
10,-0.92676753361963238,-3.95367772681540197,76.88693656332503679,-0.92719166465271641,-3.94559884305972686,76.83518530935894830,0.00000000000000000,0.03901284657597422,0.23518560656926507,0.00000000000000000,-0.63418597194483217,5.82740140472488211
11,-0.92676753361963238,-2.49752664026108429,64.70741707094381923,-0.92719166465271641,-2.49653020502646417,64.73421969395326414,0.00000000000000000,0.04702044884001044,0.17547612763746112,0.00000000000000000,0.81488266608843030,-6.27356421068077363
12,-0.92676753361963238,-3.29581276853607230,75.25238314292566599,-0.92719166465271641,-3.30493470527913891,75.19249425196508696,0.00000000000000000,0.03040446365566791,0.16369671767867275,0.00000000000000000,0.00647816583575504,4.18471034733098701
13,-0.92676753361963238,-2.87587464229981427,70.05044125962989199,-0.92719166465271641,-2.87094463781187770,70.04036967044243056,0.00000000000000000,0.01613496065199459,0.07531316213353935,0.00000000000000000,0.44046823330301760,-0.96741423419162054
14,-0.92676753361963238,-2.54349116531604125,67.71652424545420956,-0.92719166465271641,-2.54672632301201540,67.70287594521916219,0.00000000000000000,0.02784328134269878,0.12638593538033924,0.00000000000000000,0.76468654810287984,-3.30490795941493642
15,-0.92676753361963238,-3.00249127418116046,81.01108864100838503,-0.92719166465271641,-2.99790360393404676,81.02221376293323374,0.00000000000000000,0.05812806048200767,0.11210735724455050,0.00000000000000000,0.31350926718084626,10.01442985829913113
16,-0.92676753361963238,-3.38181634449973156,58.29793975044398735,-0.92719166465271641,-3.38857665109911954,58.26799498705168645,0.00000000000000000,0.02434749428110955,0.18023198026235085,0.00000000000000000,-0.07716377998422723,-12.73978891758243392
17,-0.92676753361963238,-3.04652142605889154,71.24778327398610145,-0.92719166465271641,-3.03774220360364877,71.27035178464649334,0.00000000000000000,0.02254012934190677,0.13101115445935127,0.00000000000000000,0.27367066751124380,0.26256788001239628
18,-0.92676753361963238,-3.32007413779674376,57.42207871906963135,-0.92719166465271641,-3.32998667489599232,57.42036085994134709,0.00000000000000000,0.02378950568522678,0.20835271018539608,0.00000000000000000,-0.01857380378109891,-13.58742304469278217
19,-0.92676753361963238,-3.25828803422432234,75.81915716579123909,-0.92719166465271641,-3.26068975978258724,75.83390878596836160,0.00000000000000000,0.02215105800793346,0.13114031817642952,0.00000000000000000,0.05072311133230788,4.82612488133429274
20,-0.92676753361963238,-3.31973432037328919,64.10943829551837325,-0.92719166465271641,-3.33163917837811230,63.97633621584856201,0.00000000000000000,0.02767926486840864,0.23998799361663606,0.00000000000000000,-0.02022630726321634,-7.03144768878553528
21,-0.92676753361963238,-3.22800917209469640,66.09510334141232590,-0.92719166465271641,-3.21667703900269730,66.13905433427611058,0.00000000000000000,0.02602146135485441,0.21345691298579159,0.00000000000000000,0.09473583211219448,-4.86872957035799558
22,-0.92676753361963238,-4.24504170735188158,78.66642458140375993,-0.92719166465271641,-4.26022412568191200,78.81455773143201782,0.00000000000000000,0.08575833277169483,0.75659962601229136,0.00000000000000000,-0.94881125456701410,7.80677382679809728
23,-0.92676753361963238,-3.59470339599547284,68.60164214489736878,-0.92719166465271641,-3.61604409453779985,68.45454820041750565,0.00000000000000000,0.02938156599394080,0.22385812007837577,0.00000000000000000,-0.30463122342290566,-2.55323570421658630
24,-0.92676753361963238,-4.51094165051010698,79.21243791139254142,-0.92719166465271641,-4.50583897315091342,79.17692196889503009,0.00000000000000000,0.05139867861342154,0.50895158493991621,0.00000000000000000,-1.19442610203602295,8.16913806426092748
25,-0.92676753361963238,-3.53811096024416649,74.58035649884897111,-0.92719166465271641,-3.55835023617023749,74.56818484346334230,0.00000000000000000,0.06440528511467887,0.22353696050431748,0.00000000000000000,-0.24693736505534164,3.56040093882922681
26,-0.92676753361963238,-2.67451429271088736,74.75238880847673784,-0.92719166465271641,-2.67880731909579284,74.73630375009622639,0.00000000000000000,0.10595598634286897,0.30002203559123569,0.00000000000000000,0.63260555201910140,3.72851984546214776
27,-0.92676753361963238,-3.61843187780709608,68.25465865795668208,-0.92719166465271641,-3.62020781370166489,68.21864362957812489,0.00000000000000000,0.02345456568861871,0.23027429638350874,0.00000000000000000,-0.30879494258677093,-2.78914027505601014
28,-0.92676753361963238,-3.04859375306230485,71.70068455171225708,-0.92719166465271641,-3.04918633695025942,71.63329376807929805,0.00000000000000000,0.02361884587812176,0.17810624454059107,0.00000000000000000,0.26222653416463393,0.62550986344518955
29,-0.92676753361963238,-2.68505844927278758,78.11211772364823958,-0.92719166465271641,-2.69254090937166346,78.08417408134035043,0.00000000000000000,0.02802574181299888,0.07521398068453447,0.00000000000000000,0.61887196174323100,7.07639017670625403
30,-0.92676753361963238,-3.73036167708090005,67.55890365047616797,-0.92719166465271641,-3.72929309029925893,67.59925198547892933,0.00000000000000000,0.02276696144399954,0.24507481948647550,0.00000000000000000,-0.41788021918436491,-3.40853191915515952
31,-0.92676753361963238,-2.81285813253437622,64.05561241788223015,-0.92719166465271641,-2.80682922137542112,64.08306677445492028,0.00000000000000000,0.03437204317746399,0.11399724755028337,0.00000000000000000,0.50458364973947245,-6.92471713017910773
32,-0.92676753361963238,-2.94911507280810881,72.14059695305437003,-0.92719166465271641,-2.94657907656845808,72.14073086225322129,0.00000000000000000,0.03216639855547519,0.12621957829127994,0.00000000000000000,0.36483379454643650,1.13294695761909670
33,-0.92676753361963238,-3.57089602733151867,72.97666365638102093,-0.92719166465271641,-3.56348122399498290,72.91668952296224404,0.00000000000000000,0.06689222211389663,0.31135637345124528,0.00000000000000000,-0.25206835288008833,1.90890561832815320
34,-0.92676753361963238,-3.16697885657556411,66.41043546563341238,-0.92719166465271641,-3.17047694052689488,66.37749980098273284,0.00000000000000000,0.01758332527748930,0.10117647345371093,0.00000000000000000,0.14093593058799939,-4.63028410365140619
35,-0.92676753361963238,-3.19577101313747214,73.16610274339674902,-0.92719166465271641,-3.18345948143449542,73.14941871455934574,0.00000000000000000,0.03649471119785960,0.10848335038393843,0.00000000000000000,0.12795338968039824,2.14163480992529065
36,-0.92676753361963238,-3.35354185897670343,67.78694174615148427,-0.92719166465271641,-3.35186920074846562,67.83351472106666336,0.00000000000000000,0.02455581833648108,0.19648249098038956,0.00000000000000000,-0.04045632963357131,-3.17426918356746413
37,-0.92676753361963238,-3.68969788122429421,63.29803372549653062,-0.92719166465271641,-3.66570341048618387,63.49634905962733455,0.00000000000000000,0.02720103921654964,0.20659077538189416,0.00000000000000000,-0.35429053937128868,-7.51143484500676450
38,-0.92676753361963238,-2.70430026578866078,66.85018898634740481,-0.92719166465271641,-2.69126909833994432,66.96413621456690635,0.00000000000000000,0.04072747807073741,0.37932355806747875,0.00000000000000000,0.62014377277495114,-4.04364769006728686
39,-0.92676753361963238,-3.38907669449549420,72.21945585444213123,-0.92719166465271641,-3.39118783780699085,72.22287620649930773,0.00000000000000000,0.02217718838669063,0.18535731911750428,0.00000000000000000,-0.07977496669209450,1.21509230186513606
40,-0.92676753361963238,-2.71345553376173010,64.83032419671522462,-0.92719166465271641,-2.70713939019269700,64.82513130067745522,0.00000000000000000,0.02546195671032735,0.08544624260632668,0.00000000000000000,0.60427348092219624,-6.18265260395669181
41,-0.92676753361963238,-3.64739610708631945,69.44432801916624953,-0.92719166465271641,-3.64786124207759865,69.44574951137542485,0.00000000000000000,0.04119971223838206,0.15691416970771599,0.00000000000000000,-0.33644837096270575,-1.56203439325870086
42,-0.92676753361963238,-2.39797014683593401,69.29507473461193001,-0.92719166465271641,-2.39627222667073481,69.28177694799290975,0.00000000000000000,0.01929322070000149,0.05229995153121880,0.00000000000000000,0.91514064444415977,-1.72600695664113024
43,-0.92676753361963238,-2.86008478226975793,71.34269005487581694,-0.92719166465271641,-2.86046000627093022,71.35075831217129405,0.00000000000000000,0.02877975700893062,0.11252626817262112,0.00000000000000000,0.45095286484396513,0.34297440753717939
44,-0.92676753361963238,-3.20713447834498266,59.82338112245516015,-0.92719166465271641,-3.20259127592854709,59.84513327792601700,0.00000000000000000,0.02627446213747649,0.15852478904975517,0.00000000000000000,0.10882159518634683,-11.16265062670806607
45,-0.92676753361963238,-2.83299646857287701,70.92494918809134674,-0.92719166465271641,-2.82882320915904373,70.96273718423508114,0.00000000000000000,0.02940166223030257,0.11475540294020734,0.00000000000000000,0.48258966195584968,-0.04504672039903324
46,-0.92676753361963238,-3.14908716756406948,67.27214947618094243,-0.92719166465271641,-3.14715516678277574,67.28548913505160556,0.00000000000000000,0.02353511062624018,0.16137233071746943,0.00000000000000000,0.16425770433211770,-3.72229476958249750
47,-0.92676753361963238,-2.88718955655491571,70.91496378340518447,-0.92719166465271641,-2.89012388320562197,70.89013867949365988,0.00000000000000000,0.01871063027708333,0.07345800564022441,0.00000000000000000,0.42128898790927510,-0.11764522514047634
48,-0.92676753361963238,-3.65567674546526655,74.77178763768704073,-0.92719166465271641,-3.65608766280524389,74.74810662021440066,0.00000000000000000,0.02354370604910747,0.19152148145727835,0.00000000000000000,-0.34467479169035059,3.74032271558031226
49,-0.92676753361963238,-2.91490863968094560,74.82055311288905841,-0.92719166465271641,-2.92293910728133710,74.81677032342923894,0.00000000000000000,0.08175641127679412,0.12272970332005428,0.00000000000000000,0.38847376383355464,3.80898641879521094
50,-0.92676753361963238,-2.73740989348081465,71.27743536274051905,-0.92719166465271641,-2.74177565424178171,71.25136682636870944,0.00000000000000000,0.01797568902512944,0.12076112866591292,0.00000000000000000,0.56963721687311097,0.24358292173454951
51,-0.92676753361963238,-3.22319687982438463,68.21701140828751875,-0.92719166465271641,-3.22467311348472663,68.18280645404732354,0.00000000000000000,0.02228089366463536,0.13555297415860026,0.00000000000000000,0.08673975763016645,-2.82497745058674488
52,-0.92676753361963238,-2.89552851322506655,66.43276958981552127,-0.92719166465271641,-2.90348169526812905,66.40120385620525667,0.00000000000000000,0.01478753201543725,0.07291403592120282,0.00000000000000000,0.40793117584676386,-4.60658004842881130
53,-0.92676753361963238,-3.04500662733960148,65.56343134796594541,-0.92719166465271641,-2.90956339603408098,66.54023103341960166,0.00000000000000000,0.07026791823588814,0.45855631611293568,0.00000000000000000,0.40184947508081303,-4.46755287121446809
54,-0.92676753361963238,-3.36796923297312878,73.56637141260925716,-0.92719166465271641,-3.37017470598748714,73.55348368401791959,0.00000000000000000,0.02376907555989225,0.17687946244037078,0.00000000000000000,-0.05876183487259416,2.54569977938379388
55,-0.92676753361963238,-2.67777112139835127,63.47380264792028726,-0.92719166465271641,-2.68566123926218348,63.44996399725046388,0.00000000000000000,0.02030355335319465,0.08400827025300187,0.00000000000000000,0.62575163185271143,-7.55781990738363785
56,-0.92676753361963238,-2.81163653983696094,71.49432571991074781,-0.92719166465271641,-2.79709372807950452,71.63221469216306048,0.00000000000000000,0.03866451452890902,0.34484068145989905,0.00000000000000000,0.51431914303539017,0.62443078752897874
57,-0.92676753361963238,-3.25601640398268932,70.66017195083207980,-0.92719166465271641,-3.25920231867890342,70.61614834541961727,0.00000000000000000,0.02720100445977660,0.21177260720426691,0.00000000000000000,0.05221055243599131,-0.39163555921444371
58,-0.92676753361963238,-3.83863308490953958,61.60467409962610219,-0.92719166465271641,-3.84832457654711391,61.58214266439364337,0.00000000000000000,0.02544956807409204,0.22565792454947267,0.00000000000000000,-0.53691170543221878,-9.42564124024043082
59,-0.92676753361963238,-3.17855588919446808,77.56025497450016815,-0.92719166465271641,-3.18177142949063851,77.49448952090492071,0.00000000000000000,0.02410412686286320,0.19761267450602521,0.00000000000000000,0.12964144162425592,6.48670561627082254
60,-0.92676753361963238,-2.65730109179116836,72.14747406992520951,-0.92719166465271641,-2.66767656745704818,72.15901539939805787,0.00000000000000000,0.03289437897134002,0.15082205800563550,0.00000000000000000,0.64373630365784462,1.15123149476395037
61,-0.92676753361963238,-2.75112282535957409,63.84456210259865117,-0.92719166465271641,-2.75306820159778853,63.84522336953263277,0.00000000000000000,0.02838710786491597,0.05626699784610258,0.00000000000000000,0.55834466951710537,-7.16256053510145740
62,-0.92676753361963238,-2.50231196673839706,81.75101117697262509,-0.92719166465271641,-2.50944170639596242,81.73253514544626341,0.00000000000000000,0.03582726973487207,0.09733284162266143,0.00000000000000000,0.80197116471893226,10.72475124081214481
63,-0.92676753361963238,-3.94028427294698513,65.16372226854579708,-0.92719166465271641,-3.93102841060737829,65.27936791737396049,0.00000000000000000,0.02508427950439001,0.29822348686187267,0.00000000000000000,-0.61961553949248560,-5.72841598726014567
64,-0.92676753361963238,-3.25878987613836912,72.28356397437622149,-0.92719166465271641,-3.25988559695864222,72.34048665724895955,0.00000000000000000,0.02689822821165233,0.16661713885606697,0.00000000000000000,0.05152727415625100,1.33270275261485072
65,-0.92676753361963238,-3.26764424138794229,79.28369793947896937,-0.92719166465271641,-3.25816073747961488,79.35736062456861362,0.00000000000000000,0.02332847095497959,0.12505624838841262,0.00000000000000000,0.05325213363527940,8.34957671993446482
66,-0.92676753361963238,-2.70647763231425831,71.36759383316530148,-0.92719166465271641,-2.70998182985574276,71.35126749559982784,0.00000000000000000,0.03031335587916586,0.15723564992687969,0.00000000000000000,0.60143104125915325,0.34348359096570802
67,-0.92676753361963238,-3.32617564111931685,86.41055707785116624,-0.92719166465271641,-3.28588519082609309,86.09747872203526242,0.00000000000000000,0.16942436937507732,1.71875520314768160,0.00000000000000000,0.02552768028880164,15.08969481740110119
68,-0.92676753361963238,-3.76237008433317888,75.55643914292745933,-0.92719166465271641,-3.76356227368867158,75.55401980216227287,0.00000000000000000,0.03618681702538731,0.28047649751937942,0.00000000000000000,-0.45214940257377650,4.54623589752819335
69,-0.92676753361963238,-3.53180286637087493,76.41912567615113971,-0.92719166465271641,-3.54387949882514031,76.34274803394470155,0.00000000000000000,0.03638088419987791,0.20348927457289476,0.00000000000000000,-0.23246662771024582,5.33496412931060870
70,-0.92676753361963238,-3.84843578151964882,75.82619620305702313,-0.92719166465271641,-3.84706299424035736,75.86662383043321256,0.00000000000000000,0.02771912896819411,0.24194902288710124,0.00000000000000000,-0.53565012312546390,4.85883992579907797
71,-0.92676753361963238,-4.17221204843658100,77.27207714868710298,-0.92719166465271641,-4.16214877571715647,77.16765523247580916,0.00000000000000000,0.05690514663140166,0.36393951878123515,0.00000000000000000,-0.85073590460226378,6.15987132784168168
72,-0.92676753361963238,-4.06324698524214600,68.38076243704776402,-0.92719166465271641,-4.05385149492392305,68.43082366752646806,0.00000000000000000,0.03652451928077163,0.25028130568801715,0.00000000000000000,-0.74243862380903136,-2.57696023710756394
73,-0.92676753361963238,-3.22666433542161979,69.85374472653123235,-0.92719166465271641,-3.21742266410911704,69.91303601801574530,0.00000000000000000,0.03349957304336243,0.21449073807229813,0.00000000000000000,0.09399020700577849,-1.09474788661833444
74,-0.92676753361963238,-3.07969681844178877,75.88201256443618092,-0.92719166465271641,-3.08401292744014466,75.87404863946522937,0.00000000000000000,0.03211618353682809,0.08895721365226501,0.00000000000000000,0.22739994367474922,4.86626473483114363
75,-0.92676753361963238,-3.97950214126027202,71.46637280157079886,-0.92719166465271641,-3.96610054621327679,71.48188231832411077,0.00000000000000000,0.03057746387996387,0.21393085165345335,0.00000000000000000,-0.65468767509838066,0.47409841368998890
76,-0.92676753361963238,-3.18937580523281472,73.70718513167594210,-0.92719166465271641,-3.26643762631085854,74.11362083729569861,0.00000000000000000,0.09367601049905012,0.63391967483340683,0.00000000000000000,0.04497524480403747,3.10583693266166927
77,-0.92676753361963238,-3.04629064251170423,62.65801595777496402,-0.92719166465271641,-3.05429894626301701,62.70233769590959128,0.00000000000000000,0.02431872699403976,0.19949970352868776,0.00000000000000000,0.25711392485187634,-8.30544620872451134
78,-0.92676753361963238,-2.74193705219551553,75.58248823011631146,-0.92719166465271641,-2.72293944647165542,75.61689128502257518,0.00000000000000000,0.03370149611917601,0.16923529265987877,0.00000000000000000,0.58847342464323871,4.60910738038851076
79,-0.92676753361963238,-3.73649421482566702,67.97149169538523950,-0.92719166465271641,-3.73183828524403971,68.00450622244669319,0.00000000000000000,0.02044414024584978,0.17843547911011540,0.00000000000000000,-0.42042541412914536,-3.00327768218736857
80,-0.92676753361963238,-2.94927162749121630,85.65036056028139910,-0.92719166465271641,-2.97997869098087076,86.22388478086280372,0.00000000000000000,0.21937757986308776,2.64872151938694955,0.00000000000000000,0.33143418013402376,15.21610087622871177
81,-0.92676753361963238,-3.72769891336199510,63.56238993068121346,-0.92719166465271641,-3.72462665414194438,63.58786411118807536,0.00000000000000000,0.04103168615204659,0.35756864136384869,0.00000000000000000,-0.41321378302704931,-7.41991979344601660
82,-0.92676753361963238,-3.58880583515954754,71.46578748019976501,-0.92719166465271641,-3.57637141301292782,71.50725660849663257,0.00000000000000000,0.03999015149709104,0.19004766153757999,0.00000000000000000,-0.26495854189803397,0.49947270386259823
83,-0.92676753361963238,-3.49344522029037119,70.56182648378197086,-0.92719166465271641,-3.57001801893301796,70.93637425175654698,0.00000000000000000,0.08981318649703739,0.42314125419233062,0.00000000000000000,-0.25860514781812283,-0.07140965287749540
84,-0.92676753361963238,-3.70262806079090145,64.37233078316862134,-0.92719166465271641,-3.66664771671913758,64.69874841885265937,0.00000000000000000,0.05307202770721100,0.42767287918878782,0.00000000000000000,-0.35523484560424345,-6.30903548578149120
85,-0.92676753361963238,-4.31898704045973325,71.53715597876393417,-0.92719166465271641,-4.33606650080471834,71.48897014861540811,0.00000000000000000,0.11680125489712324,0.26171608135974633,0.00000000000000000,-1.02465362968982809,0.48118624398133297
86,-0.92676753361963238,-3.02096209739592414,74.68350387926916767,-0.92719166465271641,-3.02547786823567355,74.64085688219432768,0.00000000000000000,0.01976708077475070,0.13133053014709070,0.00000000000000000,0.28593500287922125,3.63307297756020597
87,-0.92676753361963238,-2.69704437754609305,63.17207067489264460,-0.92719166465271641,-2.69967075382020871,63.17860187543323036,0.00000000000000000,0.03552619330932473,0.09623781941468039,0.00000000000000000,0.61174211729468619,-7.82918202920085093
88,-0.92676753361963238,-3.36960364569637560,70.06025847062963408,-0.92719166465271641,-3.35826527210995529,70.15208096125248005,0.00000000000000000,0.03430431661930820,0.33723299539184748,0.00000000000000000,-0.04685240099506172,-0.85570294338155162
89,-0.92676753361963238,-3.37008789727209201,58.07958174737148482,-0.92719166465271641,-3.36124934904165418,58.14266067998121912,0.00000000000000000,0.01951286054609591,0.14143623718556037,0.00000000000000000,-0.04983647792675960,-12.86512322465286573
90,-0.92676753361963238,-2.94338898355906187,78.18049690896563675,-0.92719166465271641,-2.95231757049263877,78.18899772667799652,0.00000000000000000,0.04261602402635842,0.12835211432745203,0.00000000000000000,0.35909530062225581,7.18121382204388237
91,-0.92676753361963238,-3.42575385916321640,79.48204624371371096,-0.92719166465271641,-3.38288575980274731,78.97653773774845831,0.00000000000000000,0.12529114664071969,1.20322882695481281,0.00000000000000000,-0.07147288868785384,7.96875383311436281
92,-0.92676753361963238,-3.77700306499700300,62.78118052839870700,-0.92719166465271641,-3.77722080092392165,62.79740344249037776,0.00000000000000000,0.03089266219077986,0.20610530964092302,0.00000000000000000,-0.46580792980902863,-8.21038046214372841
93,-0.92676753361963238,-3.44788136829057468,61.23546412892211777,-0.92719166465271641,-3.43347082030855866,61.40871575440576891,0.00000000000000000,0.03089375772966538,0.29244215548343200,0.00000000000000000,-0.12205794919366432,-9.59906815022831772
94,-0.92676753361963238,-3.25254603240495088,79.42077977327397775,-0.92719166465271641,-3.26243300873128872,79.38050148598225064,0.00000000000000000,0.04421364022045618,0.19150440988075568,0.00000000000000000,0.04897986238360660,8.37271758134812139
95,-0.92676753361963238,-3.41987257576013670,64.41265807414308142,-0.92719166465271641,-3.41478494248055986,64.43979241946333048,0.00000000000000000,0.02394968342421962,0.18219187974497741,0.00000000000000000,-0.10337207136566477,-6.56799148517070641
96,-0.92676753361963238,-3.09559014908589214,66.94554350870463111,-0.92719166465271641,-3.10845751149123473,66.88113740963598275,0.00000000000000000,0.02417511387887388,0.22965213475720461,0.00000000000000000,0.20295535962365968,-4.12664649499810210
97,-0.92676753361963238,-3.28261918382964302,71.87444140599114917,-0.92719166465271641,-3.29182907479926312,71.83458048465845991,0.00000000000000000,0.02732190882183487,0.16006202174758452,0.00000000000000000,0.01958379631563004,0.82679658002433376
98,-0.92676753361963238,-2.88306488410826622,62.88363543097937480,-0.92719166465271641,-2.90255339025027581,62.78118530813956966,0.00000000000000000,0.02821612070651564,0.15347860522334519,0.00000000000000000,0.40885948086461887,-8.22659859649453828
99,-0.92676753361963238,-3.41182883700614425,77.21067999484677102,-0.92719166465271641,-3.41594630668774979,77.25286909415653724,0.00000000000000000,0.05770739117450945,0.34965880069876915,0.00000000000000000,-0.10453343557285573,6.24508518952250391
100,-0.92676753361963238,-2.94284520868547572,67.97235220695863234,-0.92719166465271641,-2.95139372943639300,67.94269288474264101,0.00000000000000000,0.01917753156221147,0.10804528925456745,0.00000000000000000,0.36001914167850202,-3.06509101989144561
101,-0.92676753361963238,-2.68973494922200596,67.13228144800066843,-0.92719166465271641,-2.69551663103509886,67.12828123372138123,0.00000000000000000,0.03087792302350689,0.10616388084557968,0.00000000000000000,0.61589624007979404,-3.87950267091274403
102,-0.92676753361963238,-3.37969106987392953,76.62826975125629758,-0.92719166465271641,-3.29558838477571925,75.78471347434171435,0.00000000000000000,0.11676443332452367,1.04678943607387631,0.00000000000000000,0.01582448633917435,4.77692956970759575
103,-0.92676753361963238,-3.16813744235659778,81.12910828817005893,-0.92719166465271641,-3.32239831467377789,82.24246422428915082,0.00000000000000000,0.17047600812116562,1.13885263681172200,0.00000000000000000,-0.01098544355888583,11.23468031965502689
104,-0.92676753361963238,-2.86450514461317463,66.08198837113178570,-0.92719166465271641,-2.85496540190086323,66.13822113361298705,0.00000000000000000,0.01767518629898658,0.08025627594036013,0.00000000000000000,0.45644746921403051,-4.86956277102110047
105,-0.92676753361963238,-3.28787632323410328,81.49134958774924087,-0.92719166465271641,-3.30337924452798326,81.60735758671314954,0.00000000000000000,0.14502137471099619,0.74298740666417673,0.00000000000000000,0.00803362658691049,10.59957368207908424
106,-0.92676753361963238,-2.11147688838988223,73.09855689781795718,-0.92719166465271641,-2.11522598902426706,73.09565084176328753,0.00000000000000000,0.03357022330345414,0.05903690930552488,0.00000000000000000,1.19618688209062718,2.08786693712921245
107,-0.92676753361963238,-4.00882160560942857,58.27760340264714500,-0.92719166465271641,-3.98665478786945560,58.48303972566569087,0.00000000000000000,0.09011374401352068,1.04503781787909200,0.00000000000000000,-0.67524191675456191,-12.52474417896840642
108,-0.92676753361963238,-2.63576130530485697,68.21315430990806306,-0.92719166465271641,-2.62536352338008339,68.20803814735981518,0.00000000000000000,0.07852313912213638,0.20383837218814088,0.00000000000000000,0.68604934773481185,-2.79974575727427410
109,-0.92676753361963238,-2.90518985160063403,66.94348563024757937,-0.92719166465271641,-2.90149839678245725,66.93930520043066679,0.00000000000000000,0.03143809636309022,0.13743915779492466,0.00000000000000000,0.40991447433243783,-4.06847870420345092
110,-0.92676753361963238,-4.01034883875259496,63.50683854261647809,-0.92719166465271641,-4.04089895809893029,63.21248752311960573,0.00000000000000000,0.05147467849004904,0.49839733000470354,0.00000000000000000,-0.72948608698403772,-7.79529638151450044
111,-0.92676753361963238,-3.09043115637724375,56.46703900507554152,-0.92719166465271641,-3.08447838036745514,56.49040113578597300,0.00000000000000000,0.05913981786305262,0.16876434582474636,0.00000000000000000,0.22693449074743879,-14.51738276884813139
112,-0.92676753361963238,-3.81435956490621564,68.35437530746928303,-0.92719166465271641,-3.82656889855872695,68.27899951411795598,0.00000000000000000,0.05054779042585539,0.22983440542549094,0.00000000000000000,-0.51515602744383471,-2.72878439051609956
113,-0.92676753361963238,-3.01338108145601513,68.72088976428101148,-0.92719166465271641,-3.00377596028244920,68.75818739482757280,0.00000000000000000,0.02926542325925624,0.14878639017469922,0.00000000000000000,0.30763691083244626,-2.24959650980650983
114,-0.92676753361963238,-4.14873935591822818,66.36588428054443511,-0.92719166465271641,-4.15445166075172967,66.30699842068997896,0.00000000000000000,0.05209991216217705,0.28907086786255703,0.00000000000000000,-0.84303878963683243,-4.70078548394410234
115,-0.92676753361963238,-3.44859311257652745,70.03776237946574668,-0.92719166465271641,-3.44439355419333904,70.07407829412456124,0.00000000000000000,0.03288095214430015,0.28234123791778371,0.00000000000000000,-0.13298068307844690,-0.93370561050952572
116,-0.92676753361963238,-3.09856216720078992,62.71605663722153423,-0.92719166465271641,-3.08944816366372699,62.79282382751766534,0.00000000000000000,0.01468657373861538,0.10819744234095159,0.00000000000000000,0.22196470745116581,-8.21496007711642129
117,-0.92676753361963238,-3.17173671675028013,80.15880168763861491,-0.92719166465271641,-3.16550125542241245,80.13897910945810565,0.00000000000000000,0.06223561531404612,0.22808135604474694,0.00000000000000000,0.14591161569247976,9.13119520482401015
118,-0.92676753361963238,-4.29146239624634607,85.96540542018976794,-0.92719166465271641,-4.07266588185297440,82.88775553183072020,0.00000000000000000,0.11410931115224034,1.39389583148370821,0.00000000000000000,-0.76125301073807794,11.87997162719663891
119,-0.92676753361963238,-2.21215476350816154,64.12690270068407017,-0.92719166465271641,-2.20540519181225392,64.14288966998469732,0.00000000000000000,0.02904377329195385,0.07405587318975324,0.00000000000000000,1.10600767930264166,-6.86489423464942483
120,-0.92676753361963238,-2.58306854903200600,82.60162409697807107,-0.92719166465271641,-2.74774907741493646,83.51905422753182506,0.00000000000000000,0.18617082532618454,1.26515177297979853,0.00000000000000000,0.56366379369995745,12.51127032289775975
121,-0.92676753361963238,-3.31482100248035527,67.26025087625448862,-0.92719166465271641,-3.31153438335494554,67.27016983471723677,0.00000000000000000,0.03638557863440720,0.16537427107458691,0.00000000000000000,-0.00012151224005078,-3.73761406991688094
122,-0.92676753361963238,-3.46554039013193549,83.67817495758484370,-0.92719166465271641,-3.47088549968104054,83.68359559149267568,0.00000000000000000,0.05884043505215519,0.30212887698216107,0.00000000000000000,-0.15947262856614697,12.67581168685854465
123,-0.92676753361963238,-3.26939449979338725,86.04395046391438484,-0.92719166465271641,-3.29624565141467629,86.07151516062258167,0.00000000000000000,0.09792533489356083,0.23562819727085413,0.00000000000000000,0.01516721970021765,15.06373125598845597
124,-0.92676753361963238,-3.33479626001149354,79.92377750865691155,-0.92719166465271641,-3.33916652473970954,79.90435709105864248,0.00000000000000000,0.04921554647251549,0.21207233486404903,0.00000000000000000,-0.02775365362481460,8.89657318642451145
125,-0.92676753361963238,-3.16168430163777403,74.58859100731132230,-0.92719166465271641,-3.17320031205082431,74.53266130144042734,0.00000000000000000,0.03593728692663505,0.16574627975078704,0.00000000000000000,0.13821255906407082,3.52487739680632828
126,-0.92676753361963238,-4.04046738736242173,72.24798894247949477,-0.92719166465271641,-4.03676206197281928,72.26603137661240339,0.00000000000000000,0.02859423181994328,0.21798777643978975,0.00000000000000000,-0.72534919085792915,1.25824747197829057
127,-0.92676753361963238,-3.75644129563147278,79.42912553338143766,-0.92719166465271641,-3.76143155613606339,79.39951364873947171,0.00000000000000000,0.06226581145753345,0.49154985074858010,0.00000000000000000,-0.45001868502117032,8.39172974410539929
128,-0.92676753361963238,-4.60385203497393913,82.74239408364380211,-0.92719166465271641,-4.60633379492650175,82.64363662067628979,0.00000000000000000,0.07618279001642878,0.53301953064991403,0.00000000000000000,-1.29492092381160839,11.63585271604221738
129,-0.92676753361963238,-2.94223769717129535,83.55747947945783949,-0.92719166465271641,-2.96051748358111810,83.51870844423338269,0.00000000000000000,0.06068230979137115,0.13415796617165535,0.00000000000000000,0.35089538753377536,12.51092453959926942
130,-0.92676753361963238,-3.99958559262697433,83.49513198180432028,-0.92719166465271641,-4.01265443364616292,83.55431628563920299,0.00000000000000000,0.04303839413450906,0.41251108130464054,0.00000000000000000,-0.70124156253126713,12.54653238100518031
131,-0.92676753361963238,-2.91331124055900581,61.93494603923209496,-0.92719166465271641,-2.91975794460798932,61.90323778002672128,0.00000000000000000,0.03637925144097337,0.22380380121788263,0.00000000000000000,0.39165492650690420,-9.10454612460735468
132,-0.92676753361963238,-3.84361306244939005,68.57296318563733450,-0.92719166465271641,-3.83645341112583038,68.61699700954302727,0.00000000000000000,0.03058336104643100,0.28033566207330268,0.00000000000000000,-0.52504054001093658,-2.39078689509108022
133,-0.92676753361963238,-3.07521624910812186,70.92492019319873009,-0.92719166465271641,-3.06828005582336472,70.97380627152733723,0.00000000000000000,0.02390183024364412,0.14632769794985828,0.00000000000000000,0.24313281529153027,-0.03397763310674714
134,-0.92676753361963238,-2.87271110749150393,75.48744860949716440,-0.92719166465271641,-2.92686106919407152,75.72409121034606017,0.00000000000000000,0.09372329499309329,0.47101285460584663,0.00000000000000000,0.38455180192082244,4.71630730571199752
135,-0.92676753361963238,-4.15942534384193241,76.07097317434416084,-0.92719166465271641,-4.14107959336349296,76.04707237371323458,0.00000000000000000,0.08046477106829938,0.56921235530242886,0.00000000000000000,-0.82966672224859961,5.03928846907913464
136,-0.92676753361963238,-2.03697210443353205,69.15000208493641765,-0.92719166465271641,-2.01429968414505201,69.15872558157596472,0.00000000000000000,0.09016955972039692,0.08079723630133137,0.00000000000000000,1.29711318696983979,-1.84905832305816142
137,-0.92676753361963238,-3.27493007367319899,75.03314936459126727,-0.92719166465271641,-3.28321140013758672,75.04020702911753915,0.00000000000000000,0.06274437226936236,0.27281600552830615,0.00000000000000000,0.02820147097730639,4.03242312448345341
138,-0.92676753361963238,-2.08010015297886985,66.01748776285789688,-0.92719166465271641,-2.05451385271399412,66.04657018510053490,0.00000000000000000,0.09620184359543842,0.10434745438304496,0.00000000000000000,1.25689901840090035,-4.96121371953357571
139,-0.92676753361963238,-3.71846124055327198,54.91081347138347724,-0.92719166465271641,-3.73385607896209271,54.73238329923789536,0.00000000000000000,0.05093214615711605,0.59291608766128112,0.00000000000000000,-0.42244320784719752,-16.27540060539622147
140,-0.92676753361963238,-4.08643546729094798,79.42832957247236436,-0.92719166465271641,-4.11371966655613708,79.74919018217997291,0.00000000000000000,0.10848891452145575,0.98896436435508772,0.00000000000000000,-0.80230679544124250,8.74140627754592359
141,-0.92676753361963238,-3.62699586297450338,70.33969622978442260,-0.92719166465271641,-3.62571239912495713,70.36863703680975846,0.00000000000000000,0.02196574513887609,0.22553328335319234,0.00000000000000000,-0.31429952801006222,-0.63914686782433916
142,-0.92676753361963238,-3.20739493967524947,57.93128164700404170,-0.92719166465271641,-3.20295683719966595,57.96113707750666322,0.00000000000000000,0.02655049056820395,0.18349984645051420,0.00000000000000000,0.10845603391522818,-13.04664682712740209
143,-0.92676753361963238,-3.10123014710992351,74.88840275761461385,-0.92719166465271641,-3.12955982329777349,74.96214843558601615,0.00000000000000000,0.06578876140292855,0.20729538436217926,0.00000000000000000,0.18185304781711986,3.95436453095191309
144,-0.92676753361963238,-3.70138562502471968,65.12023880512464302,-0.92719166465271641,-3.69590600402259106,65.19242041729755499,0.00000000000000000,0.03046369295307956,0.42899083575344671,0.00000000000000000,-0.38449313290769666,-5.81536348733654496
145,-0.92676753361963238,-3.10056482854874860,82.96295556376720981,-0.92719166465271641,-2.87289063673513567,80.33315560297948821,0.00000000000000000,0.38353218156813657,3.10495169343557498,0.00000000000000000,0.43852223437975768,9.32537169834543356
146,-0.92676753361963238,-3.17961251129781131,67.27770745448569301,-0.92719166465271641,-3.18149232797181103,67.21959226193385462,0.00000000000000000,0.03275431762337810,0.35082614584388261,0.00000000000000000,0.12992054314308421,-3.78819164270020181
147,-0.92676753361963238,-2.77825400523792609,58.34300670215110074,-0.92719166465271641,-2.79678480116660566,58.24992886256264057,0.00000000000000000,0.02593675483046089,0.15198614620074771,0.00000000000000000,0.51462806994829091,-12.75785504207144250
148,-0.92676753361963238,-3.42500196942884116,68.02492655419821688,-0.92719166465271641,-3.41253509575220981,68.12580110486035778,0.00000000000000000,0.03093249331994606,0.32161280130046466,0.00000000000000000,-0.10112222463731652,-2.88198279977370841
149,-0.92676753361963238,-3.28729105531256138,72.35786827812565036,-0.92719166465271641,-3.27775443063173499,72.38387357620021589,0.00000000000000000,0.03492597084402116,0.12113669148710923,0.00000000000000000,0.03365844048316047,1.37608967156613615
150,-0.92676753361963238,-3.33754800435733445,72.66929211888120221,-0.92719166465271641,-3.35273961133785203,72.71553436071509680,0.00000000000000000,0.10246342405789971,0.30409433476928555,0.00000000000000000,-0.04132674022295903,1.70775045608101039
151,-0.92676753361963238,-4.33971985124234472,82.01732895881193031,-0.92719166465271641,-4.31490860991269720,81.82675592770614514,0.00000000000000000,0.06997454224566049,0.56753670158974612,0.00000000000000000,-1.00349573879780318,10.81897202307205141
152,-0.92676753361963238,-3.62339301275214787,70.47498017219253086,-0.92719166465271641,-3.61519012726877742,70.52994652114053054,0.00000000000000000,0.01977421036733911,0.25554520902849337,0.00000000000000000,-0.30377725615388318,-0.47783738349355870
153,-0.92676753361963238,-3.32722027424294708,74.91607473068323486,-0.92719166465271641,-3.32545211689485054,74.94445580545158236,0.00000000000000000,0.04042487703956293,0.12162479932137403,0.00000000000000000,-0.01403924577995665,3.93667190081751484
154,-0.92676753361963238,-2.61665809720804132,81.64755477146252360,-0.92719166465271641,-2.58396386985561177,81.54884358408223477,0.00000000000000000,0.20780307959181382,0.89219281474476519,0.00000000000000000,0.72744900125928158,10.54105967944814282
155,-0.92676753361963238,-3.82748927240530623,74.42881236848751314,-0.92719166465271641,-3.82798817161518334,74.39715029626715648,0.00000000000000000,0.05367777355305275,0.21297898477101207,0.00000000000000000,-0.51657530050028866,3.38936639163304809
156,-0.92676753361963238,-3.26498318564320078,83.60854212786628636,-0.92719166465271641,-3.28005974585863536,83.57608031025102946,0.00000000000000000,0.03618798707753465,0.14438645846925402,0.00000000000000000,0.03135312525625846,12.56829640561694639
157,-0.92676753361963238,-2.67469273678672304,65.15523564075462559,-0.92719166465271641,-2.69472045423399331,65.04656458828490884,0.00000000000000000,0.02558284808153862,0.14392088838648315,0.00000000000000000,0.61669241688090137,-5.96121931634917868
158,-0.92676753361963238,-3.43413622687492737,60.54766805781223837,-0.92719166465271641,-3.43683066295419248,60.60333507511376183,0.00000000000000000,0.01924184245104193,0.24309092328055712,0.00000000000000000,-0.12541779183930049,-10.40444882952030348
159,-0.92676753361963238,-3.43327291938337442,77.96840580862466652,-0.92719166465271641,-3.43512156249436007,77.94337565281666969,0.00000000000000000,0.02668458802816347,0.19934971508072141,0.00000000000000000,-0.12370869137946698,6.93559174818249069
160,-0.92676753361963238,-3.48887043107951067,73.68738199143578527,-0.92719166465271641,-3.48853365726884102,73.68485165503138035,0.00000000000000000,0.04209451201817355,0.16435256903072204,0.00000000000000000,-0.17712078615394508,2.67706775039727241
161,-0.92676753361963238,-3.03989736095783991,76.00306698053938703,-0.92719166465271641,-3.03226859678935901,75.98905572492826366,0.00000000000000000,0.14169625760369695,0.51645554208865396,0.00000000000000000,0.27914427432553351,4.98127182029419835
162,-0.92676753361963238,-3.53967428024182995,87.54612819558121828,-0.92719166465271641,-3.55896745055892127,87.67718301618994303,0.00000000000000000,0.10662675210968987,0.48682830643698455,0.00000000000000000,-0.24755457944402734,16.66939911155587950
163,-0.92676753361963238,-3.85019156115368766,77.59989170670390024,-0.92719166465271641,-3.84766372542036672,77.61793432763576561,0.00000000000000000,0.03243223183529918,0.27754886318684391,0.00000000000000000,-0.53625085430547437,6.61015042300169320
164,-0.92676753361963238,-4.32697854864312870,78.45067812721582357,-0.92719166465271641,-4.33626185522319751,78.54257732104075274,0.00000000000000000,0.03572571815730634,0.36614935327442200,0.00000000000000000,-1.02484898410830838,7.53479341640669098
165,-0.92676753361963238,-2.96700493291066847,68.19449332870597402,-0.92719166465271641,-2.95982431336092366,68.26231852450965221,0.00000000000000000,0.02412420835175509,0.13824768406776780,0.00000000000000000,0.35158855775397235,-2.74546538012443886
166,-0.92676753361963238,-3.66244351978872240,75.33156868604089595,-0.92719166465271641,-3.66122363390398053,75.34338726471200687,0.00000000000000000,0.04096644334525509,0.15719772567766480,0.00000000000000000,-0.34981076278908529,4.33560336007793534
167,-0.92676753361963238,-4.80386613771225157,83.25926720094756206,-0.92719166465271641,-4.81436250865428406,83.36745628734125546,0.00000000000000000,0.06892414208027865,1.02946911281704412,0.00000000000000000,-1.50294963753939315,12.35967238270710489
168,-0.92676753361963238,-2.21700574284212903,85.81324786624658429,-0.92719166465271641,-2.25550182540128485,86.15138772970495040,0.00000000000000000,0.28542351380977404,2.68955247717624779,0.00000000000000000,1.05591104571360805,15.14360382507086378
169,-0.92676753361963238,-2.64470284741563333,64.22676987676835836,-0.92719166465271641,-2.64729430635974428,64.21328080836381957,0.00000000000000000,0.03024021223210956,0.13678588957893689,0.00000000000000000,0.66411856475514941,-6.79450309627030080
170,-0.92676753361963238,-3.23797485091517467,71.38572424538985217,-0.92719166465271641,-3.24849895373772046,71.30701848518762631,0.00000000000000000,0.02957809793356327,0.17686187560368077,0.00000000000000000,0.06291391737717401,0.29923458055357421
171,-0.92676753361963238,-4.32059717406084598,70.42249608429770547,-0.92719166465271641,-4.30969358677266356,70.52783739961452625,0.00000000000000000,0.03834422686469892,0.24439899926933095,0.00000000000000000,-0.99828071565776988,-0.47994650501953590
172,-0.92676753361963238,-3.49937688843099481,70.30333184852528916,-0.92719166465271641,-3.50777566021961285,70.34596474677171329,0.00000000000000000,0.03812884702627287,0.12666032994175649,0.00000000000000000,-0.19636278910472019,-0.66181915786235457
173,-0.92676753361963238,-2.72684699078696458,65.82253420158482982,-0.92719166465271641,-2.73991459742385546,65.76705287887980944,0.00000000000000000,0.02191753161811114,0.07007969550284895,0.00000000000000000,0.57149827369103745,-5.24073102575430472
174,-0.92676753361963238,-4.25657910601161671,71.19106842365849275,-0.92719166465271641,-4.24981868866523271,71.11344219207346384,0.00000000000000000,0.03394320407998629,0.27581759222525248,0.00000000000000000,-0.93840581755033869,0.10565828743940252
175,-0.92676753361963238,-3.82435573384066929,68.90910696549958914,-0.92719166465271641,-3.82483868351242373,68.90783480303056763,0.00000000000000000,0.02445513876817750,0.21605062433751984,0.00000000000000000,-0.51342581239752960,-2.09994910160354165
176,-0.92676753361963238,-3.27746233612812521,64.73414976071798321,-0.92719166465271641,-3.27653319186546588,64.71554112585913288,0.00000000000000000,0.02819822078493183,0.13808890648703878,0.00000000000000000,0.03487967924943099,-6.29224277877497506
177,-0.92676753361963238,-2.61734442612205864,79.48546321856120755,-0.92719166465271641,-2.91069803887937839,81.79111027279603263,0.00000000000000000,0.28560632012613157,3.54326031796789875,0.00000000000000000,0.40071483223551474,10.78332636816193180
178,-0.92676753361963238,-3.23926060471122890,81.04008507570989650,-0.92719166465271641,-3.22451059778682625,81.13547452651589253,0.00000000000000000,0.07269339955159504,0.37703895882192895,0.00000000000000000,0.08690227332806859,10.12769062188180946
179,-0.92676753361963238,-3.07950048468211390,66.73825188023027977,-0.92719166465271641,-3.07724923161132313,66.71456534211509393,0.00000000000000000,0.02164300532007496,0.19285736753556301,0.00000000000000000,0.23416363950357183,-4.29321856251899359
180,-0.92676753361963238,-3.34655631707723833,61.95201008174797153,-0.92719166465271641,-3.34399619019501637,61.94407234865189338,0.00000000000000000,0.02906513317440858,0.12232913515579619,0.00000000000000000,-0.03258331908012267,-9.06371155598220213
181,-0.92676753361963238,-2.51149483640321591,71.83451465008843684,-0.92719166465271641,-2.50608773311769673,71.87752204737041950,0.00000000000000000,0.02552230346216999,0.12466967659704983,0.00000000000000000,0.80532513799719974,0.86973814273635108
182,-0.92676753361963238,-4.31488804556268679,65.87688717236785862,-0.92719166465271641,-4.32789165317948576,65.78438583576351562,0.00000000000000000,0.05730981430683323,0.29332718966660948,0.00000000000000000,-1.01647878206459419,-5.22339806887058788
183,-0.92676753361963238,-3.66365075233933712,71.07290716929406926,-0.92719166465271641,-3.65110174381698060,71.07157303255000613,0.00000000000000000,0.05474166967129663,0.20014867153415031,0.00000000000000000,-0.33968887270208770,0.06378912791591984
184,-0.92676753361963238,-3.31256630136871966,69.52523065646899170,-0.92719166465271641,-3.31305319321906300,69.54837817733559291,0.00000000000000000,0.01901385005469778,0.16016541931811420,0.00000000000000000,-0.00164032210416860,-1.45940572729852303
185,-0.92676753361963238,-2.71899551716787258,73.81076006140473567,-0.92719166465271641,-2.72292726849078770,73.78877949572145667,0.00000000000000000,0.02488629179909414,0.09155017539759475,0.00000000000000000,0.58848560262410665,2.78099559108736560
186,-0.92676753361963238,-3.21885386757077896,69.96147897539093208,-0.92719166465271641,-3.21573119730834245,69.95510087380313280,0.00000000000000000,0.03865828411834325,0.12885750552729111,0.00000000000000000,0.09568167380655165,-1.05268303083096204
187,-0.92676753361963238,-2.19041268741441453,62.65282851697268285,-0.92719166465271641,-2.17984857148843991,62.70180031971965207,0.00000000000000000,0.03447517237872363,0.10162093347641125,0.00000000000000000,1.13156429962645366,-8.30598358491443634
188,-0.92676753361963238,-3.17656424470867238,75.22140998635342157,-0.92719166465271641,-3.18842339497598681,75.13505390421646268,0.00000000000000000,0.04003896434290800,0.23484162404500311,0.00000000000000000,0.12298947613890726,4.12726999958239738
189,-0.92676753361963238,-4.02126336848509869,71.09800507292209204,-0.92719166465271641,-4.02174666312845908,71.13708329232430572,0.00000000000000000,0.05879749853886756,0.18281820251599770,0.00000000000000000,-0.71033379201356517,0.12929938769024374
190,-0.92676753361963238,-2.45923055544197577,71.52421775766740097,-0.92719166465271641,-2.45400458346889483,71.54608651951573961,0.00000000000000000,0.02347514264734416,0.09342302222553096,0.00000000000000000,0.85740828764599908,0.53830261488160058
191,-0.92676753361963238,-3.47945202023038647,70.86294169962926048,-0.92719166465271641,-3.48648993979680633,70.79314512099183787,0.00000000000000000,0.02888640076296771,0.16714330376320585,0.00000000000000000,-0.17507706868191139,-0.21463878364222161
192,-0.92676753361963238,-2.96717415884822611,58.93231649534654792,-0.92719166465271641,-2.97484227491635389,58.91420834654194749,0.00000000000000000,0.03095599550396060,0.13194857838677498,0.00000000000000000,0.33657059619853924,-12.09357555809215867
193,-0.92676753361963238,-3.97439299869187490,86.66230618929000684,-0.92719166465271641,-3.96279956640124498,86.52159297910810665,0.00000000000000000,0.04596485592760838,0.47093429351913885,0.00000000000000000,-0.65138669528634940,15.51380907447401292
194,-0.92676753361963238,-3.04535717507067050,67.72796901715695128,-0.92719166465271641,-3.04913495360563536,67.70101774698177621,0.00000000000000000,0.03042140771226210,0.13976108408181168,0.00000000000000000,0.26227791750925894,-3.30676615765228776
195,-0.92676753361963238,-3.32237841125731759,66.79521847403027834,-0.92719166465271641,-3.31976621393633886,66.78170397439181727,0.00000000000000000,0.02419701722064288,0.18201831538609667,0.00000000000000000,-0.00835334282144616,-4.22607993024228623
196,-0.92676753361963238,-3.06155965193048774,64.98689441725410632,-0.92719166465271641,-3.04239112793525557,65.15204515385251227,0.00000000000000000,0.03426342554715885,0.24137230868815368,0.00000000000000000,0.26902174317963840,-5.85573875078153616
197,-0.92676753361963238,-2.90762595558334924,71.99717085826843288,-0.92719166465271641,-2.90534422515373691,71.98833958889859730,0.00000000000000000,0.04777053166107673,0.07905157284879365,0.00000000000000000,0.40606864596115760,0.98055568426448103
198,-0.92676753361963238,-2.05544440731029132,72.73037457641166270,-0.92719166465271641,-2.04788435567311389,72.74336244505182947,0.00000000000000000,0.06794522042636703,0.30778888378502434,0.00000000000000000,1.26352851544178013,1.73557854041773618
199,-0.92676753361963238,-3.03107303500098668,64.73196310979253099,-0.92719166465271641,-3.01978646022126940,64.81349962194542513,0.00000000000000000,0.01740350854764410,0.15033945886801692,0.00000000000000000,0.29162641089362401,-6.19428428268866593
200,-0.92676753361963238,-3.75917805681208339,66.22221109025311137,-0.92719166465271641,-3.75463193050429656,66.25656510158535184,0.00000000000000000,0.02077028437481076,0.23143410867760528,0.00000000000000000,-0.44321905938940281,-4.75121880304874900
201,-0.92676753361963238,-3.92644132287274372,80.56381095360802647,-0.92719166465271641,-3.93529392649220355,80.54458150252560245,0.00000000000000000,0.04101448627363390,0.24853672701844789,0.00000000000000000,-0.62388105537730920,9.53679759789153714
202,-0.92676753361963238,-4.27662132377348847,71.35542248868300419,-0.92719166465271641,-4.28057853406771027,71.27803352288700012,0.00000000000000000,0.03009198805243143,0.27663138900644901,0.00000000000000000,-0.96916566295281481,0.27024961825288868
203,-0.92676753361963238,-3.77719401773919294,65.29285658010807936,-0.92719166465271641,-3.76834522697796093,65.32702789672036658,0.00000000000000000,0.02065045598001149,0.15907418299670900,0.00000000000000000,-0.45693235586306663,-5.68075600791369784
204,-0.92676753361963238,-3.70105768239702693,64.82924537444456803,-0.92719166465271641,-3.70411939323435702,64.81969570541455994,0.00000000000000000,0.03603172401215447,0.21294518656890382,0.00000000000000000,-0.39270652211946183,-6.18808819921958797
205,-0.92676753361963238,-2.31302631778529699,70.33799659035487650,-0.92719166465271641,-2.32859551855977642,70.30550138451815201,0.00000000000000000,0.02754010240511019,0.07492318168541479,0.00000000000000000,0.98281735255511748,-0.70228252011596204
206,-0.92676753361963238,-2.96366959971063526,78.30366974998131013,-0.92719166465271641,-2.97016948276291304,78.24132678180257017,0.00000000000000000,0.04035013559846257,0.21824090609216149,0.00000000000000000,0.34124338835198059,7.23354287716847022
207,-0.92676753361963238,-3.59836817316966195,75.35994384384765965,-0.92719166465271641,-3.59023110110081323,75.35850152358281662,0.00000000000000000,0.04240472944851868,0.14622891465787505,0.00000000000000000,-0.27881822998591838,4.35071761894875397
208,-0.92676753361963238,-3.12698848075530611,79.95935911950105890,-0.92719166465271641,-3.18311456627999689,80.42707263780496874,0.00000000000000000,0.14789779180586043,1.37009380807030356,0.00000000000000000,0.12829830483489701,9.41928873317088389
209,-0.92676753361963238,-2.99963749101516797,75.29789993650223323,-0.92719166465271641,-2.98488838378576560,75.44075308370507571,0.00000000000000000,0.02766779583515629,0.22710719332499477,0.00000000000000000,0.32652448732912864,4.43296917907097843
210,-0.92676753361963238,-4.03256360584683105,64.94165393647872975,-0.92719166465271641,-4.01780178270339672,65.02499889682212597,0.00000000000000000,0.03356460524208255,0.28595199130493471,0.00000000000000000,-0.70638891158850559,-5.98278500781202638
211,-0.92676753361963238,-3.89439508193417661,70.68077011693728195,-0.92719166465271641,-3.89258996294199600,70.63553180503433282,0.00000000000000000,0.02966367134015234,0.33237572509925312,0.00000000000000000,-0.58117709182709987,-0.37225209959966932
212,-0.92676753361963238,-2.89228303722442304,62.96319680833485677,-0.92719166465271641,-2.88517706623534398,62.98577923011001900,0.00000000000000000,0.03712520723461861,0.21744355425789330,0.00000000000000000,0.42623580487954943,-8.02200467452407118
213,-0.92676753361963238,-3.41328205439588617,77.85674249188609508,-0.92719166465271641,-3.41563060500430415,77.83699636047265358,0.00000000000000000,0.03273376189985226,0.18128438232659894,0.00000000000000000,-0.10421773388940947,6.82921245583855541
214,-0.92676753361963238,-2.72170212904659437,78.54105580386949725,-0.92719166465271641,-2.69894673164711518,78.62615704399557615,0.00000000000000000,0.04142436715735829,0.17361064877234822,0.00000000000000000,0.61246613946777828,7.61837313936148863
215,-0.92676753361963238,-2.62416989662844413,62.53998743028163432,-0.92719166465271641,-2.59729816577165717,62.59478112967445895,0.00000000000000000,0.02577147784824341,0.07114926052326379,0.00000000000000000,0.71411470534323718,-8.41300277495963122
216,-0.92676753361963238,-3.03182817110003278,72.43402573675760436,-0.92719166465271641,-3.02768799790019516,72.44233407722678919,0.00000000000000000,0.05670868103758139,0.06934833727924646,0.00000000000000000,0.28372487321469964,1.43455017259265816
217,-0.92676753361963238,-2.47322032299708505,68.48477603319125251,-0.92719166465271641,-2.59570000336691864,67.63627693039266831,0.00000000000000000,0.13130542465777309,0.93861059376310729,0.00000000000000000,0.71571286774797549,-3.37150697424150492
218,-0.92676753361963238,-3.26330634298184163,71.89043575837749245,-0.92719166465271641,-3.26755087258474797,71.89389919221466130,0.00000000000000000,0.02539768626395645,0.15929763023443300,0.00000000000000000,0.04386199853014550,0.88611528758053781
219,-0.92676753361963238,-3.69420602387390762,78.22045392505006589,-0.92719166465271641,-3.77042880125524738,78.96932100955109490,0.00000000000000000,0.08545310682942253,0.80511045455240704,0.00000000000000000,-0.45901593014035491,7.96153710491701450
220,-0.92676753361963238,-3.02316050625058930,73.95074229261307153,-0.92719166465271641,-3.03623692888453256,73.92149307114416956,0.00000000000000000,0.02624497941640718,0.12753787509969300,0.00000000000000000,0.27517594223036090,2.91370916651008605
221,-0.92676753361963238,-3.90359938394304251,68.95943601060324113,-0.92719166465271641,-3.91518151444315832,68.80954038995383826,0.00000000000000000,0.02964325061514207,0.29664258623748024,0.00000000000000000,-0.60376864332826496,-2.19824351468023949
222,-0.92676753361963238,-2.92809659514328491,80.18152417916472530,-0.92719166465271641,-2.85375802608224882,79.73276478289156444,0.00000000000000000,0.13256021388158534,0.72645076920127416,0.00000000000000000,0.45765484503264625,8.72498087825743696
223,-0.92676753361963238,-3.98857034857313675,70.60689864000543992,-0.92719166465271641,-3.98801457201637755,70.59164998316754236,0.00000000000000000,0.01985863334573799,0.25337456975702860,0.00000000000000000,-0.67660170090148219,-0.41613392146654599
224,-0.92676753361963238,-4.28487249288095828,79.39104965196654007,-0.92719166465271641,-4.37419248974969399,81.27769177477205176,0.00000000000000000,0.09253338510489517,1.91464230454496809,0.00000000000000000,-1.06277961863479975,10.26990787013790296
225,-0.92676753361963238,-4.52529145305283098,73.00877631573681015,-0.92719166465271641,-4.51865429816387909,72.96515387268594566,0.00000000000000000,0.04176565334978441,0.40900360366230920,0.00000000000000000,-1.20724142704898729,1.95736996805185304
226,-0.92676753361963238,-2.96212993906724043,64.73967228743484270,-0.92719166465271641,-2.97036694363129028,64.68916956231201709,0.00000000000000000,0.03545630435431609,0.18795629612556386,0.00000000000000000,0.34104592748360357,-6.31861434232204200
227,-0.92676753361963238,-4.00886333425689845,71.50339391309040593,-0.92719166465271641,-4.01510018571638394,71.52656394437842380,0.00000000000000000,0.03712913681383143,0.19515854475119851,0.00000000000000000,-0.70368731460149148,0.51878003974433706
228,-0.92676753361963238,-3.94464644548474297,71.42787678111716332,-0.92719166465271641,-3.95479753109252030,71.44155155530334866,0.00000000000000000,0.04665331520164094,0.17592678195754938,0.00000000000000000,-0.64338465997762706,0.43376765066919215
229,-0.92676753361963238,-3.83966462700714661,65.76795310043371501,-0.92719166465271641,-3.85545183886849996,65.60206166570219466,0.00000000000000000,0.01674942912794831,0.20187628057024884,0.00000000000000000,-0.54403896775360328,-5.40572223893187420
230,-0.92676753361963238,-3.04621314901584039,82.42441470941292891,-0.92719166465271641,-3.11769121411570227,82.59383885082743859,0.00000000000000000,0.09098019661025038,0.26928540249932953,0.00000000000000000,0.19372165699919186,11.58605494619333776
231,-0.92676753361963238,-3.26659450053815004,70.07852775656927236,-0.92719166465271641,-3.28432565933175225,70.05760039217209112,0.00000000000000000,0.03711049183718287,0.13816985225779096,0.00000000000000000,0.02708721178314154,-0.95018351246206323
232,-0.92676753361963238,-2.83359108262046666,71.14472205462048748,-0.92719166465271641,-2.84067131419518981,71.11231971321483059,0.00000000000000000,0.03395394432853560,0.16709061594864030,0.00000000000000000,0.47074155691970393,0.10453580858077055
233,-0.92676753361963238,-3.01443081410405123,64.65769209466949974,-0.92719166465271641,-3.00408154621152335,64.68375558481763221,0.00000000000000000,0.02425566074161251,0.09931787110044912,0.00000000000000000,0.30733132490337040,-6.32402831981649260
234,-0.92676753361963238,-3.38901240348558996,63.57539810051266471,-0.92719166465271641,-3.39837561422448386,63.51845884906939688,0.00000000000000000,0.02685138365174020,0.18964736871767593,0.00000000000000000,-0.08696274310959004,-7.48932505556469952
235,-0.92676753361963238,-3.81828648875971899,63.31307411687729569,-0.92719166465271641,-3.82133277185802545,63.29282821047389263,0.00000000000000000,0.02306459479245767,0.33431558600427075,0.00000000000000000,-0.50991990074313132,-7.71495569416019400
236,-0.92676753361963238,-3.30529406843324569,72.47376297628501618,-0.92719166465271641,-3.29139269319152872,72.60326106287782011,0.00000000000000000,0.02549879168065964,0.21231430789400513,0.00000000000000000,0.02002017792336356,1.59547715824376191
237,-0.92676753361963238,-2.97424633398298388,60.87664451721044401,-0.92719166465271641,-2.96965538090575976,60.90914242476370077,0.00000000000000000,0.01716912201865799,0.12821965623217232,0.00000000000000000,0.34175749020913493,-10.09864147987040184
238,-0.92676753361963238,-3.23309983096872111,76.31496851316744312,-0.92719166465271641,-3.20545502815913030,76.19267222987950561,0.00000000000000000,0.05509939969496334,0.19243686566211618,0.00000000000000000,0.10595784295576205,5.18488832524542076
239,-0.92676753361963238,-3.46175805496689115,74.10736222055226108,-0.92719166465271641,-3.46386936028974857,74.04336010614969155,0.00000000000000000,0.02562978758764312,0.24649617655270586,0.00000000000000000,-0.15245648917485610,3.03557620151554675
240,-0.92676753361963238,-3.99512938703620923,69.38349761898778922,-0.92719166465271641,-3.99956227520479057,69.37543204416580522,0.00000000000000000,0.05558124012728679,0.24029782818015069,0.00000000000000000,-0.68814940408989411,-1.63235186046825542
241,-0.92676753361963238,-3.60492883509525841,60.20072613747921508,-0.92719166465271641,-3.60494247862170925,60.17987403147704839,0.00000000000000000,0.02734405530036800,0.29685539917535725,0.00000000000000000,-0.29352960750681473,-10.82790987315704712
242,-0.92676753361963238,-3.51414339254911168,71.91434946704468700,-0.92719166465271641,-3.52184381400497015,71.87278935216113496,0.00000000000000000,0.02929728134440811,0.23125101107028723,0.00000000000000000,-0.21043094289007425,0.86500544752704966
243,-0.92676753361963238,-3.77323591410175574,79.70086907104247587,-0.92719166465271641,-3.78897298366605906,79.81956193006291755,0.00000000000000000,0.08520647317179365,0.34119894348923535,0.00000000000000000,-0.47756011255116620,8.81177802542885402
244,-0.92676753361963238,-3.88018379400509961,71.81556398510664962,-0.92719166465271641,-3.89685084083177946,71.72899951224857773,0.00000000000000000,0.03058837667843488,0.24275473982751969,0.00000000000000000,-0.58543796971688444,0.72121560761449366
245,-0.92676753361963238,-3.97212240019185803,62.11841483637747530,-0.92719166465271641,-3.97023860004074258,62.15295614628810483,0.00000000000000000,0.01996400796874650,0.25126622982454194,0.00000000000000000,-0.65882572892584912,-8.85482775834598179
246,-0.92676753361963238,-2.93884018924532420,69.44636678141445429,-0.92719166465271641,-2.93891596634746533,69.43583627964258653,0.00000000000000000,0.02533895834789226,0.10569969116194643,0.00000000000000000,0.37249690476743036,-1.57194762499151719
247,-0.92676753361963238,-4.18636308687206959,71.61490656773780472,-0.92719166465271641,-4.18199611637254698,71.62964792494078381,0.00000000000000000,0.02624534238628851,0.29121639883080386,0.00000000000000000,-0.87058324525764563,0.62186402030665211
248,-0.92676753361963238,-3.45525474070990102,69.99139557483191254,-0.92719166465271641,-3.44843249671570895,69.99788403488938116,0.00000000000000000,0.02780252456747577,0.11427830093775596,0.00000000000000000,-0.13701962560081302,-1.00989986974474255
249,-0.92676753361963238,-3.10015420286607357,61.28655490130317673,-0.92719166465271641,-3.09401736490057599,61.34872095546012361,0.00000000000000000,0.02303454100893480,0.20950909476589710,0.00000000000000000,0.21739550621431944,-9.65906294917398078
250,-0.92676753361963238,-3.06202167789327806,62.06115673231320073,-0.92719166465271641,-3.05402316100905447,62.12135510401709837,0.00000000000000000,0.03046653939038953,0.18071183204095229,0.00000000000000000,0.25738971010584072,-8.88642880061699358