id,p0_SAEM,alpha_SAEM,tau_SAEM,p0_sd,alpha_sd,tau_sd,p0_randomEffects,alpha_randomEffects,tau_randomEffects
1,-1.25653406747449647,-3.69335158584883505,69.04857165387069529,0.00000000000000000,0.03763351952162586,0.20372975685185507,0.00000000000000000,-0.21733920474557553,0.12239139092516829
2,-1.25653406747449647,-3.27985862487043933,71.83691677327570346,0.00000000000000000,0.02820636970840338,0.18684906869556667,0.00000000000000000,0.19615375623281986,2.91073651033024472
3,-1.25653406747449647,-3.99685173477482181,70.32823601768222943,0.00000000000000000,0.03878467697079620,0.23722300677024188,0.00000000000000000,-0.52083935367156375,1.40205575473676869
4,-1.25653406747449647,-3.24381969020350303,60.93421455848820756,0.00000000000000000,0.02627649063378567,0.17676473672842366,0.00000000000000000,0.23219269089975772,-7.99196570445728494
5,-1.25653406747449647,-3.68322713571805194,73.71106234794719114,0.00000000000000000,0.03024007802643916,0.20790590362061542,0.00000000000000000,-0.20721475461479438,4.78488208500167556
6,-1.25653406747449647,-2.84276090811733484,58.60993699914652666,0.00000000000000000,0.04001533126207913,0.31603061735929039,0.00000000000000000,0.63325147298592277,-10.31624326379896850
7,-1.25653406747449647,-3.39325738699702173,60.95202415689621489,0.00000000000000000,0.02147160573600477,0.15254562668951774,0.00000000000000000,0.08275499410623761,-7.97415610604933711
8,-1.25653406747449647,-3.37824965687794210,56.49332620808836936,0.00000000000000000,0.02534865178269169,0.19000532503788720,0.00000000000000000,0.09776272422531666,-12.43285405485712047
9,-1.25653406747449647,-3.28624378245456583,61.89832359948592710,0.00000000000000000,0.02440356353734498,0.15475447436819342,0.00000000000000000,0.18976859864869419,-7.02785666345956717
10,-1.25653406747449647,-4.11626621566838935,73.36871363464209139,0.00000000000000000,0.04032887934343706,0.26521587656797840,0.00000000000000000,-0.64025383456513307,4.44253337169655715
11,-1.25653406747449647,-2.66147381926680637,63.90821483801254743,0.00000000000000000,0.05922369091785321,0.15187591406517373,0.00000000000000000,0.81453856183645423,-5.01796542493292819
12,-1.25653406747449647,-3.46938250052612807,73.35902277943533534,0.00000000000000000,0.03477903028410635,0.18293945788316590,0.00000000000000000,0.00662988057713082,4.43284251648984906
13,-1.25653406747449647,-3.04035647426709943,68.84961738327913849,0.00000000000000000,0.01944403451430523,0.09795514691308953,0.00000000000000000,0.43565590683615962,-0.07656287966640371
14,-1.25653406747449647,-2.69573746917265522,66.88541043730646152,0.00000000000000000,0.02651166941790148,0.14880269918005398,0.00000000000000000,0.78027491193060206,-2.04076982563903808
15,-1.25653406747449647,-3.16043394453725979,79.68732184615355152,0.00000000000000000,0.05201565289068828,0.13894394729903417,0.00000000000000000,0.31557843656599915,10.76114158320807235
16,-1.25653406747449647,-3.52747663393619915,56.49979676311662757,0.00000000000000000,0.02813611995753001,0.26503082004358131,0.00000000000000000,-0.05146425283294013,-12.42638349982888180
17,-1.25653406747449647,-3.20039968546795928,69.87667877004084005,0.00000000000000000,0.02401655574347556,0.14013310606422574,0.00000000000000000,0.27561269563529933,0.95049850709535222
18,-1.25653406747449647,-3.48650266041722956,55.55535022067417827,0.00000000000000000,0.02680368441153852,0.24426051098500354,0.00000000000000000,-0.01049027931396929,-13.37083004227129202
19,-1.25653406747449647,-3.41775656641709480,74.10116484223493671,0.00000000000000000,0.02238785240394098,0.15565828109569410,0.00000000000000000,0.05825581468616452,5.17498457928943179
20,-1.25653406747449647,-3.48511727888539058,62.22917586925772326,0.00000000000000000,0.02317866463824725,0.22313396020104181,0.00000000000000000,-0.00910489778213130,-6.69700439368775680
21,-1.25653406747449647,-3.39386545085671409,64.37987943984926176,0.00000000000000000,0.03264690494274117,0.24015082888642206,0.00000000000000000,0.08214693024654553,-4.54630082309619876
22,-1.25653406747449647,-4.42872842878884398,74.08051944457014315,0.00000000000000000,0.08042268653298054,0.52460917866735202,0.00000000000000000,-0.95271604768558527,5.15433918162461691
23,-1.25653406747449647,-3.77444458123375881,65.99237755504182701,0.00000000000000000,0.03662207999883749,0.36523272258348810,0.00000000000000000,-0.29843220013050187,-2.93380270790360864
24,-1.25653406747449647,-4.67645914834521026,73.10415784119142302,0.00000000000000000,0.06084734657821641,0.44931824726433067,0.00000000000000000,-1.20044676724195276,4.17797757824589500
25,-1.25653406747449647,-3.71409912735798420,72.26235033275752073,0.00000000000000000,0.06271904896342903,0.25334495364743587,0.00000000000000000,-0.23808674625472456,3.33617006981197983
26,-1.25653406747449647,-2.84223263967612327,73.77707384621240294,0.00000000000000000,0.09677836232699286,0.17973821747574217,0.00000000000000000,0.63377974142713600,4.85089358326686959
27,-1.25653406747449647,-3.78276804988876947,65.72762173102921679,0.00000000000000000,0.02942355060298898,0.31118635025859792,0.00000000000000000,-0.30675566878550975,-3.19855853191629169
28,-1.25653406747449647,-3.21273422859881430,70.24338315202544436,0.00000000000000000,0.02424510916657653,0.20581450378463681,0.00000000000000000,0.26327815250444453,1.31720288907998917
29,-1.25653406747449647,-2.86053055216650254,77.08877223689529501,0.00000000000000000,0.03018798420184948,0.11572823716223009,0.00000000000000000,0.61548182893675640,8.16259197394986913
30,-1.25653406747449647,-3.88948845907194940,64.84042402290582174,0.00000000000000000,0.02664350441003824,0.33286368045121972,0.00000000000000000,-0.41347607796868879,-4.08575624003967430
31,-1.25653406747449647,-2.98135288820258815,62.92461985420366943,0.00000000000000000,0.03109936748120090,0.11479248430365578,0.00000000000000000,0.49465949290066991,-6.00156040874181773
32,-1.25653406747449647,-3.11056707131089993,70.86701286464602845,0.00000000000000000,0.03151634401604953,0.19734006198204998,0.00000000000000000,0.36544530979235895,1.94083260170050020
33,-1.25653406747449647,-3.73588666940458580,70.58356701681688605,0.00000000000000000,0.06549172059875873,0.26557503419972756,0.00000000000000000,-0.25987428830132625,1.65738675387141843
34,-1.25653406747449647,-3.33740305784178526,64.78274646643579615,0.00000000000000000,0.01921075853852659,0.12800431905536211,0.00000000000000000,0.13860932326147088,-4.14343379650969723
35,-1.25653406747449647,-3.34651150014368559,71.53989653392076775,0.00000000000000000,0.03380358481767434,0.11692138760582507,0.00000000000000000,0.12950088095957543,2.61371627097533743
36,-1.25653406747449647,-3.52030311075084867,65.91633782099742689,0.00000000000000000,0.02618448654935421,0.20580108385886664,0.00000000000000000,-0.04429072964758975,-3.00984244194810691
37,-1.25653406747449647,-3.82970679944437187,60.87591677467329987,0.00000000000000000,0.02918574111677091,0.30302706070968227,0.00000000000000000,-0.35369441834111126,-8.05026348827219529
38,-1.25653406747449647,-2.85257827036822409,66.02641934203398932,0.00000000000000000,0.03991399401153953,0.39648280668409103,0.00000000000000000,0.62343411073503419,-2.89976092091150983
39,-1.25653406747449647,-3.55226847680060098,70.23244154444424225,0.00000000000000000,0.02238104317325302,0.23031058505274496,0.00000000000000000,-0.07625609569734244,1.30626128149880816
40,-1.25653406747449647,-2.87657164520030362,63.79899517110674623,0.00000000000000000,0.02619060089420370,0.10194984015559092,0.00000000000000000,0.59944073590295632,-5.12718509183873650
41,-1.25653406747449647,-3.81273387584342549,66.86407733285285815,0.00000000000000000,0.03358177539136106,0.21223154053463553,0.00000000000000000,-0.33672149474016511,-2.06210293009258505
42,-1.25653406747449647,-2.56104275963063177,68.55390678187740150,0.00000000000000000,0.01802900279263158,0.06852398157104483,0.00000000000000000,0.91496962147262684,-0.37227348106807229
43,-1.25653406747449647,-3.01781529981554320,70.20331847820600046,0.00000000000000000,0.02693774387432167,0.13190316639120075,0.00000000000000000,0.45819708128771691,1.27713821526049442
44,-1.25653406747449647,-3.37742957229456442,58.10188314549660049,0.00000000000000000,0.03141510960879676,0.28820029351033111,0.00000000000000000,0.09858280880869631,-10.82429711744886802
45,-1.25653406747449647,-2.98275310139038385,69.87445278136277693,0.00000000000000000,0.03106347556072476,0.14468017785386947,0.00000000000000000,0.49325927971287309,0.94827251841728699
46,-1.25653406747449647,-3.31259959673890592,65.71913274776969160,0.00000000000000000,0.01969868904005154,0.15497917045788870,0.00000000000000000,0.16341278436435144,-3.20704751517579867
47,-1.25653406747449647,-3.04461178585285674,69.74290148380629262,0.00000000000000000,0.02159405382058708,0.10051592796536959,0.00000000000000000,0.43140059525040381,0.81672122086075793
48,-1.25653406747449647,-3.81384555062371033,72.21597372525107517,0.00000000000000000,0.02338219392637858,0.17919003576548120,0.00000000000000000,-0.33783316952045261,3.28979346230553116
49,-1.25653406747449647,-3.08920101251664647,73.56684183294774471,0.00000000000000000,0.09636296726114159,0.19035614289283978,0.00000000000000000,0.38681136858661275,4.64066157000229840
50,-1.25653406747449647,-2.90022660931901211,70.25800191575162046,0.00000000000000000,0.01717145220278490,0.14685276573638656,0.00000000000000000,0.57578577178424573,1.33182165280620324
51,-1.25653406747449647,-3.37865712857707656,66.59105127674393998,0.00000000000000000,0.02351097556607912,0.17047894001803152,0.00000000000000000,0.09735525252618046,-2.33512898620156895
52,-1.25653406747449647,-3.06346868582670639,65.19346835958360487,0.00000000000000000,0.01366719629620703,0.10419999265855411,0.00000000000000000,0.41254369527655271,-3.73271190336188585
53,-1.25653406747449647,-3.03465778237609873,65.56292096519622703,0.00000000000000000,0.09515735440980008,0.73492530731238204,0.00000000000000000,0.44135459872716087,-3.36325929774929655
54,-1.25653406747449647,-3.53630355246293604,71.59358604401191428,0.00000000000000000,0.02372269904207527,0.18931501352760832,0.00000000000000000,-0.06029117135968035,2.66740578106633119
55,-1.25653406747449647,-2.84318958420490064,62.49080615711314834,0.00000000000000000,0.01913560472460127,0.09820238842057777,0.00000000000000000,0.63282279689835930,-6.43537410583236991
56,-1.25653406747449647,-2.96979534798122291,70.47346318831660028,0.00000000000000000,0.03237148916407392,0.33410951590532745,0.00000000000000000,0.50621703312203381,1.54728292537114331
57,-1.25653406747449647,-3.41440274360700169,68.95917356863138536,0.00000000000000000,0.02765086753605363,0.20222319383257209,0.00000000000000000,0.06160963749625778,0.03299330568588586
58,-1.25653406747449647,-4.00558913910088954,58.47218150728317454,0.00000000000000000,0.02433940251930856,0.29320916674797431,0.00000000000000000,-0.52957675799763038,-10.45399875566228154
59,-1.25653406747449647,-3.34498365855692681,75.88556661335037745,0.00000000000000000,0.02544462330060417,0.19199710998225120,0.00000000000000000,0.13102872254632941,6.95938635040480502
60,-1.25653406747449647,-2.82293089734967673,71.20827217366640127,0.00000000000000000,0.03002115137589146,0.14483566961284969,0.00000000000000000,0.65308148375358199,2.28209191072088080
61,-1.25653406747449647,-2.89843647669324955,62.84336321887351318,0.00000000000000000,0.03701443128691903,0.11369091002987215,0.00000000000000000,0.57757590441001072,-6.08281704407199086
62,-1.25653406747449647,-2.67121437175121645,80.92328784515616746,0.00000000000000000,0.02724737315421089,0.10246850815701090,0.00000000000000000,0.80479800935204326,11.99710758221063145
63,-1.25653406747449647,-4.10621092717031555,61.68331176182564235,0.00000000000000000,0.02644257410310316,0.44341751292519249,0.00000000000000000,-0.63019854606705450,-7.24286850111985991
64,-1.25653406747449647,-3.42765718177017931,70.52982658519661641,0.00000000000000000,0.02487149512209941,0.17289942999862851,0.00000000000000000,0.04835519933307821,1.60364632225110282
65,-1.25653406747449647,-3.43167373107809537,77.55141015621241252,0.00000000000000000,0.02347810390636067,0.13532294911853082,0.00000000000000000,0.04433865002516484,8.62522989326700795
66,-1.25653406747449647,-2.87510592997685732,70.32767379986670164,0.00000000000000000,0.02887520899136184,0.19999577270344090,0.00000000000000000,0.60090645112640217,1.40149353692122114
67,-1.25653406747449647,-3.49764876896038146,84.69468199650161466,0.00000000000000000,0.16190901590126797,1.53723457308381928,0.00000000000000000,-0.02163638785711915,15.76850173355614970
68,-1.25653406747449647,-3.91811094767202617,72.75561300149519184,0.00000000000000000,0.03510848782895619,0.32325690351495334,0.00000000000000000,-0.44209856656876673,3.82943273854967625
69,-1.25653406747449647,-3.69977377632670112,74.08871613182621729,0.00000000000000000,0.03137166826728838,0.22774833877697417,0.00000000000000000,-0.22376139522344132,5.16253586888072213
70,-1.25653406747449647,-4.00844964146026506,72.72103250272370190,0.00000000000000000,0.03073333757385509,0.24681140827198558,0.00000000000000000,-0.53243726035701167,3.79485223977815300
71,-1.25653406747449647,-4.34746225878318437,72.90988070098600815,0.00000000000000000,0.05880856841537260,0.36085102445085798,0.00000000000000000,-0.87144987767992510,3.98370043804057694
72,-1.25653406747449647,-4.22986340767191393,64.50073292749873133,0.00000000000000000,0.03666010264575169,0.32647655576090118,0.00000000000000000,-0.75385102656865277,-4.42544733544671853
73,-1.25653406747449647,-3.38044428522325680,68.23442392875085716,0.00000000000000000,0.03204763976211396,0.24108278614686468,0.00000000000000000,0.09556809588000104,-0.69175633419468607
74,-1.25653406747449647,-3.24869608877394001,74.43068026883561572,0.00000000000000000,0.03245667332112538,0.10698277158737289,0.00000000000000000,0.22731629232931747,5.50450000589011967
75,-1.25653406747449647,-4.14012014504255177,67.90193582698795183,0.00000000000000000,0.03480001875573659,0.24833350958024597,0.00000000000000000,-0.66410776393929483,-1.02424443595750292
76,-1.25653406747449647,-3.33627204355807327,71.99755811569107777,0.00000000000000000,0.11302323759762552,0.42004939363060839,0.00000000000000000,0.13974033754518389,3.07137785274557240
77,-1.25653406747449647,-3.21607148769448647,61.27409746866096185,0.00000000000000000,0.02389629225493149,0.19404471228995399,0.00000000000000000,0.25994089340876936,-7.65208279428454485
78,-1.25653406747449647,-2.90439092466642323,74.52607723515929194,0.00000000000000000,0.03526685921507117,0.19062544895220185,0.00000000000000000,0.57162145643683493,5.59989697221381544
79,-1.25653406747449647,-3.89735187203577382,65.17782574412680674,0.00000000000000000,0.02252264705722743,0.22900313976030953,0.00000000000000000,-0.42133949093251710,-3.74835451881870263
80,-1.25653406747449647,-3.25976602669567050,86.29927096837911904,0.00000000000000000,0.25900511042062635,2.62692624019432586,0.00000000000000000,0.21624635440758677,17.37309070543361500
81,-1.25653406747449647,-3.89228927801233437,60.78368172953368997,0.00000000000000000,0.03746594998277137,0.42185573615680916,0.00000000000000000,-0.41627689690907632,-8.14249853341181762
82,-1.25653406747449647,-3.75757694633270400,68.99537728790913604,0.00000000000000000,0.05032998591069456,0.31274625672377393,0.00000000000000000,-0.28156456522944667,0.06919702496369642
83,-1.25653406747449647,-3.70154477233725077,68.44439965211104493,0.00000000000000000,0.12442115956382593,0.32220824238021056,0.00000000000000000,-0.22553239123399033,-0.48178061083443252
84,-1.25653406747449647,-3.85458104304785065,61.82663771678479492,0.00000000000000000,0.05119878723194120,0.57366529684391687,0.00000000000000000,-0.37856866194459265,-7.09954254616073133
85,-1.25653406747449647,-4.47758844551461355,66.48478888275847964,0.00000000000000000,0.12498467302459880,0.72410691522350989,0.00000000000000000,-1.00157606441135849,-2.44139138018704438
86,-1.25653406747449647,-3.18705516124891419,73.27983090465181704,0.00000000000000000,0.02784051470715940,0.20105160991843182,0.00000000000000000,0.28895721985434641,4.35365064170631300
87,-1.25653406747449647,-2.85782714194550858,62.19957240323034142,0.00000000000000000,0.03129657815501531,0.10768876960832516,0.00000000000000000,0.61818523915775103,-6.72660785971510222
88,-1.25653406747449647,-3.52893036526217729,68.14768738129721726,0.00000000000000000,0.03313479423945610,0.33041317180634544,0.00000000000000000,-0.05291798415891828,-0.77849288164827091
89,-1.25653406747449647,-3.52734313676855260,56.19053727767874307,0.00000000000000000,0.01550037185266698,0.15233091147285152,0.00000000000000000,-0.05133075566529243,-12.73564298526673966
90,-1.25653406747449647,-3.11647864342361292,76.90854028455878222,0.00000000000000000,0.04849256794006370,0.13582079240306427,0.00000000000000000,0.35953373767964553,7.98236002161324798
91,-1.25653406747449647,-3.54765889440361137,77.01525806962770559,0.00000000000000000,0.13991928389671340,1.09574280479383113,0.00000000000000000,-0.07164651330035318,8.08907780668229037
92,-1.25653406747449647,-3.94171859398109259,59.86736867215488189,0.00000000000000000,0.02971964703158471,0.27200872534427506,0.00000000000000000,-0.46570621287783437,-9.05881159079060794
93,-1.25653406747449647,-3.59829190288811285,59.31238476285959393,0.00000000000000000,0.03335143594133027,0.39672774763330987,0.00000000000000000,-0.12227952178485479,-9.61379550008591011
94,-1.25653406747449647,-3.44173812361041298,77.56522206504735095,0.00000000000000000,0.05492186972229302,0.33043390715371257,0.00000000000000000,0.03427425749284464,8.63904180210184691
95,-1.25653406747449647,-3.58303502389845674,62.36995068959263477,0.00000000000000000,0.02291740280981142,0.21052274031585586,0.00000000000000000,-0.10702264279520048,-6.55622957335285150
96,-1.25653406747449647,-3.27552007218683672,65.29576278614420914,0.00000000000000000,0.04041880431307992,0.42480550672587275,0.00000000000000000,0.20049230891642272,-3.63041747680134641
97,-1.25653406747449647,-3.45295120415853329,70.06713273500029970,0.00000000000000000,0.03251834774414935,0.22669684493608430,0.00000000000000000,0.02306117694472520,1.14095247205487715
98,-1.25653406747449647,-3.05637173489262670,61.61754542546020019,0.00000000000000000,0.02161802397629237,0.13755286615193701,0.00000000000000000,0.41964064621063107,-7.30863483748527543
99,-1.25653406747449647,-3.57286695394305021,75.19076252456989096,0.00000000000000000,0.05764143231704093,0.27051277880264618,0.00000000000000000,-0.09685457283979203,6.26458226162442244
100,-1.25653406747449647,-3.10857692268230545,66.70480834959116123,0.00000000000000000,0.02744307057928942,0.14704748157084710,0.00000000000000000,0.36743545842095388,-2.22137191335441075
101,-1.25653406747449647,-2.85121663919256685,66.16600811125398707,0.00000000000000000,0.03220724147491832,0.12412273855237066,0.00000000000000000,0.62479574191068976,-2.76017215169148189
102,-1.25653406747449647,-3.50925809990612159,74.36134592317380054,0.00000000000000000,0.12718708974373411,1.02755375916263381,0.00000000000000000,-0.03324571880286342,5.43516566022830361
103,-1.25653406747449647,-3.33722797307756425,79.58232469406047471,0.00000000000000000,0.12442266038242468,0.53554044646781029,0.00000000000000000,0.13878440802569361,10.65614443111494580
104,-1.25653406747449647,-3.02739630101031398,64.92863766000061787,0.00000000000000000,0.01721194160311279,0.10630821125100003,0.00000000000000000,0.44861608009294301,-3.99754260294488173
105,-1.25653406747449647,-3.42173271008367585,79.62084409678442398,0.00000000000000000,0.09625630493561771,0.28085026274845853,0.00000000000000000,0.05427967101958225,10.69466383383899455
106,-1.25653406747449647,-2.28552178968043185,72.52457738758845096,0.00000000000000000,0.03946141264803257,0.07383228917343837,0.00000000000000000,1.19049059142282654,3.59839712464300865
107,-1.25653406747449647,-4.17326944791346488,54.56400698710384489,0.00000000000000000,0.06525505983250986,1.01083528360399599,0.00000000000000000,-0.69725706681020339,-14.36217327584165204
108,-1.25653406747449647,-2.77162458812938262,67.25943552374852175,0.00000000000000000,0.07585985676671375,0.16491402893647825,0.00000000000000000,0.70438779297387577,-1.66674473919697763
109,-1.25653406747449647,-3.06603168806788773,65.71465174219135008,0.00000000000000000,0.03553041472885653,0.15067720932534401,0.00000000000000000,0.40998069303537088,-3.21152852075409756
110,-1.25653406747449647,-4.18116752647303791,59.74184375248689349,0.00000000000000000,0.04898817943440905,0.60486665056495947,0.00000000000000000,-0.70515514536978285,-9.18433651045863186
111,-1.25653406747449647,-3.26256059692848543,54.97793238335761146,0.00000000000000000,0.05441633782858822,0.21634118443567435,0.00000000000000000,0.21345178417477093,-13.94824787958783929
112,-1.25653406747449647,-3.97351908894317907,65.33796172502944444,0.00000000000000000,0.04067130405690551,0.28450858414807301,0.00000000000000000,-0.49750670783991874,-3.58821853791608403
113,-1.25653406747449647,-3.17743927386770331,67.35947591621446406,0.00000000000000000,0.02160749054919213,0.12490017432786922,0.00000000000000000,0.29857310723555436,-1.56670434673106618
114,-1.25653406747449647,-4.31082602667152859,62.12515939789588515,0.00000000000000000,0.04681618855208766,0.44566567718363992,0.00000000000000000,-0.83481364556827142,-6.80102086504961711
115,-1.25653406747449647,-3.60296818837404498,68.02642498592088316,0.00000000000000000,0.03263158731683354,0.31085147607807051,0.00000000000000000,-0.12695580727078798,-0.89975527702457392
116,-1.25653406747449647,-3.25761702410461673,61.28410953077762002,0.00000000000000000,0.02043733446590856,0.16045173306674834,0.00000000000000000,0.21839535699864249,-7.64207073216786892
117,-1.25653406747449647,-3.33208267511932466,78.53663823682003908,0.00000000000000000,0.06260825091701600,0.26662937640673545,0.00000000000000000,0.14392970598393220,9.61045797387450307
118,-1.25653406747449647,-4.33319096453416108,79.96227705265725660,0.00000000000000000,0.15688975175796499,1.64722288072192691,0.00000000000000000,-0.85717858343090358,11.03609678971173835
119,-1.25653406747449647,-2.38360222188806015,63.48384282841249160,0.00000000000000000,0.03917061289365659,0.13597405609215105,0.00000000000000000,1.09241015921519824,-5.44233743453300445
120,-1.25653406747449647,-2.94576706821501499,82.60427553669671852,0.00000000000000000,0.20462857191984526,1.00108699696393288,0.00000000000000000,0.53024531288824461,13.67809527375119494
121,-1.25653406747449647,-3.47958974975839652,65.40625649528568886,0.00000000000000000,0.03358924035063088,0.17767148442961797,0.00000000000000000,-0.00357736865513899,-3.51992376765984050
122,-1.25653406747449647,-3.65663992643220892,81.60578458811681912,0.00000000000000000,0.05926389001086839,0.22910516688421462,0.00000000000000000,-0.18062754532894912,12.67960432517133640
123,-1.25653406747449647,-3.45767873135345960,84.28475582399376265,0.00000000000000000,0.10131364818460036,0.22267969836485024,0.00000000000000000,0.01833364974979845,15.35857556104833321
124,-1.25653406747449647,-3.49608046378232951,78.02025388989761723,0.00000000000000000,0.05046895217266417,0.26653349196638221,0.00000000000000000,-0.02006808267906924,9.09407362695213806
125,-1.25653406747449647,-3.34153292759261511,72.90682233682913704,0.00000000000000000,0.03282698934643516,0.21431061123238143,0.00000000000000000,0.13447945351064319,3.98064207388363744
126,-1.25653406747449647,-4.19990072435083306,68.46683074509091682,0.00000000000000000,0.03331391334476752,0.24994841630420353,0.00000000000000000,-0.72388834324757734,-0.45934951785456296
127,-1.25653406747449647,-3.94134972869041400,76.63148468985892237,0.00000000000000000,0.07199459526386594,0.38906433210102909,0.00000000000000000,-0.46533734758715539,7.70530442691342365
128,-1.25653406747449647,-4.76969773651083617,75.93312990808072982,0.00000000000000000,0.07739030446398680,0.50705062256851641,0.00000000000000000,-1.29368535540757534,7.00694964513528795
129,-1.25653406747449647,-3.12207053028842685,82.26097604593135770,0.00000000000000000,0.05762172893243506,0.15519809339056098,0.00000000000000000,0.35394185081483032,13.33479578298588564
130,-1.25653406747449647,-4.17112027047866718,79.78479107445259899,0.00000000000000000,0.04044296884768919,0.30163607316526531,0.00000000000000000,-0.69510788937541013,10.85861081150714114
131,-1.25653406747449647,-3.08819188732227090,60.62086928015347098,0.00000000000000000,0.04074690515035740,0.29648532439616676,0.00000000000000000,0.38782049378098810,-8.30531098279200108
132,-1.25653406747449647,-4.00932698133932064,65.42569094465940793,0.00000000000000000,0.03232944200294106,0.33875487080887634,0.00000000000000000,-0.53331460023606259,-3.50048931828611787
133,-1.25653406747449647,-3.22827666964894622,69.55760566848482540,0.00000000000000000,0.02314991078349775,0.16718866618250239,0.00000000000000000,0.24773571145431300,0.63142540553939730
134,-1.25653406747449647,-3.11933000746835498,74.59948875264980472,0.00000000000000000,0.10790404634827994,0.48083642678356348,0.00000000000000000,0.35668237363490568,5.67330848970435575
135,-1.25653406747449647,-4.30146074236403475,71.74490239286302540,0.00000000000000000,0.07618718436393709,0.37799587796810863,0.00000000000000000,-0.82544836126077459,2.81872212991748405
136,-1.25653406747449647,-2.17964729118909384,68.64487957716924882,0.00000000000000000,0.08756882392715404,0.08439986374899282,0.00000000000000000,1.29636508991416544,-0.28130068577622891
137,-1.25653406747449647,-3.45505756778770179,73.26526722286207871,0.00000000000000000,0.06548832925310513,0.22148893324072469,0.00000000000000000,0.02095481331555650,4.33908695991655602
138,-1.25653406747449647,-2.19178738898707248,65.55811699753844835,0.00000000000000000,0.10546532463122885,0.17113973890147346,0.00000000000000000,1.28422499211618746,-3.36806326540700463
139,-1.25653406747449647,-3.86989221025221974,52.33425658906699596,0.00000000000000000,0.03106065856323486,0.43063306002719343,0.00000000000000000,-0.39387982914896019,-16.59192367387852940
140,-1.25653406747449647,-4.29673927869252115,75.61845579935868500,0.00000000000000000,0.13937555345450128,0.74377631492414298,0.00000000000000000,-0.82072689758926176,6.69227553641318895
141,-1.25653406747449647,-3.79413382645455277,67.77411856999948725,0.00000000000000000,0.02149905022600114,0.26858452394977150,0.00000000000000000,-0.31812144535129389,-1.15206169294598126
142,-1.25653406747449647,-3.36336265811954593,56.32618858434844356,0.00000000000000000,0.02986248679966524,0.22509708985768581,0.00000000000000000,0.11264972298371242,-12.59999167859701252
143,-1.25653406747449647,-3.27511797710875685,73.39458064224695022,0.00000000000000000,0.05613382259179152,0.15701028138784789,0.00000000000000000,0.20089440399450170,4.46840037930139111
144,-1.25653406747449647,-3.87412146082912967,62.26228935058237113,0.00000000000000000,0.03553379731042999,0.56244292338110047,0.00000000000000000,-0.39810907972587073,-6.66389091236312314
145,-1.25653406747449647,-3.05492698521537198,79.14726137442455922,0.00000000000000000,0.36545765419218651,3.36449049457112892,0.00000000000000000,0.42108539588788635,10.22108111147911202
146,-1.25653406747449647,-3.34533825093891624,65.64661636924799382,0.00000000000000000,0.02860609991146154,0.34272774561849179,0.00000000000000000,0.13067413016434148,-3.27956389369755685
147,-1.25653406747449647,-2.93790833005299357,57.28328497120044460,0.00000000000000000,0.02916126261752654,0.16459714850304585,0.00000000000000000,0.53810405105026560,-11.64289529174504167
148,-1.25653406747449647,-3.57012972365751136,66.16248313305986528,0.00000000000000000,0.02361471426127690,0.31743941301133899,0.00000000000000000,-0.09411734255425105,-2.76369712988568050
149,-1.25653406747449647,-3.44375538661935021,70.60029099344383496,0.00000000000000000,0.03407994481380883,0.14194959419903030,0.00000000000000000,0.03225699448390788,1.67411073049841019
150,-1.25653406747449647,-3.48797598122835328,70.76463293554385814,0.00000000000000000,0.06661200407318066,0.13545398720403509,0.00000000000000000,-0.01196360012509418,1.83845267259835099
151,-1.25653406747449647,-4.51490376648124858,76.91772324749817358,0.00000000000000000,0.08614827253579839,0.45365186368790134,0.00000000000000000,-1.03889138537799308,7.99154298455257361
152,-1.25653406747449647,-3.78428458423088365,67.99006603829619166,0.00000000000000000,0.01856307476189667,0.25556019960782733,0.00000000000000000,-0.30827220312762477,-0.93611422464927296
153,-1.25653406747449647,-3.49971941376144091,73.07065636485835114,0.00000000000000000,0.03556610902484676,0.17529465342142730,0.00000000000000000,-0.02370703265818389,4.14447610191292704
154,-1.25653406747449647,-2.61285510805288945,80.39709824038558850,0.00000000000000000,0.42728673324901190,1.27814280051117324,0.00000000000000000,0.86315727305036904,11.47091797744008268
155,-1.25653406747449647,-3.98784468360751143,71.39817296888621456,0.00000000000000000,0.04832859219924209,0.27878329123100160,0.00000000000000000,-0.51183230250425193,2.47199270594068432
156,-1.25653406747449647,-3.44018157262334467,81.81897515094475182,0.00000000000000000,0.03385080286301913,0.20674460636745648,0.00000000000000000,0.03583080847991439,12.89279488799919449
157,-1.25653406747449647,-2.84476677729330385,64.16736265860772903,0.00000000000000000,0.02210302465352244,0.14202893862185062,0.00000000000000000,0.63124560380995753,-4.75881760433773415
158,-1.25653406747449647,-3.59843888204668128,58.53007039627669172,0.00000000000000000,0.01865387966352338,0.28941824642201608,0.00000000000000000,-0.12242650094342368,-10.39610986666879100
159,-1.25653406747449647,-3.60280336901271747,75.85457123295631732,0.00000000000000000,0.03012615142960273,0.28794146558655997,0.00000000000000000,-0.12679098790945950,6.92839097001078041
160,-1.25653406747449647,-3.66419094860777417,71.42592687824253517,0.00000000000000000,0.03982176966310755,0.20900174745646830,0.00000000000000000,-0.18817856750451536,2.49974661529707820
161,-1.25653406747449647,-3.22187986937652537,74.63586855995971803,0.00000000000000000,0.15898275991198715,0.42462372525597886,0.00000000000000000,0.25413251172673268,5.70968829701426106
162,-1.25653406747449647,-3.73932371779654060,85.34450673224455386,0.00000000000000000,0.10560367893306261,0.40441134947095086,0.00000000000000000,-0.26331133669328083,16.41832646929910311
163,-1.25653406747449647,-4.01675415715753203,74.38425906057054249,0.00000000000000000,0.03079383965989974,0.34217305543462490,0.00000000000000000,-0.54074177605427476,5.45807879762509440
164,-1.25653406747449647,-4.49839202598667143,73.49718243772011306,0.00000000000000000,0.03844426998254325,0.36904021906325973,0.00000000000000000,-1.02237964488341704,4.57100217477464810
165,-1.25653406747449647,-3.13115648159848492,66.92383752723782209,0.00000000000000000,0.02909677116199580,0.15376911576186389,0.00000000000000000,0.34485589950477535,-2.00234273570771126
166,-1.25653406747449647,-3.82358447818379243,72.72729019143709195,0.00000000000000000,0.03984067261558217,0.19796055594975945,0.00000000000000000,-0.34757209708053377,3.80110992849159279
167,-1.25653406747449647,-4.96383449426320666,75.06413429092768297,0.00000000000000000,0.07594087221583483,0.75554534610100721,0.00000000000000000,-1.48782211315994850,6.13795402798217626
168,-1.25653406747449647,-2.62040181094350544,87.08190151479334418,0.00000000000000000,0.32010504123890343,3.22866960808053749,0.00000000000000000,0.85561057015975217,18.15572125184780106
169,-1.25653406747449647,-2.80472289138860464,63.29835051461863316,0.00000000000000000,0.02917011924395982,0.11765002209235813,0.00000000000000000,0.67128948971465530,-5.62782974832685667
170,-1.25653406747449647,-3.40927494978877776,69.60500960922381353,0.00000000000000000,0.02348984479124206,0.18736175911116729,0.00000000000000000,0.06673743131448279,0.67882934627829550
171,-1.25653406747449647,-4.47562328821055733,65.45895688201258622,0.00000000000000000,0.03820218842041437,0.38693445873959192,0.00000000000000000,-0.99961090710729528,-3.46722338093289784
172,-1.25653406747449647,-3.66292791936354778,68.11834813840023628,0.00000000000000000,0.04345468783633552,0.15213298517524662,0.00000000000000000,-0.18691553826028864,-0.80783212454531772
173,-1.25653406747449647,-2.87713754651815812,64.87526390437255941,0.00000000000000000,0.02385154705537558,0.11198723886004990,0.00000000000000000,0.59887483458510005,-4.05091635857287535
174,-1.25653406747449647,-4.41633586947759138,66.40048217846428713,0.00000000000000000,0.03743622542431613,0.28958733188253638,0.00000000000000000,-0.94032348837433233,-2.52569808448119870
175,-1.25653406747449647,-3.98247869725206050,65.91489637391379119,0.00000000000000000,0.02196821305633457,0.23555554671337797,0.00000000000000000,-0.50646631614879745,-3.01128388903171196
176,-1.25653406747449647,-3.44553184965350523,62.90667314672211319,0.00000000000000000,0.02605217185133649,0.17003327363218790,0.00000000000000000,0.03048053144975245,-6.01950711622338197
177,-1.25653406747449647,-2.89442048715949962,79.22318524458665934,0.00000000000000000,0.34894576279967615,4.27840891108524346,0.00000000000000000,0.58159189394375954,10.29700498164111977
178,-1.25653406747449647,-3.38545811283437814,79.45163963890109926,0.00000000000000000,0.07857748999504978,0.54537197108711066,0.00000000000000000,0.09055426826888219,10.52545937595557923
179,-1.25653406747449647,-3.23811593652463880,65.28853801011091207,0.00000000000000000,0.02246373269374687,0.19255018383453848,0.00000000000000000,0.23789644457862308,-3.63764225283458620
180,-1.25653406747449647,-3.50840692809039689,60.05440034635076074,0.00000000000000000,0.03356489984159172,0.13616163806958051,0.00000000000000000,-0.03239454698713747,-8.87177991659470777
181,-1.25653406747449647,-2.68084867180989184,70.98175921764592999,0.00000000000000000,0.02815142926778769,0.14994111366011068,0.00000000000000000,0.79516370929336744,2.05557895470043794
182,-1.25653406747449647,-4.47001043952399257,60.88101306788900047,0.00000000000000000,0.04693429433655609,0.39616930819701468,0.00000000000000000,-0.99399805842073718,-8.04516719505648581
183,-1.25653406747449647,-3.82093281714963862,68.49140211803529610,0.00000000000000000,0.05131140522446456,0.28573859777517918,0.00000000000000000,-0.34492043604637945,-0.43477814491019628
184,-1.25653406747449647,-3.47822675108219581,67.69981805629761595,0.00000000000000000,0.01952298343322495,0.16955963334369570,0.00000000000000000,-0.00221436997893624,-1.22636220664786322
185,-1.25653406747449647,-2.88499504638460458,72.79368908220901346,0.00000000000000000,0.02189920428789571,0.09861216872278618,0.00000000000000000,0.59101733471865558,3.86750881926347390
186,-1.25653406747449647,-3.37056623404255795,68.32085853950215437,0.00000000000000000,0.03506892563756703,0.17034800401821173,0.00000000000000000,0.10544614706070077,-0.60532172344334967
187,-1.25653406747449647,-2.33191701551137331,62.14609612854155785,0.00000000000000000,0.04472547050360966,0.16832214629396072,0.00000000000000000,1.14409536559188640,-6.78008413440396485
188,-1.25653406747449647,-3.34844663318641000,73.57597578840506003,0.00000000000000000,0.03437148794589679,0.23255250380120424,0.00000000000000000,0.12756574791684944,4.64979552545953645
189,-1.25653406747449647,-4.18144579343759304,67.40223584694844305,0.00000000000000000,0.06684341219523952,0.31849170700403684,0.00000000000000000,-0.70543341233433343,-1.52394441599698527
190,-1.25653406747449647,-2.62255923455547757,70.74630280309986574,0.00000000000000000,0.02101202020084521,0.09090823480083896,0.00000000000000000,0.85345314654778304,1.82012254015439012
191,-1.25653406747449647,-3.64518197129868327,68.67250511480949626,0.00000000000000000,0.02604901956262740,0.18016400609838834,0.00000000000000000,-0.16916959019542260,-0.25367514813598774
192,-1.25653406747449647,-3.11796541690272733,57.69829250554971622,0.00000000000000000,0.03125542901487674,0.16813062788583613,0.00000000000000000,0.35804696420053334,-11.22788775739580736
193,-1.25653406747449647,-4.13601697325533468,83.09091121122885681,0.00000000000000000,0.05694642740585640,0.43408110230135633,0.00000000000000000,-0.66000459215207552,14.16473094828333146
194,-1.25653406747449647,-3.21621067775223679,66.26868376434143215,0.00000000000000000,0.02947981502707949,0.17858901940488472,0.00000000000000000,0.25980170335102187,-2.65749649860402126
195,-1.25653406747449647,-3.48440538900701480,64.92331304475420950,0.00000000000000000,0.02356016030535260,0.21443584622777556,0.00000000000000000,-0.00839300790375616,-4.00286721819132563
196,-1.25653406747449647,-3.21466957419301025,63.64365771654559722,0.00000000000000000,0.05028631588705599,0.42860540867024854,0.00000000000000000,0.26134280691024997,-5.28252254639988639
197,-1.25653406747449647,-3.06600412131031641,70.76257835524438633,0.00000000000000000,0.04930795436560620,0.09969073430362388,0.00000000000000000,0.41000825979294458,1.83639809229891093
198,-1.25653406747449647,-2.22525053825854124,72.20789859228791840,0.00000000000000000,0.05787002780396962,0.27546494535525656,0.00000000000000000,1.25076184284472003,3.28171832934242902
199,-1.25653406747449647,-3.18536615572322912,63.43088682514440535,0.00000000000000000,0.01692356619012805,0.14713420732250657,0.00000000000000000,0.29064622538003243,-5.49529343780112001
200,-1.25653406747449647,-3.91905286250571327,63.40547242666416139,0.00000000000000000,0.02189034359560512,0.26423876322970230,0.00000000000000000,-0.44304048140245433,-5.52070783628129469
201,-1.25653406747449647,-4.09008563345369414,77.10388909953424275,0.00000000000000000,0.03756296731666088,0.30602906571442801,0.00000000000000000,-0.61407325235043075,8.17770883658881864
202,-1.25653406747449647,-4.45378458136454292,66.28355925142224692,0.00000000000000000,0.03844415108520473,0.43735679145118522,0.00000000000000000,-0.97777220026128819,-2.64262101152319984
203,-1.25653406747449647,-3.92531306836059812,62.51537762635749118,0.00000000000000000,0.02236391967451739,0.21427007046867283,0.00000000000000000,-0.44930068725734013,-6.41080263658801108
204,-1.25653406747449647,-3.86355385921035932,62.15260880941801247,0.00000000000000000,0.03358154587135497,0.27147262602187738,0.00000000000000000,-0.38754147810709955,-6.77357145352748002
205,-1.25653406747449647,-2.50154599498662167,69.59796136815729994,0.00000000000000000,0.03860014380146448,0.10381389771366709,0.00000000000000000,0.97446638611663661,0.67178110521177392
206,-1.25653406747449647,-3.12500975259685632,76.98146363496243794,0.00000000000000000,0.03854903417185210,0.22433767542106270,0.00000000000000000,0.35100262850640429,8.05528337201690547
207,-1.25653406747449647,-3.75479463322747797,72.93127308371271056,0.00000000000000000,0.04184868499791146,0.26408103692368140,0.00000000000000000,-0.27878225212421870,4.00509282076716477
208,-1.25653406747449647,-3.21651263389732822,77.93311789217001717,0.00000000000000000,0.15772724256613388,0.93776492357298979,0.00000000000000000,0.25949974720592833,9.00693762922450780
209,-1.25653406747449647,-3.15492525069897400,74.04451832936089772,0.00000000000000000,0.03236438432524975,0.31198832016231881,0.00000000000000000,0.32108713040428305,5.11833806641534217
210,-1.25653406747449647,-4.19755164812905157,61.10989912027886106,0.00000000000000000,0.03466865044964562,0.41672814223906557,0.00000000000000000,-0.72153926702579207,-7.81628114266663143
211,-1.25653406747449647,-4.06146640779856494,67.30074566311786555,0.00000000000000000,0.03069052120901050,0.42912115565600195,0.00000000000000000,-0.58545402669531388,-1.62543459982770599
212,-1.25653406747449647,-3.04393488040870697,61.80733112202406687,0.00000000000000000,0.04506097106355494,0.28061812003170578,0.00000000000000000,0.43207750069455353,-7.11884914092145582
213,-1.25653406747449647,-3.57697149610915055,75.78155050201145571,0.00000000000000000,0.02693421737872539,0.22243604401988479,0.00000000000000000,-0.10095911500589069,6.85537023906598186
214,-1.25653406747449647,-2.87892621357102430,77.55547591320834044,0.00000000000000000,0.03676292444356998,0.18514695203051804,0.00000000000000000,0.59708616753223376,8.62929565026276357
215,-1.25653406747449647,-2.78247721841134643,61.63242242802122206,0.00000000000000000,0.02748373056286766,0.10822216946267048,0.00000000000000000,0.69353516269191251,-7.29375783492427932
216,-1.25653406747449647,-3.20493028835312899,71.01997453538562866,0.00000000000000000,0.05545394389201509,0.12674152367976252,0.00000000000000000,0.27108209275012868,2.09379427244012284
217,-1.25653406747449647,-2.75046087122222493,66.76955838887600692,0.00000000000000000,0.13397578597484464,1.10746698737745430,0.00000000000000000,0.72555150988103378,-2.15662187406943362
218,-1.25653406747449647,-3.43017171257119591,70.09696677605708715,0.00000000000000000,0.02265187776105035,0.18965279768291329,0.00000000000000000,0.04584066853206219,1.17078651311152204
219,-1.25653406747449647,-3.84042131903998962,75.48439130954433551,0.00000000000000000,0.14203045170177186,0.90307962120876373,0.00000000000000000,-0.36440893793673101,6.55821104659888299
220,-1.25653406747449647,-3.19763117617916892,72.54083371786106227,0.00000000000000000,0.02717117725354579,0.14421268654678943,0.00000000000000000,0.27838120492408891,3.61465345491552092
221,-1.25653406747449647,-4.06396988493349465,65.65373744089272634,0.00000000000000000,0.02952310200781429,0.40785434026928785,0.00000000000000000,-0.58795750383023970,-3.27244282205276305
222,-1.25653406747449647,-2.92658475474033608,78.15880450101735732,0.00000000000000000,0.13329320098161274,0.54711345998577732,0.00000000000000000,0.54942762636292197,9.23262423807187282
223,-1.25653406747449647,-4.15565999932141850,66.96178737885286125,0.00000000000000000,0.02256857857181026,0.28391098564481898,0.00000000000000000,-0.67964761821815944,-1.96439288409260393
224,-1.25653406747449647,-4.58176931246346708,76.68849554575304239,0.00000000000000000,0.12403438582457026,2.07345113048674579,0.00000000000000000,-1.10575693136020647,7.76231528280766891
225,-1.25653406747449647,-4.69711006923424090,66.68512708591647709,0.00000000000000000,0.04433972132341716,0.51330345161889768,0.00000000000000000,-1.22109768813098118,-2.24105317702894880
226,-1.25653406747449647,-3.13116255221995488,63.41865870316195952,0.00000000000000000,0.02544466337946230,0.17371739198199160,0.00000000000000000,0.34484982888330318,-5.50752155978352853
227,-1.25653406747449647,-4.17999973681502635,67.79314987103664691,0.00000000000000000,0.04254722880160213,0.23692240507862386,0.00000000000000000,-0.70398735571176752,-1.13303039190887045
228,-1.25653406747449647,-4.11164482762288319,67.99892993754382076,0.00000000000000000,0.03861191534496427,0.25894715481228431,0.00000000000000000,-0.63563244651962392,-0.92725032540163366
229,-1.25653406747449647,-4.01011871458959668,62.56875499693212106,0.00000000000000000,0.01558702619608194,0.24972756400664389,0.00000000000000000,-0.53410633348633474,-6.35742526601336699
230,-1.25653406747449647,-3.25945239331476522,81.02846175126448713,0.00000000000000000,0.09223016588205094,0.19515327067348620,0.00000000000000000,0.21655998778849470,12.10228148831898842
231,-1.25653406747449647,-3.44239413418386642,68.31908781271205555,0.00000000000000000,0.03924684626211474,0.15228757680301266,0.00000000000000000,0.03361824691939377,-0.60709245023351877
232,-1.25653406747449647,-2.99806632352725044,69.98905199135209898,0.00000000000000000,0.03226871378607395,0.19444592093710830,0.00000000000000000,0.47794605757600872,1.06287172840660271
233,-1.25653406747449647,-3.16987738387306317,63.34247543474540976,0.00000000000000000,0.02332516453680983,0.12642894181953640,0.00000000000000000,0.30613499723019433,-5.58370482820009961
234,-1.25653406747449647,-3.56545767132542712,61.48013176343818031,0.00000000000000000,0.02364941476751078,0.19412640856548261,0.00000000000000000,-0.08944529022216745,-7.44604849950732106
235,-1.25653406747449647,-3.97887630140655935,60.35254932997327160,0.00000000000000000,0.02242153634968976,0.39969418608560359,0.00000000000000000,-0.50286392030330129,-8.57363093297221646
236,-1.25653406747449647,-3.45714022359538342,70.78212467027611865,0.00000000000000000,0.02618847243687312,0.26517330313213738,0.00000000000000000,0.01887215750787597,1.85594440733055199
237,-1.25653406747449647,-3.13365350533627396,59.61254512323361610,0.00000000000000000,0.02049433589069084,0.17204857056785003,0.00000000000000000,0.34235887576698537,-9.31363513971187196
238,-1.25653406747449647,-3.38783342639772123,74.56610540680020449,0.00000000000000000,0.05227532358091978,0.17246341492007108,0.00000000000000000,0.08817895470553977,5.63992514385471200
239,-1.25653406747449647,-3.62697720614899310,71.92710344722848959,0.00000000000000000,0.02415326682713444,0.26530605062401802,0.00000000000000000,-0.15096482504573513,3.00092318428297222
240,-1.25653406747449647,-4.14443805315468428,65.87250415019654781,0.00000000000000000,0.06043354257435597,0.41008063876073031,0.00000000000000000,-0.66842567205142189,-3.05367611274893092
241,-1.25653406747449647,-3.76474541351182435,57.78279708418867244,0.00000000000000000,0.03086975201264030,0.42668009515276861,0.00000000000000000,-0.28873303240856552,-11.14338317875685114
242,-1.25653406747449647,-3.68060830335432776,69.64050922324845772,0.00000000000000000,0.02371177690725560,0.24215293220732176,0.00000000000000000,-0.20459592225106965,0.71432896030295745
243,-1.25653406747449647,-3.94131085363543088,76.86420905257460845,0.00000000000000000,0.06377225034590210,0.21535719411363707,0.00000000000000000,-0.46529847253217443,7.93802878962913638
244,-1.25653406747449647,-4.04585047895068062,68.56985331366433911,0.00000000000000000,0.02482017791230614,0.24260608944054143,0.00000000000000000,-0.56983809784742145,-0.35632694928119574
245,-1.25653406747449647,-4.13410365416934766,58.59020809096438853,0.00000000000000000,0.02061048290812492,0.32348852247942400,0.00000000000000000,-0.65809127306608761,-10.33597217198109952
246,-1.25653406747449647,-3.10187424110750909,68.17047453693156456,0.00000000000000000,0.02049761072401493,0.11470997660378819,0.00000000000000000,0.37413813999575041,-0.75570572601392016
247,-1.25653406747449647,-4.34728357179580094,67.23855113866987665,0.00000000000000000,0.02679221072208408,0.31364688888984416,0.00000000000000000,-0.87127119069253633,-1.68762912427561007
248,-1.25653406747449647,-3.61904980317317815,67.84272143814574463,0.00000000000000000,0.02677980338300134,0.17562033984540892,0.00000000000000000,-0.14303742206991704,-1.08345882479973055
249,-1.25653406747449647,-3.26536699280860621,59.78922737846790625,0.00000000000000000,0.02061065804641614,0.20927798831779584,0.00000000000000000,0.21064538829465501,-9.13695288447759069
250,-1.25653406747449647,-3.23093430798613790,60.59283033779006900,0.00000000000000000,0.01720092849255523,0.14159050342988608,0.00000000000000000,0.24507807311711990,-8.33334992515543682