id,eta_p0_SAEM,eta_alpha_SAEM,eta_tau_SAEM,eta_p0_mean,eta_alpha_mean,eta_tau_mean,eta_p0_sd,eta_alpha_sd,eta_tau_sd
1,0.000000,-0.212302,0.245751,0.000000,-0.218696,0.271610,0.000000,0.039980,0.165493
2,0.000000,0.203599,2.210678,0.000000,0.204503,2.254284,0.000000,0.028355,0.139827
3,0.000000,-0.513803,2.382030,0.000000,-0.512417,2.423957,0.000000,0.041147,0.229202
4,0.000000,0.240353,-8.741838,0.000000,0.232693,-8.752431,0.000000,0.026063,0.150346
5,0.000000,-0.191777,4.923614,0.000000,-0.189030,4.960537,0.000000,0.029990,0.180220
6,0.000000,0.666447,-11.370154,0.000000,0.661912,-11.365961,0.000000,0.042561,0.300224
7,0.000000,0.090194,-8.487776,0.000000,0.093427,-8.407268,0.000000,0.023342,0.140184
8,0.000000,0.106982,-12.953466,0.000000,0.102887,-12.911755,0.000000,0.023931,0.185620
9,0.000000,0.209196,-7.631958,0.000000,0.201324,-7.651409,0.000000,0.027753,0.128574
10,0.000000,-0.633468,5.860915,0.000000,-0.632593,5.878229,0.000000,0.036940,0.237847
11,0.000000,0.819698,-6.414673,0.000000,0.826104,-6.424435,0.000000,0.061317,0.173213
12,0.000000,0.022912,4.090918,0.000000,0.015622,4.104318,0.000000,0.034357,0.173469
13,0.000000,0.441383,-1.110730,0.000000,0.441132,-1.090657,0.000000,0.019549,0.083931
14,0.000000,0.781298,-3.443663,0.000000,0.774968,-3.437982,0.000000,0.027272,0.130993
15,0.000000,0.322809,9.873731,0.000000,0.313876,9.911494,0.000000,0.056696,0.109142
16,0.000000,-0.048054,-12.698589,0.000000,-0.057902,-12.743667,0.000000,0.028401,0.209035
17,0.000000,0.280362,0.149756,0.000000,0.281859,0.169725,0.000000,0.023642,0.127857
18,0.000000,-0.002100,-13.693054,0.000000,-0.004380,-13.657059,0.000000,0.024621,0.200942
19,0.000000,0.066544,4.714385,0.000000,0.064026,4.749614,0.000000,0.023417,0.135115
20,0.000000,-0.003659,-7.059866,0.000000,-0.002129,-6.985164,0.000000,0.022193,0.178859
21,0.000000,0.089269,-5.032840,0.000000,0.093084,-4.984847,0.000000,0.029571,0.208424
22,0.000000,-0.935870,7.808262,0.000000,-0.943864,7.982793,0.000000,0.078512,0.716485
23,0.000000,-0.295412,-2.607581,0.000000,-0.283430,-2.518162,0.000000,0.029441,0.214142
24,0.000000,-1.195638,8.380143,0.000000,-1.192633,8.477674,0.000000,0.058179,0.609427
25,0.000000,-0.223324,3.515722,0.000000,-0.226830,3.537266,0.000000,0.062853,0.222547
26,0.000000,0.635285,3.636337,0.000000,0.662055,3.586665,0.000000,0.108857,0.305981
27,0.000000,-0.294942,-2.827569,0.000000,-0.298934,-2.778649,0.000000,0.026698,0.238611
28,0.000000,0.273832,0.541812,0.000000,0.265980,0.509211,0.000000,0.022689,0.166143
29,0.000000,0.628731,6.952393,0.000000,0.622847,6.950361,0.000000,0.028120,0.084651
30,0.000000,-0.404692,-3.413992,0.000000,-0.416095,-3.494239,0.000000,0.024223,0.265798
31,0.000000,0.511711,-7.060213,0.000000,0.502615,-7.071267,0.000000,0.032386,0.104295
32,0.000000,0.374757,0.987382,0.000000,0.372346,1.023911,0.000000,0.030391,0.162032
33,0.000000,-0.223257,1.754189,0.000000,-0.255317,1.919176,0.000000,0.068076,0.343320
34,0.000000,0.148985,-4.740858,0.000000,0.144728,-4.719292,0.000000,0.019505,0.106353
35,0.000000,0.136042,2.047169,0.000000,0.136040,2.060089,0.000000,0.033937,0.111029
36,0.000000,-0.035598,-3.245424,0.000000,-0.036136,-3.246824,0.000000,0.024375,0.189480
37,0.000000,-0.343614,-7.546037,0.000000,-0.342380,-7.465086,0.000000,0.038152,0.298389
38,0.000000,0.625617,-4.168977,0.000000,0.618867,-4.215390,0.000000,0.037296,0.329048
39,0.000000,-0.068622,1.096988,0.000000,-0.069979,1.157333,0.000000,0.023321,0.208737
40,0.000000,0.615545,-6.329052,0.000000,0.610113,-6.311948,0.000000,0.022433,0.077090
41,0.000000,-0.320633,-1.615620,0.000000,-0.331776,-1.594990,0.000000,0.036307,0.170112
42,0.000000,0.921925,-1.887870,0.000000,0.919392,-1.864786,0.000000,0.019985,0.063735
43,0.000000,0.464582,0.238255,0.000000,0.463031,0.228948,0.000000,0.033097,0.132408
44,0.000000,0.106205,-11.350598,0.000000,0.119376,-11.207473,0.000000,0.033151,0.235981
45,0.000000,0.488972,-0.190660,0.000000,0.492859,-0.143654,0.000000,0.035212,0.144699
46,0.000000,0.168048,-3.844922,0.000000,0.165018,-3.842920,0.000000,0.022239,0.150698
47,0.000000,0.439778,-0.199945,0.000000,0.434651,-0.191163,0.000000,0.018938,0.075020
48,0.000000,-0.330643,3.717391,0.000000,-0.335834,3.711635,0.000000,0.023469,0.179007
49,0.000000,0.395544,3.686816,0.000000,0.402337,3.700477,0.000000,0.092579,0.130854
50,0.000000,0.579836,0.120478,0.000000,0.579444,0.143189,0.000000,0.019547,0.133498
51,0.000000,0.103226,-2.882578,0.000000,0.099459,-2.857930,0.000000,0.021888,0.131551
52,0.000000,0.415600,-4.756217,0.000000,0.416484,-4.709832,0.000000,0.019526,0.103895
53,0.000000,0.388150,-4.760826,0.000000,0.361715,-4.938884,0.000000,0.103714,0.771765
54,0.000000,-0.052946,2.451227,0.000000,-0.049545,2.496647,0.000000,0.025293,0.163796
55,0.000000,0.645062,-7.675442,0.000000,0.637364,-7.673312,0.000000,0.020780,0.086806
56,0.000000,0.511568,0.430053,0.000000,0.513037,0.456429,0.000000,0.033912,0.327097
57,0.000000,0.069318,-0.439320,0.000000,0.058304,-0.465355,0.000000,0.025328,0.165344
58,0.000000,-0.517007,-9.394663,0.000000,-0.522497,-9.386425,0.000000,0.026575,0.266800
59,0.000000,0.142510,6.419285,0.000000,0.140564,6.440803,0.000000,0.026606,0.176077
60,0.000000,0.659892,1.005731,0.000000,0.661131,1.027265,0.000000,0.031916,0.153679
61,0.000000,0.575929,-7.298696,0.000000,0.574350,-7.263764,0.000000,0.034188,0.076303
62,0.000000,0.813419,10.582672,0.000000,0.808888,10.591786,0.000000,0.035473,0.099339
63,0.000000,-0.614518,-5.774350,0.000000,-0.620109,-5.780714,0.000000,0.025221,0.288769
64,0.000000,0.059146,1.191574,0.000000,0.054562,1.182585,0.000000,0.024607,0.162233
65,0.000000,0.054595,8.207520,0.000000,0.057048,8.274787,0.000000,0.023597,0.120892
66,0.000000,0.616035,0.239860,0.000000,0.599096,0.167462,0.000000,0.025583,0.148638
67,0.000000,-0.225749,18.095194,0.000000,-0.032966,15.879895,0.000000,0.219319,2.711282
68,0.000000,-0.442199,4.524429,0.000000,-0.445575,4.506128,0.000000,0.034903,0.245983
69,0.000000,-0.218507,5.288499,0.000000,-0.221976,5.313662,0.000000,0.038129,0.203796
70,0.000000,-0.525148,4.820319,0.000000,-0.526667,4.880525,0.000000,0.028882,0.224217
71,0.000000,-0.861371,6.329912,0.000000,-0.866137,6.349205,0.000000,0.055723,0.357840
72,0.000000,-0.751055,-2.594380,0.000000,-0.741019,-2.552665,0.000000,0.038269,0.231933
73,0.000000,0.099829,-1.208712,0.000000,0.098431,-1.183874,0.000000,0.030369,0.213345
74,0.000000,0.230546,4.748101,0.000000,0.232947,4.785085,0.000000,0.033480,0.084376
75,0.000000,-0.649413,0.456425,0.000000,-0.656104,0.503281,0.000000,0.039826,0.202109
76,0.000000,0.081517,2.838449,0.000000,0.069529,2.934060,0.000000,0.114286,0.680553
77,0.000000,0.271289,-8.422780,0.000000,0.268304,-8.407305,0.000000,0.022542,0.170111
78,0.000000,0.589147,4.458560,0.000000,0.584291,4.461437,0.000000,0.034487,0.163728
79,0.000000,-0.412556,-3.066534,0.000000,-0.415898,-3.044162,0.000000,0.022258,0.185299
80,0.000000,0.077277,18.732202,0.000000,0.458281,14.122842,0.000000,0.320845,3.474731
81,0.000000,-0.377804,-7.222898,0.000000,-0.401654,-7.389645,0.000000,0.051228,0.419138
82,0.000000,-0.262187,0.393542,0.000000,-0.267055,0.434575,0.000000,0.045967,0.206209
83,0.000000,-0.166216,-0.548159,0.000000,-0.205663,-0.348193,0.000000,0.102121,0.477671
84,0.000000,-0.366812,-6.542778,0.000000,-0.358608,-6.427219,0.000000,0.052009,0.400924
85,0.000000,-1.013890,0.583311,0.000000,-1.010435,0.595346,0.000000,0.123286,0.275965
86,0.000000,0.294561,3.512914,0.000000,0.294917,3.550209,0.000000,0.023974,0.144872
87,0.000000,0.621964,-7.982787,0.000000,0.624487,-7.927147,0.000000,0.034372,0.091379
88,0.000000,-0.055621,-1.100179,0.000000,-0.048509,-1.019996,0.000000,0.033875,0.297701
89,0.000000,-0.048554,-13.012425,0.000000,-0.048075,-12.968326,0.000000,0.017959,0.141512
90,0.000000,0.379563,7.031307,0.000000,0.368169,7.076558,0.000000,0.049061,0.135285
91,0.000000,-0.146571,8.775824,0.000000,-0.036642,7.639776,0.000000,0.123947,1.166610
92,0.000000,-0.454425,-8.259600,0.000000,-0.461545,-8.261692,0.000000,0.028647,0.201160
93,0.000000,-0.109910,-9.656739,0.000000,-0.128295,-9.804497,0.000000,0.030855,0.288244
94,0.000000,0.052309,8.271382,0.000000,0.049849,8.273700,0.000000,0.054154,0.235260
95,0.000000,-0.107124,-6.741744,0.000000,-0.102385,-6.700998,0.000000,0.023786,0.177178
96,0.000000,0.210067,-4.337358,0.000000,0.218002,-4.189508,0.000000,0.033517,0.319869
97,0.000000,0.026768,0.722848,0.000000,0.026614,0.756235,0.000000,0.033606,0.186187
98,0.000000,0.431408,-8.280866,0.000000,0.416426,-8.348078,0.000000,0.028970,0.155741
99,0.000000,-0.092729,6.107808,0.000000,-0.086154,6.139072,0.000000,0.059829,0.344430
100,0.000000,0.368317,-3.181038,0.000000,0.366635,-3.163362,0.000000,0.028167,0.118816
101,0.000000,0.618487,-4.057603,0.000000,0.629147,-4.002274,0.000000,0.034397,0.100891
102,0.000000,-0.051324,5.461780,0.000000,-0.028750,5.189481,0.000000,0.131859,1.355046
103,0.000000,0.103004,10.326322,0.000000,0.094141,10.410589,0.000000,0.131904,0.866262
104,0.000000,0.455048,-5.051300,0.000000,0.454907,-5.020984,0.000000,0.016986,0.087197
105,0.000000,0.028444,10.397900,0.000000,0.068634,10.239972,0.000000,0.099988,0.471494
106,0.000000,1.195253,1.922133,0.000000,1.199880,1.930551,0.000000,0.041601,0.066050
107,0.000000,-0.690483,-12.764455,0.000000,-0.683328,-12.587496,0.000000,0.066126,0.767340
108,0.000000,0.710844,-2.993969,0.000000,0.702638,-2.962761,0.000000,0.078085,0.200004
109,0.000000,0.411212,-4.195533,0.000000,0.408148,-4.195867,0.000000,0.033501,0.123328
110,0.000000,-0.706634,-7.604522,0.000000,-0.720907,-7.698511,0.000000,0.055759,0.487976
111,0.000000,0.228386,-14.672521,0.000000,0.224186,-14.626790,0.000000,0.051627,0.146356
112,0.000000,-0.494557,-2.697834,0.000000,-0.495771,-2.690150,0.000000,0.043261,0.194313
113,0.000000,0.307016,-2.399229,0.000000,0.305845,-2.400200,0.000000,0.024113,0.124760
114,0.000000,-0.844245,-4.667627,0.000000,-0.837872,-4.607217,0.000000,0.046646,0.267722
115,0.000000,-0.129797,-1.038031,0.000000,-0.131986,-1.031152,0.000000,0.028910,0.229986
116,0.000000,0.227653,-8.356125,0.000000,0.222546,-8.353836,0.000000,0.019234,0.129317
117,0.000000,0.148430,9.039112,0.000000,0.146253,9.050137,0.000000,0.057885,0.206980
118,0.000000,-0.891815,14.058795,0.000000,-0.807853,12.769748,0.000000,0.148553,2.038139
119,0.000000,1.101633,-7.072529,0.000000,1.092028,-7.068668,0.000000,0.033384,0.104570
120,0.000000,0.501654,12.703702,0.000000,0.460864,13.002002,0.000000,0.176774,1.241682
121,0.000000,0.006809,-3.854163,0.000000,0.006026,-3.823979,0.000000,0.035375,0.141888
122,0.000000,-0.182082,12.765994,0.000000,-0.168427,12.753322,0.000000,0.060175,0.306807
123,0.000000,0.033168,14.956760,0.000000,0.024860,14.976010,0.000000,0.105172,0.264612
124,0.000000,-0.014070,8.817253,0.000000,-0.017770,8.845828,0.000000,0.050815,0.197821
125,0.000000,0.148977,3.423059,0.000000,0.145092,3.441397,0.000000,0.036599,0.190968
126,0.000000,-0.719775,1.276574,0.000000,-0.718591,1.284109,0.000000,0.033091,0.217110
127,0.000000,-0.469991,8.655595,0.000000,-0.473536,8.692941,0.000000,0.077858,0.669860
128,0.000000,-1.285454,11.855973,0.000000,-1.291655,12.005658,0.000000,0.084070,0.621753
129,0.000000,0.356272,12.433016,0.000000,0.356667,12.443191,0.000000,0.056711,0.150976
130,0.000000,-0.688690,12.476545,0.000000,-0.690558,12.538216,0.000000,0.042774,0.380385
131,0.000000,0.395615,-9.269232,0.000000,0.395709,-9.223980,0.000000,0.034980,0.213747
132,0.000000,-0.513735,-2.379542,0.000000,-0.520096,-2.398592,0.000000,0.035412,0.287128
133,0.000000,0.260510,-0.113163,0.000000,0.256838,-0.104539,0.000000,0.021097,0.141015
134,0.000000,0.412490,4.496313,0.000000,0.399738,4.578725,0.000000,0.104807,0.565087
135,0.000000,-0.786855,4.802494,0.000000,-0.827912,5.123650,0.000000,0.073156,0.570689
136,0.000000,1.309232,-2.042018,0.000000,1.303630,-2.019904,0.000000,0.094019,0.075806
137,0.000000,-0.000708,4.101776,0.000000,0.031505,3.981091,0.000000,0.065226,0.303646
138,0.000000,1.312182,-5.087642,0.000000,1.403414,-4.965554,0.000000,0.145207,0.137773
139,0.000000,-0.380166,-15.930897,0.000000,-0.385688,-15.927501,0.000000,0.043124,0.503332
140,0.000000,-0.748066,8.269679,0.000000,-0.809570,8.867060,0.000000,0.127903,1.239011
141,0.000000,-0.312132,-0.828457,0.000000,-0.311597,-0.738490,0.000000,0.023982,0.250987
142,0.000000,0.120218,-13.140707,0.000000,0.114453,-13.133866,0.000000,0.028093,0.167745
143,0.000000,0.212937,3.762604,0.000000,0.197609,3.836852,0.000000,0.058288,0.207220
144,0.000000,-0.388559,-6.049397,0.000000,-0.382624,-5.897022,0.000000,0.034187,0.460903
145,0.000000,0.367195,9.587778,0.000000,0.372167,10.166954,0.000000,0.332590,3.905451
146,0.000000,0.138801,-3.842348,0.000000,0.131212,-3.879249,0.000000,0.025949,0.278541
147,0.000000,0.525090,-12.885702,0.000000,0.530600,-12.849045,0.000000,0.033168,0.164014
148,0.000000,-0.090930,-2.951526,0.000000,-0.095867,-2.960864,0.000000,0.025651,0.283068
149,0.000000,0.036503,1.276298,0.000000,0.030271,1.273891,0.000000,0.032800,0.103475
150,0.000000,-0.028426,1.597910,0.000000,-0.011319,1.563622,0.000000,0.079357,0.240860
151,0.000000,-1.026904,11.196610,0.000000,-1.021195,11.159034,0.000000,0.092094,0.832282
152,0.000000,-0.291961,-0.465128,0.000000,-0.301319,-0.543562,0.000000,0.021549,0.238368
153,0.000000,-0.009817,3.849067,0.000000,-0.008291,3.880874,0.000000,0.041413,0.128506
154,0.000000,0.533834,11.543312,0.000000,0.635490,10.997942,0.000000,0.283291,1.457675
155,0.000000,-0.508071,3.389099,0.000000,-0.503941,3.408719,0.000000,0.049988,0.224454
156,0.000000,0.042683,12.475897,0.000000,0.049845,12.524493,0.000000,0.034288,0.153140
157,0.000000,0.630956,-6.048634,0.000000,0.636151,-5.998297,0.000000,0.022549,0.130452
158,0.000000,-0.116559,-10.495028,0.000000,-0.119474,-10.502339,0.000000,0.018539,0.248225
159,0.000000,-0.116754,6.856892,0.000000,-0.119275,6.883170,0.000000,0.027188,0.213882
160,0.000000,-0.161637,2.619708,0.000000,-0.166459,2.635260,0.000000,0.040597,0.159196
161,0.000000,0.326332,4.690796,0.000000,0.294442,4.814452,0.000000,0.132747,0.526941
162,0.000000,-0.197479,16.383214,0.000000,-0.249053,16.607305,0.000000,0.111694,0.516199
163,0.000000,-0.535410,6.514972,0.000000,-0.536082,6.516915,0.000000,0.034389,0.295965
164,0.000000,-1.009128,7.540754,0.000000,-1.017976,7.521759,0.000000,0.038134,0.416557
165,0.000000,0.358610,-2.896442,0.000000,0.350313,-2.912892,0.000000,0.027924,0.128911
166,0.000000,-0.340257,4.276812,0.000000,-0.340760,4.270551,0.000000,0.039193,0.170808
167,0.000000,-1.475586,12.296464,0.000000,-1.486552,12.520661,0.000000,0.075301,1.120666
168,0.000000,0.592990,19.028296,0.000000,0.725516,19.422722,0.000000,0.325941,4.361549
169,0.000000,0.676879,-6.904042,0.000000,0.682591,-6.874059,0.000000,0.032062,0.125219
170,0.000000,0.072830,0.208062,0.000000,0.077463,0.279579,0.000000,0.029151,0.175812
171,0.000000,-0.994673,-0.452795,0.000000,-0.991797,-0.369358,0.000000,0.039087,0.259538
172,0.000000,-0.187113,-0.741599,0.000000,-0.184445,-0.725545,0.000000,0.036928,0.134393
173,0.000000,0.593841,-5.297624,0.000000,0.587033,-5.306955,0.000000,0.023726,0.093190
174,0.000000,-0.935302,0.112892,0.000000,-0.938669,0.149199,0.000000,0.035437,0.291891
175,0.000000,-0.499238,-2.049858,0.000000,-0.500676,-2.064429,0.000000,0.025025,0.203360
176,0.000000,0.035121,-6.431441,0.000000,0.034584,-6.404209,0.000000,0.025303,0.125483
177,0.000000,0.533987,9.700064,0.000000,0.543454,9.948834,0.000000,0.370518,4.266071
178,0.000000,0.050265,9.770291,0.000000,0.085348,9.992963,0.000000,0.084119,0.458917
179,0.000000,0.243296,-4.388637,0.000000,0.238514,-4.382999,0.000000,0.023730,0.180949
180,0.000000,-0.026673,-9.153755,0.000000,-0.029158,-9.137639,0.000000,0.031782,0.123053
181,0.000000,0.813253,0.695561,0.000000,0.811960,0.737219,0.000000,0.029128,0.132487
182,0.000000,-0.997509,-5.075471,0.000000,-0.998486,-5.082982,0.000000,0.053283,0.270349
183,0.000000,-0.333757,0.055696,0.000000,-0.335976,0.048353,0.000000,0.048219,0.193452
184,0.000000,0.010050,-1.556065,0.000000,0.006189,-1.537412,0.000000,0.020538,0.147796
185,0.000000,0.598312,2.664106,0.000000,0.598653,2.683516,0.000000,0.024848,0.089658
186,0.000000,0.104178,-1.144033,0.000000,0.106285,-1.114527,0.000000,0.035245,0.125417
187,0.000000,1.145969,-8.455247,0.000000,1.131044,-8.481952,0.000000,0.043419,0.137409
188,0.000000,0.137306,4.060047,0.000000,0.137063,4.098136,0.000000,0.036644,0.216644
189,0.000000,-0.704874,0.136999,0.000000,-0.705008,0.158048,0.000000,0.063356,0.205497
190,0.000000,0.865759,0.391199,0.000000,0.863450,0.401587,0.000000,0.020851,0.078293
191,0.000000,-0.162304,-0.255803,0.000000,-0.165025,-0.235628,0.000000,0.025827,0.132394
192,0.000000,0.351855,-12.198812,0.000000,0.352635,-12.180885,0.000000,0.036077,0.141429
193,0.000000,-0.650956,15.618545,0.000000,-0.644815,15.590895,0.000000,0.058004,0.592210
194,0.000000,0.280571,-3.386641,0.000000,0.282575,-3.338416,0.000000,0.022548,0.100517
195,0.000000,-0.002870,-4.339784,0.000000,-0.002360,-4.298372,0.000000,0.024450,0.194524
196,0.000000,0.255910,-6.149299,0.000000,0.264444,-6.051946,0.000000,0.036469,0.291427
197,0.000000,0.418079,0.841241,0.000000,0.415406,0.862593,0.000000,0.046610,0.101126
198,0.000000,1.263790,1.545094,0.000000,1.269697,1.593987,0.000000,0.064498,0.312856
199,0.000000,0.298986,-6.341172,0.000000,0.296753,-6.314034,0.000000,0.017785,0.121100
200,0.000000,-0.440350,-4.833182,0.000000,-0.437359,-4.750200,0.000000,0.026492,0.275179
201,0.000000,-0.606437,9.526965,0.000000,-0.609283,9.573055,0.000000,0.039855,0.284189
202,0.000000,-0.965577,0.312189,0.000000,-0.965977,0.343470,0.000000,0.036440,0.286623
203,0.000000,-0.450782,-5.739345,0.000000,-0.453908,-5.720449,0.000000,0.021165,0.167567
204,0.000000,-0.379925,-6.190056,0.000000,-0.373936,-6.134443,0.000000,0.032352,0.191375
205,0.000000,0.991698,-0.846020,0.000000,0.995965,-0.823586,0.000000,0.036635,0.078455
206,0.000000,0.355636,7.135028,0.000000,0.356582,7.167783,0.000000,0.034879,0.188021
207,0.000000,-0.273000,4.293177,0.000000,-0.274499,4.332645,0.000000,0.037992,0.190711
208,0.000000,0.183485,8.962748,0.000000,0.259072,8.314648,0.000000,0.135261,1.048035
209,0.000000,0.313808,4.131284,0.000000,0.329504,4.275743,0.000000,0.032283,0.282396
210,0.000000,-0.718628,-6.104866,0.000000,-0.714280,-6.060427,0.000000,0.033245,0.291875
211,0.000000,-0.580296,-0.448032,0.000000,-0.577958,-0.372439,0.000000,0.029678,0.340676
212,0.000000,0.435631,-8.142992,0.000000,0.427983,-8.154880,0.000000,0.046323,0.252682
213,0.000000,-0.094651,6.732852,0.000000,-0.098157,6.754742,0.000000,0.030471,0.209130
214,0.000000,0.592083,7.368739,0.000000,0.596376,7.404237,0.000000,0.037956,0.152077
215,0.000000,0.709395,-8.593185,0.000000,0.711733,-8.561792,0.000000,0.027230,0.075179
216,0.000000,0.290181,1.318526,0.000000,0.282484,1.328689,0.000000,0.057971,0.087361
217,0.000000,0.630249,-4.247971,0.000000,0.697554,-3.704568,0.000000,0.134005,0.953154
218,0.000000,0.058455,0.804243,0.000000,0.050897,0.773747,0.000000,0.022670,0.164095
219,0.000000,-0.309250,6.680677,0.000000,-0.321184,6.743018,0.000000,0.122110,1.037087
220,0.000000,0.291747,2.830377,0.000000,0.289648,2.841903,0.000000,0.024403,0.110396
221,0.000000,-0.575615,-1.999958,0.000000,-0.583416,-2.047291,0.000000,0.031291,0.299134
222,0.000000,0.619947,7.861466,0.000000,0.550245,8.238104,0.000000,0.221424,1.051929
223,0.000000,-0.670642,-0.405886,0.000000,-0.667130,-0.348024,0.000000,0.021511,0.241442
224,0.000000,-1.079440,10.864586,0.000000,-0.994843,9.192845,0.000000,0.092573,1.830689
225,0.000000,-1.206330,2.105136,0.000000,-1.210343,2.084981,0.000000,0.046085,0.427071
226,0.000000,0.350713,-6.422949,0.000000,0.353730,-6.386286,0.000000,0.027499,0.149049
227,0.000000,-0.689944,0.560276,0.000000,-0.693794,0.530202,0.000000,0.041814,0.203304
228,0.000000,-0.633639,0.428022,0.000000,-0.633724,0.410859,0.000000,0.040618,0.187619
229,0.000000,-0.530747,-5.382846,0.000000,-0.528127,-5.286606,0.000000,0.019430,0.262065
230,0.000000,0.250603,11.355087,0.000000,0.201871,11.479909,0.000000,0.095749,0.285778
231,0.000000,0.040920,-1.050639,0.000000,0.043197,-1.019858,0.000000,0.038064,0.134344
232,0.000000,0.489333,-0.005837,0.000000,0.491370,0.034206,0.000000,0.030946,0.144675
233,0.000000,0.313860,-6.445306,0.000000,0.311129,-6.419115,0.000000,0.024602,0.111324
234,0.000000,-0.072039,-7.548362,0.000000,-0.075360,-7.550061,0.000000,0.024378,0.169095
235,0.000000,-0.496296,-7.646007,0.000000,-0.498451,-7.633389,0.000000,0.022467,0.332409
236,0.000000,0.020483,1.427664,0.000000,0.025199,1.506363,0.000000,0.025483,0.215751
237,0.000000,0.351981,-10.214111,0.000000,0.351874,-10.177029,0.000000,0.018215,0.140675
238,0.000000,0.084019,5.136785,0.000000,0.091046,5.164379,0.000000,0.060128,0.239292
239,0.000000,-0.143681,2.991280,0.000000,-0.146657,2.994278,0.000000,0.024283,0.220662
240,0.000000,-0.668978,-1.579155,0.000000,-0.684445,-1.597710,0.000000,0.055443,0.209999
241,0.000000,-0.293417,-11.001580,0.000000,-0.293538,-10.935751,0.000000,0.030311,0.328261
242,0.000000,-0.189605,0.887949,0.000000,-0.196064,0.867590,0.000000,0.019879,0.159673
243,0.000000,-0.465299,8.755603,0.000000,-0.466259,8.773659,0.000000,0.065719,0.282568
244,0.000000,-0.577650,0.664972,0.000000,-0.575153,0.743553,0.000000,0.026963,0.218631
245,0.000000,-0.650372,-8.911024,0.000000,-0.652834,-8.862793,0.000000,0.021461,0.300231
246,0.000000,0.382217,-1.688280,0.000000,0.379995,-1.671515,0.000000,0.024243,0.108742
247,0.000000,-0.867510,0.651460,0.000000,-0.866376,0.690404,0.000000,0.026402,0.265582
248,0.000000,-0.134234,-1.128279,0.000000,-0.133992,-1.085956,0.000000,0.027943,0.133813
249,0.000000,0.213268,-9.896302,0.000000,0.212461,-9.851633,0.000000,0.023945,0.215330
250,0.000000,0.251174,-9.104577,0.000000,0.252603,-9.056565,0.000000,0.021023,0.119557