rep,id,p0,alpha,tau
1,1,0.287270,0.027980,71.508333
2,1,0.287270,0.028093,71.403460
3,1,0.287270,0.027752,71.460325
4,1,0.287270,0.027752,71.460325
5,1,0.287270,0.027752,71.460325
6,1,0.287270,0.027942,71.460325
7,1,0.287270,0.031150,71.460325
8,1,0.287270,0.029583,71.460325
9,1,0.287270,0.029021,71.520056
10,1,0.287270,0.031400,71.249592
1,2,0.287594,0.044529,73.351017
2,2,0.287594,0.045880,73.645421
3,2,0.287594,0.045880,73.645421
4,2,0.287594,0.045880,73.645421
5,2,0.287594,0.044320,73.661765
6,2,0.287594,0.044320,73.347447
7,2,0.287594,0.044702,73.344315
8,2,0.287594,0.044702,73.344315
9,2,0.287594,0.044702,73.344315
10,2,0.287594,0.044702,73.267435
1,3,0.287270,0.023754,73.351317
2,3,0.287270,0.022237,73.649389
3,3,0.287270,0.021722,73.221590
4,3,0.287270,0.022634,73.308272
5,3,0.287270,0.022166,73.281598
6,3,0.287270,0.021985,73.242998
7,3,0.287270,0.022285,73.113103
8,3,0.287270,0.022101,73.602380
9,3,0.287270,0.022101,73.764355
10,3,0.287270,0.022889,73.723786
1,4,0.287270,0.048336,62.575992
2,4,0.287270,0.048336,62.575992
3,4,0.287270,0.048772,62.715778
4,4,0.287270,0.046432,62.158667
5,4,0.287270,0.043269,62.158667
6,4,0.287270,0.044528,62.304854
7,4,0.287270,0.044528,62.304854
8,4,0.287270,0.046129,62.312520
9,4,0.287270,0.046881,62.593686
10,4,0.287270,0.046881,62.548013
1,5,0.287708,0.029177,76.083141
2,5,0.287708,0.031022,76.083141
3,5,0.287708,0.029633,76.056448
4,5,0.287708,0.030404,76.086584
5,5,0.287708,0.030653,76.072966
6,5,0.287708,0.031111,76.072966
7,5,0.287708,0.031111,76.072966
8,5,0.287708,0.031111,76.307746
9,5,0.287708,0.029856,76.259453
10,5,0.287708,0.029856,76.199671
1,6,0.287261,0.070579,59.713574
2,6,0.287261,0.070579,59.720586
3,6,0.287261,0.070579,59.950838
4,6,0.287261,0.070579,59.667432
5,6,0.287261,0.068499,59.666024
6,6,0.287261,0.068499,59.767211
7,6,0.287261,0.069633,59.767211
8,6,0.287261,0.071080,59.848598
9,6,0.287261,0.071478,60.003179
10,6,0.287261,0.066300,59.526686
1,7,0.287270,0.039577,62.646637
2,7,0.287270,0.039577,62.646637
3,7,0.287270,0.039577,62.646637
4,7,0.287270,0.039577,62.646637
5,7,0.287270,0.041902,62.875913
6,7,0.287270,0.041019,62.875913
7,7,0.287270,0.041019,62.875913
8,7,0.287270,0.041019,62.875913
9,7,0.287270,0.041019,62.875913
10,7,0.287270,0.041019,62.875913
1,8,0.287270,0.041190,58.279848
2,8,0.287270,0.039772,58.073891
3,8,0.287270,0.040961,58.442212
4,8,0.287270,0.040686,58.442212
5,8,0.287270,0.040215,58.380827
6,8,0.287270,0.040215,58.380827
7,8,0.287270,0.040215,58.380827
8,8,0.287270,0.040901,58.303930
9,8,0.287270,0.040901,58.331004
10,8,0.287270,0.041403,58.394981
1,9,0.286807,0.042828,63.560656
2,9,0.286807,0.042828,63.303764
3,9,0.286807,0.043498,63.538295
4,9,0.286807,0.043498,63.538295
5,9,0.286807,0.043498,63.353008
6,9,0.286807,0.044954,63.629337
7,9,0.286807,0.047013,63.629337
8,9,0.286807,0.043810,63.629337
9,9,0.286807,0.043712,63.455998
10,9,0.286807,0.043712,63.455998
1,10,0.287270,0.020321,76.677733
2,10,0.287270,0.020202,76.741682
3,10,0.287270,0.018917,76.940129
4,10,0.287270,0.019162,77.132341
5,10,0.287270,0.020630,76.475741
6,10,0.287270,0.020453,76.933391
7,10,0.287270,0.019591,77.319666
8,10,0.287270,0.019347,77.273017
9,10,0.287270,0.019347,77.087850
10,10,0.287270,0.018271,76.948287
1,11,0.287270,0.076733,64.874220
2,11,0.287270,0.086223,64.874220
3,11,0.287270,0.074251,64.932830
4,11,0.287270,0.081377,64.766365
5,11,0.287270,0.082809,64.947382
6,11,0.287270,0.085151,64.766287
7,11,0.287270,0.087518,65.123427
8,11,0.287270,0.087518,64.703761
9,11,0.287270,0.085562,64.639545
10,11,0.287270,0.085759,64.749926
1,12,0.287270,0.036643,74.947840
2,12,0.287270,0.037983,75.080295
3,12,0.287270,0.035511,75.080295
4,12,0.287270,0.038228,75.235877
5,12,0.287270,0.039582,75.202313
6,12,0.287270,0.038461,75.305023
7,12,0.287270,0.037974,75.178169
8,12,0.287270,0.037974,75.135768
9,12,0.287270,0.036269,74.849817
10,12,0.287270,0.035436,75.152208
1,13,0.287270,0.057036,70.071255
2,13,0.287270,0.057036,70.071255
3,13,0.287270,0.057036,70.071255
4,13,0.287270,0.057036,70.071255
5,13,0.287270,0.057036,70.071255
6,13,0.287270,0.057036,70.071255
7,13,0.287270,0.054475,70.083861
8,13,0.287270,0.054475,70.083861
9,13,0.287270,0.054475,70.083861
10,13,0.287270,0.058535,70.083861
1,14,0.287270,0.075225,67.614514
2,14,0.287270,0.081182,67.857643
3,14,0.287270,0.081182,67.857643
4,14,0.287270,0.080019,67.857643
5,14,0.287270,0.080019,67.860844
6,14,0.287270,0.080019,67.898571
7,14,0.287270,0.080294,67.885970
8,14,0.287270,0.081458,67.967080
9,14,0.287270,0.081458,67.817218
10,14,0.287270,0.079738,67.817218
1,15,0.287270,0.048770,81.114011
2,15,0.287270,0.049010,81.090472
3,15,0.287270,0.049010,81.090472
4,15,0.287270,0.050406,81.090472
5,15,0.287270,0.046023,80.970878
6,15,0.287270,0.047854,81.023413
7,15,0.287270,0.051608,81.023413
8,15,0.287270,0.050426,81.023413
9,15,0.287270,0.050435,81.039039
10,15,0.287270,0.050435,81.039039
1,16,0.286616,0.034270,58.428346
2,16,0.286616,0.034270,58.428346
3,16,0.286616,0.033970,58.428346
4,16,0.286616,0.035220,58.428346
5,16,0.286616,0.035519,58.676238
6,16,0.286616,0.034373,58.447492
7,16,0.286616,0.033986,58.252750
8,16,0.286616,0.033986,58.252750
9,16,0.286616,0.033986,58.487215
10,16,0.286616,0.035389,58.752871
1,17,0.287270,0.047536,71.250026
2,17,0.287270,0.047536,71.250026
3,17,0.287270,0.047280,71.343884
4,17,0.287270,0.048884,71.343884
5,17,0.287270,0.047947,71.359708
6,17,0.287270,0.047947,71.359708
7,17,0.287270,0.047947,71.359708
8,17,0.287270,0.048027,71.240640
9,17,0.287270,0.048027,71.240640
10,17,0.287270,0.048027,71.240640
1,18,0.287270,0.035856,57.668725
2,18,0.287270,0.035856,57.584615
3,18,0.287270,0.035856,57.584615
4,18,0.287270,0.036541,57.584615
5,18,0.287270,0.038279,57.626866
6,18,0.287270,0.036531,57.175132
7,18,0.287270,0.036656,57.136477
8,18,0.287270,0.036656,57.611590
9,18,0.287270,0.036656,57.611590
10,18,0.287270,0.036295,57.361026
1,19,0.287270,0.039922,76.031982
2,19,0.287270,0.039922,76.031982
3,19,0.287270,0.039922,76.031982
4,19,0.287270,0.039493,76.031982
5,19,0.287270,0.039493,76.031982
6,19,0.287270,0.040219,76.075816
7,19,0.287270,0.040219,76.075816
8,19,0.287270,0.040219,76.092794
9,19,0.287270,0.038950,76.042447
10,19,0.287270,0.038952,75.991932
1,20,0.287270,0.036461,64.207726
2,20,0.287270,0.036461,64.119391
3,20,0.287270,0.036461,64.119391
4,20,0.287270,0.036270,64.115039
5,20,0.287270,0.036270,64.115039
6,20,0.287270,0.036270,64.115039
7,20,0.287270,0.036270,64.115039
8,20,0.287270,0.036448,64.115039
9,20,0.287270,0.036448,64.115039
10,20,0.287270,0.036448,64.115039
1,21,0.287270,0.039451,66.071902
2,21,0.287270,0.040014,66.237518
3,21,0.287270,0.040014,66.237518
4,21,0.287270,0.040014,66.645991
5,21,0.287270,0.039364,66.063480
6,21,0.287270,0.040853,66.371243
7,21,0.287270,0.041001,66.490333
8,21,0.287270,0.043091,66.412635
9,21,0.287270,0.039987,66.096494
10,21,0.287270,0.038873,65.966772
1,22,0.287830,0.014920,79.171768
2,22,0.287830,0.013983,79.369348
3,22,0.287830,0.013556,79.537710
4,22,0.287830,0.012773,80.380563
5,22,0.287830,0.013075,78.956991
6,22,0.287830,0.013535,80.049193
7,22,0.287830,0.013903,79.017429
8,22,0.287830,0.014771,79.114782
9,22,0.287830,0.015554,78.920483
10,22,0.287830,0.014641,78.619742
1,23,0.287270,0.028579,68.981958
2,23,0.287270,0.028368,68.947537
3,23,0.287270,0.027197,68.548639
4,23,0.287270,0.027197,68.548639
5,23,0.287270,0.027197,68.759839
6,23,0.287270,0.027197,68.759839
7,23,0.287270,0.027086,68.421257
8,23,0.287270,0.026571,68.722668
9,23,0.287270,0.026571,68.565617
10,23,0.287270,0.026571,68.565617
1,24,0.287270,0.010817,79.917004
2,24,0.287270,0.009936,80.277737
3,24,0.287270,0.010443,80.558315
4,24,0.287270,0.010685,80.937155
5,24,0.287270,0.010931,80.413468
6,24,0.287270,0.010935,79.313254
7,24,0.287270,0.010904,80.239242
8,24,0.287270,0.010782,79.242367
9,24,0.287270,0.012027,78.165778
10,24,0.287270,0.011672,79.222510
1,25,0.287270,0.030204,74.765620
2,25,0.287270,0.028010,74.900221
3,25,0.287270,0.028049,74.730555
4,25,0.287270,0.027321,74.564489
5,25,0.287270,0.027321,74.812438
6,25,0.287270,0.027321,74.958312
7,25,0.287270,0.030487,74.552354
8,25,0.287270,0.029504,75.003556
9,25,0.287270,0.028593,74.691496
10,25,0.287270,0.027898,74.691496
1,26,0.287270,0.069935,74.814558
2,26,0.287270,0.075391,74.559078
3,26,0.287270,0.075391,74.559078
4,26,0.287270,0.070339,74.692009
5,26,0.287270,0.074489,74.590524
6,26,0.287270,0.077844,74.565465
7,26,0.287270,0.074763,74.565465
8,26,0.287270,0.074763,74.621861
9,26,0.287270,0.075980,74.684578
10,26,0.287270,0.078383,74.557578
1,27,0.287270,0.027245,68.314477
2,27,0.287270,0.027245,68.314477
3,27,0.287270,0.027245,68.631943
4,27,0.287270,0.027752,68.356119
5,27,0.287270,0.027202,68.551337
6,27,0.287270,0.027138,68.551337
7,27,0.287270,0.027138,68.551337
8,27,0.287270,0.026823,68.287625
9,27,0.287270,0.027562,68.549817
10,27,0.287270,0.027037,68.276172
1,28,0.287270,0.048664,71.864174
2,28,0.287270,0.048664,71.864174
3,28,0.287270,0.048664,71.864174
4,28,0.287270,0.048810,71.846269
5,28,0.287270,0.047919,71.785225
6,28,0.287270,0.047919,71.785225
7,28,0.287270,0.049455,71.942356
8,28,0.287270,0.049455,71.930519
9,28,0.287270,0.049455,71.930519
10,28,0.287270,0.049455,71.930519
1,29,0.286539,0.068029,78.186478
2,29,0.286539,0.068811,78.186478
3,29,0.286539,0.068306,78.100079
4,29,0.286539,0.067497,78.100079
5,29,0.286539,0.067497,78.100079
6,29,0.286539,0.067497,78.100079
7,29,0.286539,0.067497,78.100079
8,29,0.286539,0.067497,78.100079
9,29,0.286539,0.067497,78.100079
10,29,0.286539,0.069465,78.100079
1,30,0.287270,0.025260,68.164760
2,30,0.287270,0.025070,68.369507
3,30,0.287270,0.023440,67.766960
4,30,0.287270,0.024754,67.946811
5,30,0.287270,0.024726,67.946811
6,30,0.287270,0.023578,67.497858
7,30,0.287270,0.023578,67.497858
8,30,0.287270,0.025010,68.189473
9,30,0.287270,0.024360,67.646814
10,30,0.287270,0.023772,67.757892
1,31,0.287279,0.060204,63.968470
2,31,0.287279,0.058923,63.968470
3,31,0.287279,0.059470,63.921934
4,31,0.287279,0.059470,64.267082
5,31,0.287279,0.060940,64.099591
6,31,0.287279,0.060940,64.133643
7,31,0.287279,0.060712,64.144362
8,31,0.287279,0.061402,64.108543
9,31,0.287279,0.061402,64.108543
10,31,0.287279,0.062763,64.108543
1,32,0.287270,0.054495,72.209565
2,32,0.287270,0.054886,72.494708
3,32,0.287270,0.051302,72.382155
4,32,0.287270,0.053433,72.380039
5,32,0.287270,0.054126,72.547090
6,32,0.287270,0.052619,72.184586
7,32,0.287270,0.052619,71.996573
8,32,0.287270,0.051862,71.996125
9,32,0.287270,0.053264,72.179000
10,32,0.287270,0.054262,72.480614
1,33,0.287270,0.028813,73.171995
2,33,0.287270,0.027040,72.773797
3,33,0.287270,0.025809,73.502404
4,33,0.287270,0.029382,73.077647
5,33,0.287270,0.029300,73.341360
6,33,0.287270,0.029300,73.109285
7,33,0.287270,0.028955,73.109285
8,33,0.287270,0.028523,73.384781
9,33,0.287270,0.029776,72.867158
10,33,0.287270,0.030361,73.365005
1,34,0.286575,0.042365,66.448796
2,34,0.286575,0.042365,66.448796
3,34,0.286575,0.043045,66.544739
4,34,0.286575,0.043045,66.544739
5,34,0.286575,0.043045,66.544739
6,34,0.286575,0.043045,66.544739
7,34,0.286575,0.041599,66.544739
8,34,0.286575,0.041599,66.544739
9,34,0.286575,0.041599,66.544739
10,34,0.286575,0.041599,66.544739
1,35,0.287270,0.038959,73.263796
2,35,0.287270,0.041407,73.310267
3,35,0.287270,0.042227,73.080452
4,35,0.287270,0.042944,73.281895
5,35,0.287270,0.040662,73.281895
6,35,0.287270,0.043722,73.063506
7,35,0.287270,0.041882,73.385732
8,35,0.287270,0.043150,73.058145
9,35,0.287270,0.044233,73.256651
10,35,0.287270,0.044233,73.256651
1,36,0.287270,0.035738,67.880069
2,36,0.287270,0.035738,67.880069
3,36,0.287270,0.034776,67.941451
4,36,0.287270,0.034776,67.702363
5,36,0.287270,0.035486,68.244078
6,36,0.287270,0.034711,67.725426
7,36,0.287270,0.035793,67.725426
8,36,0.287270,0.035793,68.095608
9,36,0.287270,0.035793,68.095608
10,36,0.287270,0.035793,67.905595
1,37,0.288569,0.025112,63.623280
2,37,0.288569,0.025595,63.623280
3,37,0.288569,0.025595,63.623280
4,37,0.288569,0.025595,63.623280
5,37,0.288569,0.025595,63.623280
6,37,0.288569,0.025595,63.623280
7,37,0.288569,0.025595,63.774508
8,37,0.288569,0.025434,63.479377
9,37,0.288569,0.025434,63.702958
10,37,0.288569,0.025434,63.702958
1,38,0.287270,0.067974,67.131192
2,38,0.287270,0.066402,66.966557
3,38,0.287270,0.066045,66.883953
4,38,0.287270,0.065966,66.702759
5,38,0.287270,0.065966,66.702759
6,38,0.287270,0.065881,66.722508
7,38,0.287270,0.065150,66.896036
8,38,0.287270,0.063818,66.924040
9,38,0.287270,0.067719,66.562441
10,38,0.287270,0.067719,66.562441
1,39,0.287270,0.033858,72.512535
2,39,0.287270,0.033428,72.108148
3,39,0.287270,0.033336,72.452271
4,39,0.287270,0.033203,72.128193
5,39,0.287270,0.032760,72.172486
6,39,0.287270,0.034737,72.782762
7,39,0.287270,0.034624,72.704410
8,39,0.287270,0.034207,72.248521
9,39,0.287270,0.034207,72.248521
10,39,0.287270,0.033424,72.140571
1,40,0.287424,0.067422,64.902108
2,40,0.287424,0.067207,64.902108
3,40,0.287424,0.067518,64.902108
4,40,0.287424,0.067518,64.902108
5,40,0.287424,0.067518,64.902108
6,40,0.287424,0.067518,64.902108
7,40,0.287424,0.067518,64.902108
8,40,0.287424,0.067518,64.902108
9,40,0.287424,0.067518,64.902108
10,40,0.287424,0.067518,64.902108
1,41,0.287270,0.026424,69.630218
2,41,0.287270,0.026453,69.299550
3,41,0.287270,0.026911,69.861195
4,41,0.287270,0.026539,69.853948
5,41,0.287270,0.026393,69.760642
6,41,0.287270,0.025368,69.673959
7,41,0.287270,0.027510,69.697594
8,41,0.287270,0.026942,69.697594
9,41,0.287270,0.027114,69.497219
10,41,0.287270,0.026384,69.676372
1,42,0.287270,0.091746,69.358732
2,42,0.287270,0.091516,69.309901
3,42,0.287270,0.092922,69.248666
4,42,0.287270,0.093608,69.248666
5,42,0.287270,0.093608,69.345633
6,42,0.287270,0.089892,69.183515
7,42,0.287270,0.089892,69.355128
8,42,0.287270,0.093826,69.355128
9,42,0.287270,0.093826,69.355128
10,42,0.287270,0.095629,69.355128
1,43,0.287270,0.058260,71.419420
2,43,0.287270,0.058130,71.419420
3,43,0.287270,0.058130,71.419420
4,43,0.287270,0.058130,71.419420
5,43,0.287270,0.058130,71.393231
6,43,0.287270,0.058130,71.393231
7,43,0.287270,0.059704,71.393231
8,43,0.287270,0.058465,71.393231
9,43,0.287270,0.058465,71.393231
10,43,0.287270,0.058465,71.393231
1,44,0.288102,0.043812,60.379348
2,44,0.288102,0.043454,60.296734
3,44,0.288102,0.043454,60.352725
4,44,0.288102,0.042140,60.119200
5,44,0.288102,0.042140,60.119200
6,44,0.288102,0.041416,60.119200
7,44,0.288102,0.041416,60.119200
8,44,0.288102,0.041416,60.043447
9,44,0.288102,0.041416,60.043447
10,44,0.288102,0.041416,60.043447
1,45,0.287270,0.057131,70.863428
2,45,0.287270,0.057131,70.945222
3,45,0.287270,0.059394,70.945222
4,45,0.287270,0.059799,70.945222
5,45,0.287270,0.061706,70.945222
6,45,0.287270,0.062742,71.165630
7,45,0.287270,0.061322,71.155299
8,45,0.287270,0.060592,71.222808
9,45,0.287270,0.062968,71.178266
10,45,0.287270,0.060189,71.116936
1,46,0.287270,0.041982,67.043378
2,46,0.287270,0.042858,67.500737
3,46,0.287270,0.043910,67.602569
4,46,0.287270,0.042409,67.371326
5,46,0.287270,0.042409,67.371326
6,46,0.287270,0.042183,67.330688
7,46,0.287270,0.042123,67.263372
8,46,0.287270,0.042123,67.263372
9,46,0.287270,0.043125,67.263372
10,46,0.287270,0.043125,67.263372
1,47,0.286809,0.055980,71.040742
2,47,0.286809,0.055768,70.870786
3,47,0.286809,0.055295,70.980332
4,47,0.286809,0.055295,70.980332
5,47,0.286809,0.055295,70.980332
6,47,0.286809,0.055295,70.980332
7,47,0.286809,0.057488,70.980332
8,47,0.286809,0.057469,70.980332
9,47,0.286809,0.057469,70.980332
10,47,0.286809,0.057469,71.076464
1,48,0.287270,0.025681,75.106879
2,48,0.287270,0.026356,75.056658
3,48,0.287270,0.027358,74.939760
4,48,0.287270,0.027358,74.939760
5,48,0.287270,0.027411,74.939760
6,48,0.287270,0.026425,74.858354
7,48,0.287270,0.025783,74.858354
8,48,0.287270,0.025787,75.170806
9,48,0.287270,0.025415,74.857679
10,48,0.287270,0.025826,74.857679
1,49,0.287270,0.048656,74.942791
2,49,0.287270,0.051365,74.805440
3,49,0.287270,0.054701,74.824235
4,49,0.287270,0.055604,74.813136
5,49,0.287270,0.054942,74.813136
6,49,0.287270,0.055772,74.811387
7,49,0.287270,0.064088,74.876936
8,49,0.287270,0.047900,74.573564
9,49,0.287270,0.055198,74.806980
10,49,0.287270,0.056283,74.910254
1,50,0.287270,0.064975,71.115099
2,50,0.287270,0.068366,71.496121
3,50,0.287270,0.064843,71.188284
4,50,0.287270,0.064843,71.188284
5,50,0.287270,0.064603,71.484211
6,50,0.287270,0.064603,71.484211
7,50,0.287270,0.064603,71.484211
8,50,0.287270,0.065319,71.484211
9,50,0.287270,0.065319,71.484211
10,50,0.287270,0.064147,71.151793
1,51,0.287270,0.041565,68.526574
2,51,0.287270,0.041172,68.506083
3,51,0.287270,0.041172,68.506083
4,51,0.287270,0.041172,68.506083
5,51,0.287270,0.039876,68.174108
6,51,0.287270,0.039876,68.174108
7,51,0.287270,0.040969,68.363937
8,51,0.287270,0.040828,68.363937
9,51,0.287270,0.040828,68.363937
10,51,0.287270,0.040299,68.363937
1,52,0.287270,0.054855,66.481893
2,52,0.287270,0.055653,66.421864
3,52,0.287270,0.055653,66.541121
4,52,0.287270,0.055653,66.595532
5,52,0.287270,0.055636,66.518117
6,52,0.287270,0.055636,66.518117
7,52,0.287270,0.055636,66.518117
8,52,0.287270,0.055636,66.518117
9,52,0.287270,0.055636,66.518117
10,52,0.287270,0.055636,66.518117
1,53,0.287270,0.055247,66.489545
2,53,0.287270,0.051777,66.006530
3,53,0.287270,0.051777,66.006530
4,53,0.287270,0.051777,65.980173
5,53,0.287270,0.051684,66.186674
6,53,0.287270,0.052262,66.186674
7,53,0.287270,0.051978,66.186674
8,53,0.287270,0.051404,66.052623
9,53,0.287270,0.051404,66.052623
10,53,0.287270,0.053003,66.628919
1,54,0.287270,0.033231,73.675320
2,54,0.287270,0.034237,73.692194
3,54,0.287270,0.034237,73.721127
4,54,0.287270,0.035684,73.834992
5,54,0.287270,0.035684,73.903125
6,54,0.287270,0.035163,73.481003
7,54,0.287270,0.034319,73.616503
8,54,0.287270,0.034319,73.758774
9,54,0.287270,0.036310,73.758774
10,54,0.287270,0.034899,74.034335
1,55,0.286716,0.073918,63.684815
2,55,0.286716,0.073918,63.684815
3,55,0.286716,0.072417,63.787504
4,55,0.286716,0.072245,63.676880
5,55,0.286716,0.070351,63.565444
6,55,0.286716,0.070351,63.565444
7,55,0.286716,0.070240,63.565444
8,55,0.286716,0.068845,63.565444
9,55,0.286716,0.068845,63.532502
10,55,0.286716,0.068845,63.532502
1,56,0.287270,0.061586,71.752270
2,56,0.287270,0.061586,71.366747
3,56,0.287270,0.058073,71.464963
4,56,0.287270,0.057999,71.182123
5,56,0.287270,0.057999,71.248111
6,56,0.287270,0.057999,71.248111
7,56,0.287270,0.060847,72.111038
8,56,0.287270,0.060293,71.589773
9,56,0.287270,0.060171,71.589773
10,56,0.287270,0.058664,71.277006
1,57,0.287270,0.038681,70.583389
2,57,0.287270,0.038681,70.583389
3,57,0.287270,0.038820,70.921208
4,57,0.287270,0.038820,70.824981
5,57,0.287270,0.038820,70.593908
6,57,0.287270,0.038820,70.715406
7,57,0.287270,0.037715,70.715406
8,57,0.287270,0.038120,70.649599
9,57,0.287270,0.037741,70.833360
10,57,0.287270,0.038755,70.833360
1,58,0.287270,0.020703,61.172846
2,58,0.287270,0.020646,61.350135
3,58,0.287270,0.021548,61.664580
4,58,0.287270,0.021756,61.621984
5,58,0.287270,0.022100,62.210546
6,58,0.287270,0.022100,62.050643
7,58,0.287270,0.021621,61.929158
8,58,0.287270,0.021279,61.899399
9,58,0.287270,0.021919,62.023460
10,58,0.287270,0.020983,61.427434
1,59,0.287270,0.042303,77.592783
2,59,0.287270,0.042303,77.679579
3,59,0.287270,0.042987,77.496230
4,59,0.287270,0.042001,77.680527
5,59,0.287270,0.042901,77.558721
6,59,0.287270,0.041186,77.480606
7,59,0.287270,0.041186,77.480606
8,59,0.287270,0.041773,77.440421
9,59,0.287270,0.040294,77.647529
10,59,0.287270,0.041115,77.604923
1,60,0.288071,0.074953,72.550436
2,60,0.288071,0.070371,71.998636
3,60,0.288071,0.068294,72.395778
4,60,0.288071,0.073435,72.395778
5,60,0.288071,0.069750,72.505535
6,60,0.288071,0.069750,72.035334
7,60,0.288071,0.069750,72.159924
8,60,0.288071,0.068193,72.159924
9,60,0.288071,0.068193,72.159924
10,60,0.288071,0.071236,72.248657
1,61,0.287270,0.064656,63.952167
2,61,0.287270,0.065483,63.836758
3,61,0.287270,0.065483,63.836758
4,61,0.287270,0.061302,63.836758
5,61,0.287270,0.061302,63.836758
6,61,0.287270,0.061626,63.836758
7,61,0.287270,0.064414,63.918961
8,61,0.287270,0.064414,63.918961
9,61,0.287270,0.066352,63.918961
10,61,0.287270,0.064344,63.918961
1,62,0.287533,0.082177,81.732408
2,62,0.287533,0.080660,81.768754
3,62,0.287533,0.080660,81.768754
4,62,0.287533,0.080112,81.599035
5,62,0.287533,0.080279,81.704426
6,62,0.287533,0.080279,81.704426
7,62,0.287533,0.080279,81.779600
8,62,0.287533,0.077896,81.779600
9,62,0.287533,0.082126,81.855467
10,62,0.287533,0.085111,81.855467
1,63,0.287270,0.019637,65.188486
2,63,0.287270,0.019637,65.188486
3,63,0.287270,0.019637,65.215403
4,63,0.287270,0.020006,65.764423
5,63,0.287270,0.020006,65.526305
6,63,0.287270,0.020006,65.526305
7,63,0.287270,0.020171,65.533717
8,63,0.287270,0.020171,65.533717
9,63,0.287270,0.020189,65.660529
10,63,0.287270,0.019910,65.746313
1,64,0.287270,0.038783,72.385727
2,64,0.287270,0.038783,72.385727
3,64,0.287270,0.038783,72.385727
4,64,0.287270,0.038783,72.335653
5,64,0.287270,0.038072,72.172844
6,64,0.287270,0.038625,72.431354
7,64,0.287270,0.038625,72.395785
8,64,0.287270,0.039277,72.408290
9,64,0.287270,0.039277,72.456070
10,64,0.287270,0.039304,72.456070
1,65,0.288132,0.037741,79.515516
2,65,0.288132,0.037640,79.196792
3,65,0.288132,0.037640,79.196792
4,65,0.288132,0.037998,79.422074
5,65,0.288132,0.038945,79.422074
6,65,0.288132,0.039473,79.469895
7,65,0.288132,0.041981,79.561101
8,65,0.288132,0.037474,79.481629
9,65,0.288132,0.037474,79.481629
10,65,0.288132,0.037474,79.481629
1,66,0.287270,0.064588,70.985175
2,66,0.287270,0.068384,71.561142
3,66,0.287270,0.068475,71.335905
4,66,0.287270,0.068475,71.335905
5,66,0.287270,0.066377,71.380184
6,66,0.287270,0.066377,71.473396
7,66,0.287270,0.066377,71.473396
8,66,0.287270,0.066052,71.351132
9,66,0.287270,0.066740,71.464224
10,66,0.287270,0.066740,71.464224
1,67,0.287270,0.042903,85.036594
2,67,0.287270,0.041986,85.216787
3,67,0.287270,0.040741,85.731707
4,67,0.287270,0.040192,85.526089
5,67,0.287270,0.038451,86.127149
6,67,0.287270,0.036941,86.320396
7,67,0.287270,0.036884,86.568030
8,67,0.287270,0.038594,86.589789
9,67,0.287270,0.038510,86.739312
10,67,0.287270,0.036935,86.250545
1,68,0.287270,0.026183,75.961223
2,68,0.287270,0.024617,76.160022
3,68,0.287270,0.023853,75.757560
4,68,0.287270,0.023853,75.833316
5,68,0.287270,0.023431,75.884569
6,68,0.287270,0.023431,75.747818
7,68,0.287270,0.023212,75.480311
8,68,0.287270,0.023212,75.480311
9,68,0.287270,0.023212,75.629567
10,68,0.287270,0.022806,75.590607
1,69,0.287270,0.030507,76.649570
2,69,0.287270,0.029782,76.649570
3,69,0.287270,0.029782,76.649570
4,69,0.287270,0.029826,76.406401
5,69,0.287270,0.028412,76.406401
6,69,0.287270,0.028412,76.406401
7,69,0.287270,0.028183,76.479729
8,69,0.287270,0.029108,76.532783
9,69,0.287270,0.027932,76.471120
10,69,0.287270,0.029075,76.471120
1,70,0.287892,0.021561,75.413285
2,70,0.287892,0.022084,75.928050
3,70,0.287892,0.022617,76.439310
4,70,0.287892,0.022617,76.481523
5,70,0.287892,0.020908,75.970012
6,70,0.287892,0.021211,75.858737
7,70,0.287892,0.019618,75.862774
8,70,0.287892,0.020284,75.923961
9,70,0.287892,0.020865,75.654011
10,70,0.287892,0.021169,75.790743
1,71,0.286957,0.014728,77.922053
2,71,0.286957,0.014788,77.983536
3,71,0.286957,0.014874,77.491457
4,71,0.286957,0.014469,77.996409
5,71,0.286957,0.014382,77.810059
6,71,0.286957,0.014464,77.440753
7,71,0.286957,0.013604,77.744992
8,71,0.286957,0.015119,77.922054
9,71,0.286957,0.014978,77.978480
10,71,0.286957,0.016067,77.597549
1,72,0.287270,0.016941,68.188271
2,72,0.287270,0.016822,68.735999
3,72,0.287270,0.017969,68.928118
4,72,0.287270,0.018293,69.131927
5,72,0.287270,0.017150,68.530019
6,72,0.287270,0.017150,68.530019
7,72,0.287270,0.017397,68.530019
8,72,0.287270,0.016902,68.337192
9,72,0.287270,0.017784,68.543492
10,72,0.287270,0.017784,68.543492
1,73,0.288269,0.039631,70.049608
2,73,0.288269,0.038960,69.691285
3,73,0.288269,0.040287,69.728826
4,73,0.288269,0.039436,69.728826
5,73,0.288269,0.040252,70.343884
6,73,0.288269,0.041223,70.439681
7,73,0.288269,0.042127,70.091909
8,73,0.288269,0.042127,70.091909
9,73,0.288269,0.042127,70.091909
10,73,0.288269,0.042365,70.078079
1,74,0.287270,0.046049,76.039473
2,74,0.287270,0.046049,75.907645
3,74,0.287270,0.045140,75.907645
4,74,0.287270,0.046570,75.903545
5,74,0.287270,0.047636,76.053537
6,74,0.287270,0.047573,76.017739
7,74,0.287270,0.044138,76.017739
8,74,0.287270,0.045198,75.928459
9,74,0.287270,0.047981,75.928459
10,74,0.287270,0.046346,75.928459
1,75,0.287585,0.018527,71.545786
2,75,0.287585,0.017179,72.196125
3,75,0.287585,0.019048,71.722496
4,75,0.287585,0.019370,71.782934
5,75,0.287585,0.018926,71.929504
6,75,0.287585,0.018841,71.503191
7,75,0.287585,0.018244,71.503191
8,75,0.287585,0.018850,72.112503
9,75,0.287585,0.018929,71.882031
10,75,0.287585,0.018929,71.658787
1,76,0.287270,0.033280,74.568257
2,76,0.287270,0.034968,74.406369
3,76,0.287270,0.038232,74.602271
4,76,0.287270,0.039056,74.061883
5,76,0.287270,0.041471,73.801144
6,76,0.287270,0.042408,73.803223
7,76,0.287270,0.045297,73.201051
8,76,0.287270,0.044348,73.091671
9,76,0.287270,0.043998,73.523830
10,76,0.287270,0.043998,73.349653
1,77,0.287270,0.047551,62.699970
2,77,0.287270,0.044869,62.636856
3,77,0.287270,0.047810,62.718939
4,77,0.287270,0.047556,62.863914
5,77,0.287270,0.048203,62.921752
6,77,0.287270,0.048229,62.921752
7,77,0.287270,0.049193,62.921752
8,77,0.287270,0.049193,62.921752
9,77,0.287270,0.050217,62.808284
10,77,0.287270,0.048472,62.839610
1,78,0.286632,0.068774,75.686973
2,78,0.286632,0.067143,75.776909
3,78,0.286632,0.066282,75.979189
4,78,0.286632,0.065818,75.768263
5,78,0.286632,0.065818,75.670234
6,78,0.286632,0.064410,75.692518
7,78,0.286632,0.064410,75.559171
8,78,0.286632,0.068536,75.519140
9,78,0.286632,0.068536,75.519140
10,78,0.286632,0.063270,75.548516
1,79,0.287270,0.024302,67.992488
2,79,0.287270,0.024302,67.992488
3,79,0.287270,0.023718,67.992488
4,79,0.287270,0.023718,68.013817
5,79,0.287270,0.023718,68.013817
6,79,0.287270,0.024009,68.013817
7,79,0.287270,0.023753,68.103300
8,79,0.287270,0.023753,67.970704
9,79,0.287270,0.023769,67.922785
10,79,0.287270,0.024719,68.164630
1,80,0.287270,0.074508,82.884100
2,80,0.287270,0.086700,81.822431
3,80,0.287270,0.096528,81.476305
4,80,0.287270,0.097153,80.155860
5,80,0.287270,0.097012,80.164702
6,80,0.287270,0.096859,81.453835
7,80,0.287270,0.100331,80.534274
8,80,0.287270,0.106494,80.453529
9,80,0.287270,0.117189,79.796113
10,80,0.287270,0.118326,79.629949
1,81,0.287270,0.026254,64.522723
2,81,0.287270,0.026254,64.586984
3,81,0.287270,0.026254,64.586984
4,81,0.287270,0.026254,64.582064
5,81,0.287270,0.025342,64.312966
6,81,0.287270,0.025521,64.010011
7,81,0.287270,0.024567,63.881320
8,81,0.287270,0.024567,63.807294
9,81,0.287270,0.025612,64.239930
10,81,0.287270,0.025625,64.135867
1,82,0.287270,0.023643,71.338979
2,82,0.287270,0.023985,71.419294
3,82,0.287270,0.024720,71.338871
4,82,0.287270,0.026840,71.658913
5,82,0.287270,0.027564,71.574837
6,82,0.287270,0.028071,71.360508
7,82,0.287270,0.028555,71.770627
8,82,0.287270,0.028702,71.890798
9,82,0.287270,0.028702,71.459534
10,82,0.287270,0.026815,71.641551
1,83,0.287270,0.025743,71.344319
2,83,0.287270,0.025247,71.806877
3,83,0.287270,0.025970,71.555732
4,83,0.287270,0.025970,71.555732
5,83,0.287270,0.027211,71.392689
6,83,0.287270,0.026114,71.392689
7,83,0.287270,0.026114,71.392689
8,83,0.287270,0.025960,71.452995
9,83,0.287270,0.024769,71.728071
10,83,0.287270,0.026118,71.304604
1,84,0.287270,0.026054,64.863593
2,84,0.287270,0.025404,64.643752
3,84,0.287270,0.024182,64.334468
4,84,0.287270,0.024182,64.334468
5,84,0.287270,0.024496,64.147872
6,84,0.287270,0.025295,64.814285
7,84,0.287270,0.025282,64.814285
8,84,0.287270,0.025282,64.637181
9,84,0.287270,0.025282,64.637181
10,84,0.287270,0.025282,64.637181
1,85,0.287270,0.013040,72.021903
2,85,0.287270,0.014470,72.021903
3,85,0.287270,0.015076,71.590230
4,85,0.287270,0.014666,71.590230
5,85,0.287270,0.012923,71.755223
6,85,0.287270,0.013916,72.105874
7,85,0.287270,0.013456,71.634285
8,85,0.287270,0.014365,71.627514
9,85,0.287270,0.014555,71.521893
10,85,0.287270,0.014675,71.669588
1,86,0.287270,0.045921,74.376841
2,86,0.287270,0.045921,74.376841
3,86,0.287270,0.045921,74.376841
4,86,0.287270,0.048552,74.495342
5,86,0.287270,0.047439,74.495342
6,86,0.287270,0.047439,74.495342
7,86,0.287270,0.050286,75.037002
8,86,0.287270,0.050286,75.037002
9,86,0.287270,0.050673,75.037002
10,86,0.287270,0.049709,74.745547
1,87,0.287853,0.068099,63.262622
2,87,0.287853,0.068865,63.083471
3,87,0.287853,0.064565,63.076039
4,87,0.287853,0.067696,63.076039
5,87,0.287853,0.066411,63.048231
6,87,0.287853,0.063229,63.048231
7,87,0.287853,0.063229,63.048231
8,87,0.287853,0.063835,63.272859
9,87,0.287853,0.063913,63.196945
10,87,0.287853,0.069219,63.288042
1,88,0.287270,0.034536,69.992792
2,88,0.287270,0.034613,69.992792
3,88,0.287270,0.035085,70.038182
4,88,0.287270,0.035085,70.038182
5,88,0.287270,0.035085,70.257973
6,88,0.287270,0.035085,70.370229
7,88,0.287270,0.034344,70.097784
8,88,0.287270,0.034925,70.424948
9,88,0.287270,0.034925,70.102025
10,88,0.287270,0.034925,70.185712
1,89,0.287299,0.033343,58.145316
2,89,0.287299,0.035608,58.290229
3,89,0.287299,0.034551,58.237214
4,89,0.287299,0.035511,57.995070
5,89,0.287299,0.033976,58.023465
6,89,0.287299,0.035172,58.405887
7,89,0.287299,0.035172,58.195770
8,89,0.287299,0.035172,58.195770
9,89,0.287299,0.034840,58.195770
10,89,0.287299,0.034840,58.195770
1,90,0.287761,0.055858,78.159142
2,90,0.287761,0.056217,78.219172
3,90,0.287761,0.049997,78.219172
4,90,0.287761,0.049997,78.219172
5,90,0.287761,0.047301,78.586341
6,90,0.287761,0.044597,78.586341
7,90,0.287761,0.044597,78.586341
8,90,0.287761,0.048272,78.396573
9,90,0.287761,0.051077,78.067530
10,90,0.287761,0.056958,78.067530
1,91,0.287270,0.033661,79.129712
2,91,0.287270,0.034556,79.139894
3,91,0.287270,0.034556,79.353355
4,91,0.287270,0.035888,78.717980
5,91,0.287270,0.035900,78.263586
6,91,0.287270,0.036167,78.389923
7,91,0.287270,0.036167,78.389923
8,91,0.287270,0.034356,79.522452
9,91,0.287270,0.030443,79.762247
10,91,0.287270,0.029916,80.520814
1,92,0.287270,0.021700,62.788668
2,92,0.287270,0.022877,63.094001
3,92,0.287270,0.023107,63.003699
4,92,0.287270,0.023107,63.003699
5,92,0.287270,0.023107,63.003699
6,92,0.287270,0.022997,62.953578
7,92,0.287270,0.022688,62.918769
8,92,0.287270,0.022863,62.891422
9,92,0.287270,0.023122,62.962675
10,92,0.287270,0.022772,62.955992
1,93,0.287270,0.032530,61.391247
2,93,0.287270,0.033188,61.836765
3,93,0.287270,0.031327,61.437652
4,93,0.287270,0.031327,61.337153
5,93,0.287270,0.031333,61.408231
6,93,0.287270,0.032637,61.408231
7,93,0.287270,0.030933,61.073223
8,93,0.287270,0.030857,61.166610
9,93,0.287270,0.032818,61.692882
10,93,0.287270,0.032417,61.660535
1,94,0.287270,0.035802,79.138136
2,94,0.287270,0.035802,79.138136
3,94,0.287270,0.038157,79.176323
4,94,0.287270,0.036577,79.176323
5,94,0.287270,0.036577,79.074124
6,94,0.287270,0.034729,78.911537
7,94,0.287270,0.032540,78.902544
8,94,0.287270,0.034629,78.902544
9,94,0.287270,0.036367,79.178662
10,94,0.287270,0.036367,79.178662
1,95,0.285965,0.032866,64.438522
2,95,0.285965,0.032866,64.438522
3,95,0.285965,0.032866,64.438522
4,95,0.285965,0.032866,64.438522
5,95,0.285965,0.032866,64.438522
6,95,0.285965,0.032866,64.438522
7,95,0.285965,0.032866,64.438522
8,95,0.285965,0.033551,64.438522
9,95,0.285965,0.033887,64.671477
10,95,0.285965,0.033946,64.671477
1,96,0.287270,0.045203,66.899472
2,96,0.287270,0.045533,66.899472
3,96,0.287270,0.044526,66.735280
4,96,0.287270,0.045709,67.023076
5,96,0.287270,0.045709,67.023076
6,96,0.287270,0.043873,67.008826
7,96,0.287270,0.045957,67.336698
8,96,0.287270,0.045703,67.263931
9,96,0.287270,0.045703,67.263931
10,96,0.287270,0.046854,67.263931
1,97,0.287270,0.037264,72.176890
2,97,0.287270,0.037313,71.835903
3,97,0.287270,0.037313,71.835903
4,97,0.287270,0.037799,71.883111
5,97,0.287270,0.036628,71.902536
6,97,0.287270,0.036628,71.902536
7,97,0.287270,0.036664,71.851632
8,97,0.287270,0.038483,71.799273
9,97,0.287270,0.035992,71.576859
10,97,0.287270,0.035621,71.521562
1,98,0.285990,0.054221,62.719114
2,98,0.285990,0.053444,62.708861
3,98,0.285990,0.054940,62.708861
4,98,0.285990,0.054168,62.828169
5,98,0.285990,0.055536,62.828169
6,98,0.285990,0.057502,63.060683
7,98,0.285990,0.057502,63.060683
8,98,0.285990,0.055460,62.836645
9,98,0.285990,0.055460,62.836645
10,98,0.285990,0.055460,62.836645
1,99,0.287270,0.034037,77.518965
2,99,0.287270,0.034248,77.082156
3,99,0.287270,0.030969,77.723451
4,99,0.287270,0.031359,77.644143
5,99,0.287270,0.030873,77.330664
6,99,0.287270,0.031682,77.694790
7,99,0.287270,0.034708,77.714143
8,99,0.287270,0.034708,76.760845
9,99,0.287270,0.033190,76.807976
10,99,0.287270,0.035568,76.751924
1,100,0.287270,0.054038,68.096443
2,100,0.287270,0.052397,67.915060
3,100,0.287270,0.052397,68.100661
4,100,0.287270,0.052397,68.100661
5,100,0.287270,0.052547,68.041076
6,100,0.287270,0.052547,68.041076
7,100,0.287270,0.052862,67.962973
8,100,0.287270,0.052862,67.962973
9,100,0.287270,0.052862,67.962973
10,100,0.287270,0.052862,67.962973
1,101,0.287120,0.067671,67.026043
2,101,0.287120,0.069172,67.309962
3,101,0.287120,0.067700,67.099759
4,101,0.287120,0.066008,67.099759
5,101,0.287120,0.066008,67.099759
6,101,0.287120,0.069309,67.208663
7,101,0.287120,0.069309,67.208663
8,101,0.287120,0.069309,67.208663
9,101,0.287120,0.069309,67.208663
10,101,0.287120,0.071036,67.208663
1,102,0.287270,0.035153,75.328882
2,102,0.287270,0.035837,75.494046
3,102,0.287270,0.038754,75.139382
4,102,0.287270,0.036773,75.907600
5,102,0.287270,0.037393,75.737199
6,102,0.287270,0.039660,74.836525
7,102,0.287270,0.040309,75.565915
8,102,0.287270,0.037372,75.976109
9,102,0.287270,0.036543,75.457230
10,102,0.287270,0.038665,75.856657
1,103,0.287270,0.039719,81.477583
2,103,0.287270,0.041688,81.352804
3,103,0.287270,0.040433,81.352804
4,103,0.287270,0.040965,81.634982
5,103,0.287270,0.039497,81.625824
6,103,0.287270,0.037418,81.763852
7,103,0.287270,0.035461,82.241662
8,103,0.287270,0.034181,82.575623
9,103,0.287270,0.033928,82.320827
10,103,0.287270,0.038243,81.671791
1,104,0.287270,0.056789,66.270104
2,104,0.287270,0.056789,66.214275
3,104,0.287270,0.057280,66.214275
4,104,0.287270,0.057418,66.299656
5,104,0.287270,0.057217,66.221268
6,104,0.287270,0.058373,66.221268
7,104,0.287270,0.058373,66.221268
8,104,0.287270,0.059026,66.221268
9,104,0.287270,0.059026,66.221268
10,104,0.287270,0.055745,66.109517
1,105,0.287270,0.040860,80.969188
2,105,0.287270,0.042943,80.959290
3,105,0.287270,0.042672,81.256827
4,105,0.287270,0.041296,80.854217
5,105,0.287270,0.046666,80.990769
6,105,0.287270,0.047118,80.621700
7,105,0.287270,0.043435,80.768242
8,105,0.287270,0.043435,80.857563
9,105,0.287270,0.043036,80.881767
10,105,0.287270,0.046235,81.087987
1,106,0.287270,0.123569,73.054119
2,106,0.287270,0.126344,73.054119
3,106,0.287270,0.121175,73.054119
4,106,0.287270,0.115667,73.054119
5,106,0.287270,0.116779,73.054119
6,106,0.287270,0.116779,73.054119
7,106,0.287270,0.123307,73.160865
8,106,0.287270,0.123307,73.160865
9,106,0.287270,0.125290,73.165222
10,106,0.287270,0.121595,73.247285
1,107,0.288595,0.018375,58.753189
2,107,0.288595,0.018375,58.753189
3,107,0.288595,0.018410,58.817112
4,107,0.288595,0.018156,58.469344
5,107,0.288595,0.017846,58.388502
6,107,0.288595,0.018876,59.010203
7,107,0.288595,0.019647,59.201539
8,107,0.288595,0.019492,59.090845
9,107,0.288595,0.018911,59.182298
10,107,0.288595,0.018256,59.306377
1,108,0.287270,0.087404,67.837450
2,108,0.287270,0.089812,67.964477
3,108,0.287270,0.077135,67.796702
4,108,0.287270,0.075876,68.187974
5,108,0.287270,0.067655,68.630590
6,108,0.287270,0.066714,68.630590
7,108,0.287270,0.066069,68.544672
8,108,0.287270,0.069218,68.341124
9,108,0.287270,0.075680,68.238592
10,108,0.287270,0.081303,68.020753
1,109,0.286617,0.053972,66.741964
2,109,0.286617,0.053280,67.145397
3,109,0.286617,0.056492,67.072518
4,109,0.286617,0.053253,66.832587
5,109,0.286617,0.057582,66.998098
6,109,0.286617,0.054133,66.977738
7,109,0.286617,0.053338,66.977738
8,109,0.286617,0.055122,67.025965
9,109,0.286617,0.051373,67.025965
10,109,0.286617,0.053926,66.957956
1,110,0.287270,0.018876,64.005599
2,110,0.287270,0.018431,63.630912
3,110,0.287270,0.018431,63.844250
4,110,0.287270,0.016958,63.621837
5,110,0.287270,0.016849,63.480825
6,110,0.287270,0.016849,63.201839
7,110,0.287270,0.017642,63.788327
8,110,0.287270,0.017642,63.503286
9,110,0.287270,0.017955,63.472138
10,110,0.287270,0.017955,63.665722
1,111,0.288245,0.043818,56.475191
2,111,0.288245,0.041618,56.311886
3,111,0.288245,0.041618,56.559895
4,111,0.288245,0.041785,56.385385
5,111,0.288245,0.047865,56.654331
6,111,0.288245,0.045533,56.631757
7,111,0.288245,0.045533,56.491281
8,111,0.288245,0.040964,56.397228
9,111,0.288245,0.040964,56.175358
10,111,0.288245,0.040964,56.175358
1,112,0.287061,0.021754,68.445804
2,112,0.287061,0.023138,68.833795
3,112,0.287061,0.023138,68.607421
4,112,0.287061,0.021977,68.314110
5,112,0.287061,0.022488,68.794962
6,112,0.287061,0.021770,68.396453
7,112,0.287061,0.020966,68.164125
8,112,0.287061,0.021354,67.991065
9,112,0.287061,0.021122,67.991065
10,112,0.287061,0.022231,68.444650
1,113,0.286315,0.050932,68.909191
2,113,0.286315,0.050932,68.909191
3,113,0.286315,0.050078,68.909191
4,113,0.286315,0.047941,68.741617
5,113,0.286315,0.048082,68.764819
6,113,0.286315,0.048288,68.741588
7,113,0.286315,0.048288,68.741588
8,113,0.286315,0.048288,68.741353
9,113,0.286315,0.050754,68.741353
10,113,0.286315,0.050901,68.862427
1,114,0.287270,0.015897,66.284032
2,114,0.287270,0.015034,66.603292
3,114,0.287270,0.015032,66.332213
4,114,0.287270,0.016441,66.908476
5,114,0.287270,0.015082,66.719941
6,114,0.287270,0.015329,66.321221
7,114,0.287270,0.015585,66.321221
8,114,0.287270,0.014728,66.726449
9,114,0.287270,0.015709,66.673180
10,114,0.287270,0.015703,66.732759
1,115,0.287270,0.031360,70.058095
2,115,0.287270,0.031755,70.014848
3,115,0.287270,0.031755,70.014848
4,115,0.287270,0.031948,70.034247
5,115,0.287270,0.032065,69.918516
6,115,0.287270,0.031709,69.916449
7,115,0.287270,0.031709,70.099562
8,115,0.287270,0.032002,70.503303
9,115,0.287270,0.032002,69.995676
10,115,0.287270,0.031361,69.995676
1,116,0.287270,0.045031,62.778843
2,116,0.287270,0.045031,62.947896
3,116,0.287270,0.045031,62.665492
4,116,0.287270,0.044270,62.439499
5,116,0.287270,0.044270,62.910963
6,116,0.287270,0.044270,62.910963
7,116,0.287270,0.044774,62.834411
8,116,0.287270,0.045858,62.910162
9,116,0.287270,0.045858,62.910162
10,116,0.287270,0.045858,62.910162
1,117,0.287270,0.042124,80.337932
2,117,0.287270,0.042124,80.337932
3,117,0.287270,0.042124,80.337932
4,117,0.287270,0.043403,80.083891
5,117,0.287270,0.044294,80.097907
6,117,0.287270,0.043558,80.097907
7,117,0.287270,0.042059,80.207885
8,117,0.287270,0.042059,80.207885
9,117,0.287270,0.040359,80.513075
10,117,0.287270,0.044915,80.214927
1,118,0.287270,0.017096,83.081852
2,118,0.287270,0.015233,84.526084
3,118,0.287270,0.016572,84.571699
4,118,0.287270,0.016007,84.747133
5,118,0.287270,0.017141,84.108482
6,118,0.287270,0.014944,84.183513
7,118,0.287270,0.016324,85.050996
8,118,0.287270,0.016039,84.532260
9,118,0.287270,0.015026,83.399112
10,118,0.287270,0.015217,83.357024
1,119,0.287172,0.110340,64.186815
2,119,0.287172,0.110664,64.216736
3,119,0.287172,0.108843,64.208425
4,119,0.287172,0.108843,64.208425
5,119,0.287172,0.110001,64.218051
6,119,0.287172,0.111803,64.197501
7,119,0.287172,0.111803,64.023152
8,119,0.287172,0.110530,63.970394
9,119,0.287172,0.103331,63.970394
10,119,0.287172,0.103331,63.998024
1,120,0.287270,0.054984,84.649210
2,120,0.287270,0.058903,84.457701
3,120,0.287270,0.057147,84.542279
4,120,0.287270,0.049942,84.851632
5,120,0.287270,0.050216,84.877781
6,120,0.287270,0.049222,84.546798
7,120,0.287270,0.049021,85.805036
8,120,0.287270,0.048569,85.610766
9,120,0.287270,0.044820,85.479261
10,120,0.287270,0.042894,85.281438
1,121,0.287270,0.037112,67.426325
2,121,0.287270,0.037502,67.515566
3,121,0.287270,0.036091,67.287058
4,121,0.287270,0.036091,67.287058
5,121,0.287270,0.034961,67.072405
6,121,0.287270,0.037066,67.405297
7,121,0.287270,0.036736,67.442531
8,121,0.287270,0.036736,67.442531
9,121,0.287270,0.038168,67.442531
10,121,0.287270,0.037508,67.442531
1,122,0.287270,0.031141,84.073631
2,122,0.287270,0.029341,84.198261
3,122,0.287270,0.029341,84.183017
4,122,0.287270,0.030511,83.748344
5,122,0.287270,0.030511,83.831903
6,122,0.287270,0.033086,83.976326
7,122,0.287270,0.032839,83.976326
8,122,0.287270,0.030063,84.265385
9,122,0.287270,0.029370,84.188441
10,122,0.287270,0.030061,84.590542
1,123,0.287270,0.040131,85.828543
2,123,0.287270,0.038146,86.042031
3,123,0.287270,0.038600,85.747007
4,123,0.287270,0.037230,86.241128
5,123,0.287270,0.035426,86.179634
6,123,0.287270,0.039576,86.179634
7,123,0.287270,0.032667,85.995881
8,123,0.287270,0.031116,85.950191
9,123,0.287270,0.032856,86.021411
10,123,0.287270,0.032856,86.021411
1,124,0.287270,0.037299,80.026511
2,124,0.287270,0.037299,80.026511
3,124,0.287270,0.035098,80.046791
4,124,0.287270,0.035098,80.046791
5,124,0.287270,0.035995,80.046791
6,124,0.287270,0.039275,80.289756
7,124,0.287270,0.037384,80.097145
8,124,0.287270,0.037107,80.138161
9,124,0.287270,0.037827,79.756666
10,124,0.287270,0.035778,80.117413
1,125,0.287680,0.039914,74.294223
2,125,0.287680,0.041617,74.514977
3,125,0.287680,0.041617,74.198202
4,125,0.287680,0.041032,74.526396
5,125,0.287680,0.041261,74.542356
6,125,0.287680,0.043271,74.656411
7,125,0.287680,0.041411,74.554756
8,125,0.287680,0.043550,75.126835
9,125,0.287680,0.040995,74.740073
10,125,0.287680,0.045268,75.019655
1,126,0.287270,0.018707,72.261107
2,126,0.287270,0.017486,72.420223
3,126,0.287270,0.017486,72.420223
4,126,0.287270,0.017081,72.208801
5,126,0.287270,0.016490,72.297837
6,126,0.287270,0.016975,72.945401
7,126,0.287270,0.015915,72.376921
8,126,0.287270,0.015627,72.763657
9,126,0.287270,0.018279,72.568365
10,126,0.287270,0.017611,72.568365
1,127,0.287270,0.022420,79.969174
2,127,0.287270,0.022864,79.398931
3,127,0.287270,0.022864,79.334501
4,127,0.287270,0.022864,79.775805
5,127,0.287270,0.021919,80.062480
6,127,0.287270,0.024629,79.839462
7,127,0.287270,0.022688,79.341631
8,127,0.287270,0.026633,78.648341
9,127,0.287270,0.025077,79.121297
10,127,0.287270,0.023704,79.204180
1,128,0.288345,0.010384,83.967902
2,128,0.288345,0.011585,83.137881
3,128,0.288345,0.009512,83.663317
4,128,0.288345,0.010738,83.359306
5,128,0.288345,0.010144,82.776037
6,128,0.288345,0.010569,82.441213
7,128,0.288345,0.011501,82.624310
8,128,0.288345,0.010887,82.497980
9,128,0.288345,0.011174,82.497980
10,128,0.288345,0.011473,82.339931
1,129,0.287270,0.052038,83.611539
2,129,0.287270,0.053011,83.541673
3,129,0.287270,0.047585,83.656407
4,129,0.287270,0.045329,83.749613
5,129,0.287270,0.045277,83.903642
6,129,0.287270,0.049924,83.886360
7,129,0.287270,0.051620,83.886360
8,129,0.287270,0.049565,83.625027
9,129,0.287270,0.049565,83.514236
10,129,0.287270,0.049565,83.514236
1,130,0.287266,0.019535,83.667867
2,130,0.287270,0.018629,83.798622
3,130,0.287270,0.017805,83.659503
4,130,0.287270,0.018594,83.356872
5,130,0.287270,0.018594,83.570276
6,130,0.287270,0.017957,84.123242
7,130,0.287270,0.017976,84.067925
8,130,0.287270,0.018725,83.861712
9,130,0.287270,0.018465,84.047701
10,130,0.287270,0.018855,83.788770
1,131,0.286330,0.053891,62.000783
2,131,0.286330,0.054227,62.050587
3,131,0.286330,0.054227,62.050587
4,131,0.286330,0.054606,62.050587
5,131,0.286330,0.054378,61.971157
6,131,0.286330,0.054378,61.971157
7,131,0.286330,0.054378,61.971157
8,131,0.286330,0.052781,61.971157
9,131,0.286330,0.054800,61.861737
10,131,0.286330,0.055084,62.110027
1,132,0.287270,0.021293,68.658877
2,132,0.287270,0.021897,68.812798
3,132,0.287270,0.021897,68.812798
4,132,0.287270,0.020894,68.768059
5,132,0.287270,0.021759,68.734878
6,132,0.287270,0.021759,68.734878
7,132,0.287270,0.021656,68.734878
8,132,0.287270,0.023100,69.093425
9,132,0.287270,0.021730,69.015381
10,132,0.287270,0.022600,69.097040
1,133,0.287883,0.046657,71.098308
2,133,0.287883,0.046657,71.098308
3,133,0.287883,0.046969,71.098308
4,133,0.287883,0.047051,71.098308
5,133,0.287883,0.047051,71.098308
6,133,0.287883,0.047051,71.029173
7,133,0.287883,0.047051,71.029173
8,133,0.287883,0.047051,71.087002
9,133,0.287883,0.047591,71.087002
10,133,0.287883,0.047462,71.087002
1,134,0.287270,0.049409,76.395439
2,134,0.287270,0.046568,76.395439
3,134,0.287270,0.049449,76.655864
4,134,0.287270,0.047108,76.172045
5,134,0.287270,0.048482,75.963542
6,134,0.287270,0.050086,76.170742
7,134,0.287270,0.050808,76.272411
8,134,0.287270,0.050328,75.761857
9,134,0.287270,0.051568,75.664046
10,134,0.287270,0.051568,75.827761
1,135,0.287270,0.016506,75.973068
2,135,0.287270,0.015973,75.869581
3,135,0.287270,0.016324,76.268375
4,135,0.287270,0.016642,76.682854
5,135,0.287270,0.015261,76.591979
6,135,0.287270,0.014906,77.103381
7,135,0.287270,0.014789,76.771259
8,135,0.287270,0.014196,76.963546
9,135,0.287270,0.015269,76.525287
10,135,0.287270,0.014334,76.739020
1,136,0.287469,0.157205,69.059864
2,136,0.287469,0.165740,69.099784
3,136,0.287469,0.160736,69.162556
4,136,0.287469,0.140806,69.162556
5,136,0.287469,0.139863,69.162556
6,136,0.287469,0.131465,69.162556
7,136,0.287469,0.142890,69.201195
8,136,0.287469,0.144255,69.199026
9,136,0.287469,0.150196,69.224981
10,136,0.287469,0.146217,69.287417
1,137,0.287270,0.039820,75.297070
2,137,0.287270,0.034364,75.297070
3,137,0.287270,0.037230,75.297070
4,137,0.287270,0.038965,75.145963
5,137,0.287270,0.036511,75.000175
6,137,0.287270,0.039768,74.990420
7,137,0.287270,0.039509,74.951523
8,137,0.287270,0.041201,75.093955
9,137,0.287270,0.040296,75.102355
10,137,0.287270,0.032714,75.249624
1,138,0.288354,0.141503,66.223435
2,138,0.288354,0.145688,66.223435
3,138,0.288354,0.145688,66.223435
4,138,0.288354,0.145688,66.223435
5,138,0.288354,0.148352,66.223435
6,138,0.288354,0.162927,66.280866
7,138,0.288354,0.154268,66.280866
8,138,0.288354,0.155515,66.280866
9,138,0.288354,0.155515,66.280866
10,138,0.288354,0.149167,66.215258
1,139,0.288735,0.025152,55.460585
2,139,0.288735,0.025849,55.671265
3,139,0.288735,0.025383,55.671265
4,139,0.288735,0.025710,55.492493
5,139,0.288735,0.023401,54.619452
6,139,0.288735,0.023401,54.693850
7,139,0.288735,0.023609,54.796941
8,139,0.288735,0.023609,54.796941
9,139,0.288735,0.023609,54.887279
10,139,0.288735,0.023218,54.368471
1,140,0.287270,0.015438,80.472659
2,140,0.287270,0.015830,80.370561
3,140,0.287270,0.015307,80.912530
4,140,0.287270,0.014450,80.831788
5,140,0.287270,0.014381,81.252329
6,140,0.287270,0.013994,81.528258
7,140,0.287270,0.014991,80.985401
8,140,0.287270,0.015023,80.523684
9,140,0.287270,0.015814,79.875999
10,140,0.287270,0.015696,80.445539
1,141,0.287270,0.025895,70.256195
2,141,0.287270,0.025895,70.256195
3,141,0.287270,0.025895,70.256195
4,141,0.287270,0.026296,70.312993
5,141,0.287270,0.026345,70.418193
6,141,0.287270,0.026345,70.551187
7,141,0.287270,0.026345,70.523921
8,141,0.287270,0.027488,70.797658
9,141,0.287270,0.027588,70.753225
10,141,0.287270,0.027588,70.753225
1,142,0.287270,0.038403,57.755179
2,142,0.287270,0.038403,57.792719
3,142,0.287270,0.040376,57.879297
4,142,0.287270,0.039043,57.848578
5,142,0.287270,0.040689,57.944655
6,142,0.287270,0.040286,57.767466
7,142,0.287270,0.040286,57.868587
8,142,0.287270,0.040531,58.078560
9,142,0.287270,0.040114,58.078560
10,142,0.287270,0.040990,57.848995
1,143,0.287270,0.045365,75.067868
2,143,0.287270,0.047220,75.017284
3,143,0.287270,0.046515,75.051898
4,143,0.287270,0.045322,75.051898
5,143,0.287270,0.047053,74.798385
6,143,0.287270,0.040576,75.348732
7,143,0.287270,0.040576,75.348732
8,143,0.287270,0.042203,75.345342
9,143,0.287270,0.040673,75.225680
10,143,0.287270,0.043774,75.167056
1,144,0.287270,0.025435,65.639580
2,144,0.287270,0.024992,65.523774
3,144,0.287270,0.024122,65.011785
4,144,0.287270,0.023974,65.091400
5,144,0.287270,0.024323,64.974399
6,144,0.287270,0.024323,64.940217
7,144,0.287270,0.024323,64.940217
8,144,0.287270,0.024327,64.742076
9,144,0.287270,0.024327,65.047691
10,144,0.287270,0.024327,65.047691
1,145,0.287270,0.040697,84.620068
2,145,0.287270,0.048122,79.813551
3,145,0.287270,0.050907,80.139357
4,145,0.287270,0.057001,79.954649
5,145,0.287270,0.057888,80.019242
6,145,0.287270,0.059644,79.201344
7,145,0.287270,0.060806,79.250799
8,145,0.287270,0.056759,78.554348
9,145,0.287270,0.065980,77.982524
10,145,0.287270,0.066079,79.325400
1,146,0.287270,0.041242,67.096026
2,146,0.287270,0.040980,67.096026
3,146,0.287270,0.040880,67.096026
4,146,0.287270,0.041044,67.096026
5,146,0.287270,0.040922,67.066313
6,146,0.287270,0.040922,67.066313
7,146,0.287270,0.040922,67.066313
8,146,0.287270,0.040922,67.259523
9,146,0.287270,0.042001,67.569355
10,146,0.287270,0.042875,67.491564
1,147,0.286409,0.060816,58.153772
2,147,0.286409,0.061981,58.337721
3,147,0.286409,0.062449,58.192863
4,147,0.286409,0.062449,58.192863
5,147,0.286409,0.062449,58.192863
6,147,0.286409,0.058919,58.180514
7,147,0.286409,0.056736,57.879481
8,147,0.286409,0.056736,57.879481
9,147,0.286409,0.056736,57.879481
10,147,0.286409,0.056736,57.879481
1,148,0.287270,0.033765,68.277884
2,148,0.287270,0.034308,68.543928
3,148,0.287270,0.033758,68.496588
4,148,0.287270,0.033003,68.021056
5,148,0.287270,0.033662,68.260958
6,148,0.287270,0.034070,68.260958
7,148,0.287270,0.034070,68.260958
8,148,0.287270,0.034064,68.502220
9,148,0.287270,0.033834,68.502220
10,148,0.287270,0.033834,68.444164
1,149,0.287270,0.039524,72.461221
2,149,0.287270,0.039387,72.347643
3,149,0.287270,0.037661,72.347643
4,149,0.287270,0.037552,72.347643
5,149,0.287270,0.037559,72.347643
6,149,0.287270,0.037100,72.501862
7,149,0.287270,0.037031,72.579264
8,149,0.287270,0.038331,72.579264
9,149,0.287270,0.038105,72.565570
10,149,0.287270,0.037105,72.587812
1,150,0.287270,0.036593,72.682545
2,150,0.287270,0.036593,72.402980
3,150,0.287270,0.036856,72.711350
4,150,0.287270,0.037607,72.636818
5,150,0.287270,0.038259,72.606257
6,150,0.287270,0.036643,72.606257
7,150,0.287270,0.038755,72.606257
8,150,0.287270,0.037275,72.703587
9,150,0.287270,0.035017,73.005038
10,150,0.287270,0.035017,73.005038
1,151,0.287525,0.014911,81.292589
2,151,0.287525,0.015013,81.617505
3,151,0.287525,0.013333,81.865138
4,151,0.287525,0.013964,81.897505
5,151,0.287525,0.013612,81.682660
6,151,0.287525,0.014464,81.844612
7,151,0.287525,0.013826,82.474791
8,151,0.287525,0.014647,81.603513
9,151,0.287525,0.013832,81.545370
10,151,0.287525,0.014735,81.164596
1,152,0.287270,0.027114,70.728623
2,152,0.287270,0.027114,70.728623
3,152,0.287270,0.027114,70.944333
4,152,0.287270,0.027832,70.665909
5,152,0.287270,0.027832,70.784645
6,152,0.287270,0.026990,70.961221
7,152,0.287270,0.026893,70.741866
8,152,0.287270,0.026893,70.578878
9,152,0.287270,0.026434,70.578878
10,152,0.287270,0.026434,70.578878
1,153,0.287270,0.038174,74.936178
2,153,0.287270,0.036761,75.088318
3,153,0.287270,0.036761,75.088318
4,153,0.287270,0.039991,75.288022
5,153,0.287270,0.037483,75.234501
6,153,0.287270,0.035389,75.096826
7,153,0.287270,0.036905,75.121350
8,153,0.287270,0.038223,75.121350
9,153,0.287270,0.037224,75.121350
10,153,0.287270,0.037224,75.121350
1,154,0.287270,0.092479,80.760326
2,154,0.287270,0.086299,80.760326
3,154,0.287270,0.084634,80.776438
4,154,0.287270,0.082255,81.003183
5,154,0.287270,0.082447,80.668870
6,154,0.287270,0.098650,80.668870
7,154,0.287270,0.097165,80.822789
8,154,0.287270,0.090670,80.982555
9,154,0.287270,0.090395,80.982555
10,154,0.287270,0.081141,80.982555
1,155,0.287270,0.024146,74.485984
2,155,0.287270,0.022350,75.136294
3,155,0.287270,0.021778,74.461551
4,155,0.287270,0.024568,74.461551
5,155,0.287270,0.024568,74.461551
6,155,0.287270,0.022178,74.422503
7,155,0.287270,0.022178,74.422503
8,155,0.287270,0.021891,74.917058
9,155,0.287270,0.022580,74.797090
10,155,0.287270,0.022831,74.611165
1,156,0.287270,0.036624,83.591634
2,156,0.287270,0.038956,83.591634
3,156,0.287270,0.037550,83.458603
4,156,0.287270,0.039329,83.693337
5,156,0.287270,0.038807,83.618477
6,156,0.287270,0.038184,83.652133
7,156,0.287270,0.037741,83.503849
8,156,0.287270,0.039138,83.733262
9,156,0.287270,0.039138,83.733262
10,156,0.287270,0.040547,83.800679
1,157,0.288173,0.069860,65.395734
2,157,0.288173,0.069860,65.395734
3,157,0.288173,0.069845,65.097808
4,157,0.288173,0.067099,65.179269
5,157,0.288173,0.067904,65.035613
6,157,0.288173,0.067459,65.218056
7,157,0.288173,0.067459,65.218056
8,157,0.288173,0.067459,65.218056
9,157,0.288173,0.068588,65.278375
10,157,0.288173,0.070180,65.265590
1,158,0.287243,0.032602,60.839368
2,158,0.287243,0.032602,60.608260
3,158,0.287243,0.032562,60.727763
4,158,0.287243,0.031798,60.652221
5,158,0.287243,0.032486,60.652221
6,158,0.287243,0.032486,60.737324
7,158,0.287243,0.032486,60.737324
8,158,0.287243,0.032124,60.882447
9,158,0.287243,0.032124,60.561815
10,158,0.287243,0.031936,60.156963
1,159,0.287248,0.032264,77.979344
2,159,0.287248,0.032264,78.072316
3,159,0.287248,0.032264,78.072316
4,159,0.287248,0.032264,78.072316
5,159,0.287248,0.031416,77.961500
6,159,0.287248,0.030989,77.779862
7,159,0.287248,0.032403,77.779862
8,159,0.287248,0.032381,78.029781
9,159,0.287248,0.032381,78.029781
10,159,0.287248,0.033971,77.974128
1,160,0.287270,0.032065,73.893193
2,160,0.287270,0.032709,73.893193
3,160,0.287270,0.030549,73.693233
4,160,0.287270,0.030549,73.693233
5,160,0.287270,0.029662,73.693233
6,160,0.287270,0.029347,73.719076
7,160,0.287270,0.029347,73.719076
8,160,0.287270,0.028769,73.708497
9,160,0.287270,0.028769,73.708497
10,160,0.287270,0.031623,74.103964
1,161,0.287270,0.050094,75.955495
2,161,0.287270,0.055643,75.617189
3,161,0.287270,0.052835,75.595826
4,161,0.287270,0.047750,76.283604
5,161,0.287270,0.053356,75.470563
6,161,0.287270,0.053781,75.470563
7,161,0.287270,0.063549,75.361586
8,161,0.287270,0.067122,74.961843
9,161,0.287270,0.065066,75.104742
10,161,0.287270,0.070922,75.011363
1,162,0.286637,0.028792,87.856134
2,162,0.286637,0.031470,87.437984
3,162,0.286637,0.029033,87.564143
4,162,0.286637,0.029075,87.545538
5,162,0.286637,0.027476,87.252112
6,162,0.286637,0.031560,87.485915
7,162,0.286637,0.030970,87.460929
8,162,0.286637,0.030887,87.549963
9,162,0.286637,0.029713,87.451510
10,162,0.286637,0.033021,86.974504
1,163,0.287167,0.022476,78.086150
2,163,0.287167,0.021336,77.500839
3,163,0.287167,0.021336,77.500839
4,163,0.287167,0.021390,78.271215
5,163,0.287167,0.021200,77.619825
6,163,0.287167,0.021200,77.611692
7,163,0.287167,0.021200,77.611692
8,163,0.287167,0.022309,77.948611
9,163,0.287167,0.021812,78.362505
10,163,0.287167,0.021812,77.920663
1,164,0.286323,0.013009,78.134318
2,164,0.286323,0.012790,78.594244
3,164,0.286323,0.014130,78.498387
4,164,0.286323,0.014222,78.611350
5,164,0.286323,0.012967,78.611350
6,164,0.286323,0.012361,78.600488
7,164,0.286323,0.013355,78.781192
8,164,0.286323,0.013191,79.150566
9,164,0.286323,0.013786,79.150566
10,164,0.286323,0.013284,79.266997
1,165,0.287270,0.050278,68.007683
2,165,0.287270,0.048092,68.176698
3,165,0.287270,0.054116,68.612855
4,165,0.287270,0.052417,68.522511
5,165,0.287270,0.052417,68.522511
6,165,0.287270,0.054395,68.306055
7,165,0.287270,0.052137,68.306055
8,165,0.287270,0.052137,68.168335
9,165,0.287270,0.052137,68.168335
10,165,0.287270,0.050499,68.245397
1,166,0.287270,0.026321,75.206573
2,166,0.287270,0.027803,75.206573
3,166,0.287270,0.025750,75.190494
4,166,0.287270,0.025232,75.337656
5,166,0.287270,0.025232,75.400195
6,166,0.287270,0.025748,75.400195
7,166,0.287270,0.027387,75.460929
8,166,0.287270,0.025642,75.302048
9,166,0.287270,0.025187,75.302048
10,166,0.287270,0.025187,75.627275
1,167,0.287704,0.008112,84.239494
2,167,0.287704,0.008681,83.810383
3,167,0.287704,0.008155,83.985323
4,167,0.287704,0.008476,82.903748
5,167,0.287704,0.007864,83.744135
6,167,0.287704,0.008121,84.062879
7,167,0.287704,0.008664,83.208750
8,167,0.287704,0.009203,82.578451
9,167,0.287704,0.008361,82.384619
10,167,0.287704,0.008451,82.430532
1,168,0.287270,0.063548,87.931518
2,168,0.287270,0.064000,87.238110
3,168,0.287270,0.077906,88.544801
4,168,0.287270,0.079344,87.317336
5,168,0.287270,0.086317,87.426160
6,168,0.287270,0.076219,87.168483
7,168,0.287270,0.072213,87.586993
8,168,0.287270,0.071386,87.451228
9,168,0.287270,0.086092,88.388777
10,168,0.287270,0.088012,89.146158
1,169,0.287913,0.072760,64.350357
2,169,0.287913,0.069739,64.350357
3,169,0.287913,0.069793,64.459265
4,169,0.287913,0.070643,64.444854
5,169,0.287913,0.074513,64.356617
6,169,0.287913,0.074513,64.356617
7,169,0.287913,0.069535,64.356617
8,169,0.287913,0.074143,64.356617
9,169,0.287913,0.071607,64.404655
10,169,0.287913,0.071607,64.404655
1,170,0.287694,0.038709,71.335411
2,170,0.287694,0.038709,71.238800
3,170,0.287694,0.038369,71.338016
4,170,0.287694,0.038369,71.372386
5,170,0.287694,0.039372,71.537004
6,170,0.287694,0.040595,71.726583
7,170,0.287694,0.041634,71.726583
8,170,0.287694,0.041634,71.726583
9,170,0.287694,0.040362,71.552760
10,170,0.287694,0.040362,71.552760
1,171,0.287783,0.013538,71.004824
2,171,0.287783,0.013848,70.607784
3,171,0.287783,0.013187,70.661827
4,171,0.287783,0.013332,70.823576
5,171,0.287783,0.013711,70.901267
6,171,0.287783,0.013711,70.901267
7,171,0.287783,0.013711,70.702324
8,171,0.287783,0.013284,70.411379
9,171,0.287783,0.013284,70.596440
10,171,0.287783,0.013240,70.759727
1,172,0.287270,0.030571,70.440298
2,172,0.287270,0.031234,70.428856
3,172,0.287270,0.029625,70.375656
4,172,0.287270,0.031112,70.444642
5,172,0.287270,0.032173,70.444642
6,172,0.287270,0.031455,70.238618
7,172,0.287270,0.031102,70.374999
8,172,0.287270,0.031102,70.374999
9,172,0.287270,0.032141,70.345479
10,172,0.287270,0.028738,70.095955
1,173,0.287226,0.062983,65.827721
2,173,0.287226,0.062983,65.827721
3,173,0.287226,0.062983,65.827721
4,173,0.287226,0.063433,65.827721
5,173,0.287226,0.065323,65.827721
6,173,0.287226,0.066548,65.827721
7,173,0.287226,0.066548,65.842717
8,173,0.287226,0.065376,65.842717
9,173,0.287226,0.067924,66.030268
10,173,0.287226,0.067924,66.030268
1,174,0.287270,0.014980,70.885932
2,174,0.287270,0.014603,70.984934
3,174,0.287270,0.014603,71.279472
4,174,0.287270,0.014084,70.946890
5,174,0.287270,0.014295,71.632554
6,174,0.287270,0.014388,71.059423
7,174,0.287270,0.015055,71.225967
8,174,0.287270,0.013651,70.603944
9,174,0.287270,0.014092,71.659362
10,174,0.287270,0.013757,71.379569
1,175,0.287270,0.022164,69.222532
2,175,0.287270,0.021705,69.030267
3,175,0.287270,0.021868,69.321247
4,175,0.287270,0.022611,69.360903
5,175,0.287270,0.022547,69.351093
6,175,0.287270,0.022547,69.351093
7,175,0.287270,0.023235,69.399447
8,175,0.287270,0.022568,69.273118
9,175,0.287270,0.022568,69.273118
10,175,0.287270,0.022568,69.273118
1,176,0.286932,0.036185,64.684001
2,176,0.286932,0.037216,64.684001
3,176,0.286932,0.036542,64.637981
4,176,0.286932,0.036542,64.626104
5,176,0.286932,0.037159,64.626104
6,176,0.286932,0.036522,64.626104
7,176,0.286932,0.039481,64.946446
8,176,0.286932,0.039481,64.946446
9,176,0.286932,0.039107,65.091529
10,176,0.286932,0.038755,64.945006
1,177,0.287270,0.069667,79.427786
2,177,0.287270,0.068131,79.629363
3,177,0.287270,0.050287,80.359576
4,177,0.287270,0.060305,79.448630
5,177,0.287270,0.063951,78.730983
6,177,0.287270,0.056975,78.411029
7,177,0.287270,0.059005,77.600637
8,177,0.287270,0.070305,78.872729
9,177,0.287270,0.071689,80.540115
10,177,0.287270,0.063917,80.120797
1,178,0.287270,0.033184,80.255593
2,178,0.287270,0.033796,80.187112
3,178,0.287270,0.031379,79.955853
4,178,0.287270,0.031979,79.745084
5,178,0.287270,0.031027,79.620106
6,178,0.287270,0.031325,79.590536
7,178,0.287270,0.031601,79.784948
8,178,0.287270,0.031587,80.206743
9,178,0.287270,0.031687,80.206743
10,178,0.287270,0.031687,79.831419
1,179,0.287270,0.046233,66.911675
2,179,0.287270,0.045441,66.766915
3,179,0.287270,0.047120,66.766915
4,179,0.287270,0.047101,66.905277
5,179,0.287270,0.045643,66.905277
6,179,0.287270,0.045974,66.617259
7,179,0.287270,0.046048,66.980335
8,179,0.287270,0.045634,66.665320
9,179,0.287270,0.043823,66.382644
10,179,0.287270,0.044305,66.539766
1,180,0.287270,0.036901,62.083488
2,180,0.287270,0.035316,61.872221
3,180,0.287270,0.035316,62.056336
4,180,0.287270,0.035316,61.939178
5,180,0.287270,0.035316,61.939178
6,180,0.287270,0.037579,61.939178
7,180,0.287270,0.037219,61.939178
8,180,0.287270,0.036268,61.970371
9,180,0.287270,0.036268,61.970371
10,180,0.287270,0.036268,61.857724
1,181,0.286979,0.076980,71.648965
2,181,0.286979,0.076980,71.648965
3,181,0.286979,0.076980,71.648965
4,181,0.286979,0.077928,71.648965
5,181,0.286979,0.077928,71.648965
6,181,0.286979,0.078223,71.743062
7,181,0.286979,0.078223,71.743062
8,181,0.286979,0.078223,71.743062
9,181,0.286979,0.078473,71.743062
10,181,0.286979,0.077810,71.743062
1,182,0.287270,0.014667,66.373115
2,182,0.287270,0.014507,66.213999
3,182,0.287270,0.014050,66.213999
4,182,0.287270,0.015275,66.288335
5,182,0.287270,0.014779,66.110421
6,182,0.287270,0.013915,65.785782
7,182,0.287270,0.013711,66.188302
8,182,0.287270,0.014281,66.411862
9,182,0.287270,0.014281,66.162986
10,182,0.287270,0.014281,65.821310
1,183,0.287270,0.026930,71.286346
2,183,0.287270,0.026930,71.286346
3,183,0.287270,0.026930,71.432757
4,183,0.287270,0.026136,71.439946
5,183,0.287270,0.028485,71.363539
6,183,0.287270,0.025785,71.024515
7,183,0.287270,0.025226,71.024515
8,183,0.287270,0.025074,71.340224
9,183,0.287270,0.025074,71.340224
10,183,0.287270,0.024986,71.005875
1,184,0.287270,0.037283,69.755036
2,184,0.287270,0.037283,69.755036
3,184,0.287270,0.037283,69.755036
4,184,0.287270,0.037283,69.755036
5,184,0.287270,0.037283,69.755036
6,184,0.287270,0.037178,69.755036
7,184,0.287270,0.036400,69.755036
8,184,0.287270,0.036004,69.459491
9,184,0.287270,0.037288,69.685554
10,184,0.287270,0.037288,69.685554
1,185,0.287915,0.067007,73.821603
2,185,0.287915,0.068673,73.939987
3,185,0.287915,0.068673,73.939987
4,185,0.287915,0.068673,73.939987
5,185,0.287915,0.068673,73.939987
6,185,0.287915,0.067262,73.846085
7,185,0.287915,0.067059,73.956581
8,185,0.287915,0.067059,73.956581
9,185,0.287915,0.067831,73.956581
10,185,0.287915,0.067603,73.956581
1,186,0.287270,0.041773,70.004396
2,186,0.287270,0.039580,70.004396
3,186,0.287270,0.042873,70.134368
4,186,0.287270,0.039937,69.945420
5,186,0.287270,0.041202,70.027025
6,186,0.287270,0.040419,70.056023
7,186,0.287270,0.040967,70.056023
8,186,0.287270,0.040183,70.056023
9,186,0.287270,0.043135,70.056023
10,186,0.287270,0.043135,70.056023
1,187,0.286288,0.120982,62.902707
2,187,0.286288,0.117337,62.902707
3,187,0.286288,0.117337,62.806527
4,187,0.286288,0.119068,63.007704
5,187,0.286288,0.110039,62.702798
6,187,0.286288,0.106158,62.559221
7,187,0.286288,0.106158,62.559221
8,187,0.286288,0.111819,62.559221
9,187,0.286288,0.105811,62.559221
10,187,0.286288,0.105750,62.463144
1,188,0.287270,0.043149,75.461664
2,188,0.287270,0.043185,75.374232
3,188,0.287270,0.041915,75.113400
4,188,0.287270,0.041915,75.113400
5,188,0.287270,0.043182,75.544090
6,188,0.287270,0.043182,75.489634
7,188,0.287270,0.042547,75.367749
8,188,0.287270,0.043131,75.393285
9,188,0.287270,0.042473,75.127186
10,188,0.287270,0.041124,75.023216
1,189,0.287270,0.020112,71.167856
2,189,0.287270,0.016685,71.167856
3,189,0.287270,0.017136,71.606748
4,189,0.287270,0.019552,71.606748
5,189,0.287270,0.017828,71.404483
6,189,0.287270,0.019148,71.238445
7,189,0.287270,0.018848,71.522401
8,189,0.287270,0.018440,71.339475
9,189,0.287270,0.018440,71.339475
10,189,0.287270,0.018229,71.339475
1,190,0.287138,0.089370,71.682364
2,190,0.287138,0.090577,71.682364
3,190,0.287138,0.090577,71.682364
4,190,0.287138,0.087574,71.638424
5,190,0.287138,0.087574,71.638424
6,190,0.287138,0.087574,71.638424
7,190,0.287138,0.087574,71.638424
8,190,0.287138,0.087574,71.638424
9,190,0.287138,0.087574,71.638424
10,190,0.287138,0.090314,71.730836
1,191,0.286874,0.030086,70.943140
2,191,0.286874,0.030086,71.110164
3,191,0.286874,0.031457,71.135698
4,191,0.286874,0.031457,70.904208
5,191,0.286874,0.030951,70.927412
6,191,0.286874,0.030951,70.848149
7,191,0.286874,0.030316,70.750584
8,191,0.286874,0.031000,71.016152
9,191,0.286874,0.031000,71.016152
10,191,0.286874,0.031000,70.998600
1,192,0.287270,0.052032,59.108864
2,192,0.287270,0.051888,58.965382
3,192,0.287270,0.051888,58.965382
4,192,0.287270,0.051888,58.965382
5,192,0.287270,0.052090,58.965382
6,192,0.287270,0.051246,58.841375
7,192,0.287270,0.051246,58.968534
8,192,0.287270,0.049621,58.834701
9,192,0.287270,0.049621,58.834701
10,192,0.287270,0.049621,58.834701
1,193,0.287270,0.018527,86.642778
2,193,0.287270,0.019151,86.231866
3,193,0.287270,0.018729,87.150585
4,193,0.287270,0.019248,87.133934
5,193,0.287270,0.019706,86.210944
6,193,0.287270,0.019959,86.361467
7,193,0.287270,0.019791,86.573242
8,193,0.287270,0.019509,86.286712
9,193,0.287270,0.019393,86.932168
10,193,0.287270,0.020153,86.944835
1,194,0.287967,0.047908,67.755225
2,194,0.287967,0.047908,67.870255
3,194,0.287967,0.047908,67.870255
4,194,0.287967,0.047908,67.719702
5,194,0.287967,0.047682,67.791408
6,194,0.287967,0.047550,67.791408
7,194,0.287967,0.048910,67.791408
8,194,0.287967,0.048910,67.791408
9,194,0.287967,0.048910,67.791408
10,194,0.287967,0.048211,67.791408
1,195,0.286659,0.036221,66.978579
2,195,0.286659,0.036221,66.978579
3,195,0.286659,0.036221,67.014745
4,195,0.286659,0.038201,67.135571
5,195,0.286659,0.038063,67.295621
6,195,0.286659,0.037365,67.130543
7,195,0.286659,0.034742,66.854898
8,195,0.286659,0.036731,66.719147
9,195,0.286659,0.035333,66.719147
10,195,0.286659,0.035333,66.708538
1,196,0.287270,0.045354,65.037436
2,196,0.287270,0.046911,65.225659
3,196,0.287270,0.046911,65.225659
4,196,0.287270,0.046826,64.960364
5,196,0.287270,0.048500,65.165032
6,196,0.287270,0.046377,64.978729
7,196,0.287270,0.046377,64.765427
8,196,0.287270,0.046377,64.765427
9,196,0.287270,0.046377,64.765427
10,196,0.287270,0.046505,64.946247
1,197,0.287270,0.057482,71.904327
2,197,0.287270,0.061594,72.092504
3,197,0.287270,0.053803,72.148550
4,197,0.287270,0.053803,71.961724
5,197,0.287270,0.053803,71.961724
6,197,0.287270,0.054824,71.961724
7,197,0.287270,0.056092,71.961724
8,197,0.287270,0.056723,71.961724
9,197,0.287270,0.056723,71.961724
10,197,0.287270,0.052372,72.192967
1,198,0.287270,0.126433,72.561392
2,198,0.287270,0.117194,72.543943
3,198,0.287270,0.124356,72.671799
4,198,0.287270,0.124356,72.671799
5,198,0.287270,0.125158,72.936121
6,198,0.287270,0.136683,72.783744
7,198,0.287270,0.137406,72.867337
8,198,0.287270,0.127005,72.830359
9,198,0.287270,0.132451,72.997871
10,198,0.287270,0.129747,72.653204
1,199,0.287920,0.047616,64.794576
2,199,0.287920,0.047616,64.794576
3,199,0.287920,0.048987,64.794576
4,199,0.287920,0.048987,64.794576
5,199,0.287920,0.047807,64.635737
6,199,0.287920,0.048567,64.879502
7,199,0.287920,0.048567,64.781897
8,199,0.287920,0.048567,64.781897
9,199,0.287920,0.049599,64.850551
10,199,0.287920,0.049599,64.850551
1,200,0.287270,0.023817,66.423714
2,200,0.287270,0.023817,66.423714
3,200,0.287270,0.023817,66.477913
4,200,0.287270,0.023817,66.477913
5,200,0.287270,0.023817,66.676530
6,200,0.287270,0.023817,66.685566
7,200,0.287270,0.024117,66.563111
8,200,0.287270,0.023996,66.532885
9,200,0.287270,0.023996,66.461052
10,200,0.287270,0.023254,66.328065
1,201,0.287270,0.019597,80.568498
2,201,0.287270,0.020823,80.568498
3,201,0.287270,0.020823,80.534900
4,201,0.287270,0.020558,80.512808
5,201,0.287270,0.020280,80.616284
6,201,0.287270,0.020280,80.311926
7,201,0.287270,0.019762,80.883319
8,201,0.287270,0.020922,80.172805
9,201,0.287270,0.020789,80.470854
10,201,0.287270,0.020262,80.757542
1,202,0.287270,0.012969,71.208821
2,202,0.287270,0.014846,71.870160
3,202,0.287270,0.014502,71.870160
4,202,0.287270,0.013936,71.409348
5,202,0.287270,0.013585,71.567411
6,202,0.287270,0.014287,71.567411
7,202,0.287270,0.013786,71.414905
8,202,0.287270,0.014455,71.799108
9,202,0.287270,0.013766,71.440099
10,202,0.287270,0.013789,71.899434
1,203,0.287270,0.023290,65.498015
2,203,0.287270,0.022763,65.227389
3,203,0.287270,0.022844,65.686919
4,203,0.287270,0.022844,65.585729
5,203,0.287270,0.023736,65.573498
6,203,0.287270,0.023736,65.609330
7,203,0.287270,0.023736,65.706809
8,203,0.287270,0.023381,65.679051
9,203,0.287270,0.023381,65.679051
10,203,0.287270,0.022928,65.675854
1,204,0.287270,0.024708,64.912343
2,204,0.287270,0.024842,65.094075
3,204,0.287270,0.025283,65.094075
4,204,0.287270,0.025154,65.094075
5,204,0.287270,0.025154,65.094075
6,204,0.287270,0.025154,65.094075
7,204,0.287270,0.025154,65.065751
8,204,0.287270,0.025154,65.065751
9,204,0.287270,0.025048,65.065751
10,204,0.287270,0.025054,65.006496
1,205,0.287270,0.091867,70.188501
2,205,0.287270,0.095031,70.188501
3,205,0.287270,0.093141,70.188501
4,205,0.287270,0.093141,70.188501
5,205,0.287270,0.096635,70.187873
6,205,0.287270,0.094282,70.426731
7,205,0.287270,0.101261,70.426731
8,205,0.287270,0.097044,70.426731
9,205,0.287270,0.097044,70.426731
10,205,0.287270,0.097044,70.392847
1,206,0.287411,0.054318,78.462384
2,206,0.287411,0.054802,78.494064
3,206,0.287411,0.054928,78.620706
4,206,0.287411,0.053308,78.250484
5,206,0.287411,0.053029,78.392453
6,206,0.287411,0.053029,78.392453
7,206,0.287411,0.051248,78.436405
8,206,0.287411,0.051248,78.436405
9,206,0.287411,0.052739,78.431696
10,206,0.287411,0.051077,78.049650
1,207,0.287270,0.027787,76.152086
2,207,0.287270,0.030125,75.669632
3,207,0.287270,0.030125,75.578235
4,207,0.287270,0.027749,75.545171
5,207,0.287270,0.028257,75.419295
6,207,0.287270,0.029529,75.716936
7,207,0.287270,0.027351,75.438451
8,207,0.287270,0.027351,75.555924
9,207,0.287270,0.026656,75.665105
10,207,0.287270,0.026824,75.327668
1,208,0.287270,0.043347,80.228609
2,208,0.287270,0.042392,80.306508
3,208,0.287270,0.044263,80.167072
4,208,0.287270,0.042887,80.993581
5,208,0.287270,0.042887,80.993581
6,208,0.287270,0.042674,79.954318
7,208,0.287270,0.042674,80.309034
8,208,0.287270,0.042662,79.781469
9,208,0.287270,0.042662,80.690735
10,208,0.287270,0.043511,80.110396
1,209,0.287270,0.052390,75.570115
2,209,0.287270,0.051291,75.570115
3,209,0.287270,0.052318,75.717218
4,209,0.287270,0.052318,75.784724
5,209,0.287270,0.050601,75.612874
6,209,0.287270,0.052709,75.612874
7,209,0.287270,0.052749,75.736024
8,209,0.287270,0.052749,75.736024
9,209,0.287270,0.051403,75.399238
10,209,0.287270,0.050135,75.473385
1,210,0.287270,0.017083,64.693015
2,210,0.287270,0.017083,64.980815
3,210,0.287270,0.016517,64.980815
4,210,0.287270,0.016517,64.591115
5,210,0.287270,0.017171,64.591115
6,210,0.287270,0.016972,64.591115
7,210,0.287270,0.017967,65.194149
8,210,0.287270,0.018250,64.962431
9,210,0.287270,0.017439,65.051761
10,210,0.287270,0.018179,65.051761
1,211,0.287270,0.020488,70.403987
2,211,0.287270,0.020140,70.356332
3,211,0.287270,0.019698,70.420717
4,211,0.287270,0.019856,70.715882
5,211,0.287270,0.020507,70.741991
6,211,0.287270,0.020356,70.781656
7,211,0.287270,0.020757,70.997989
8,211,0.287270,0.020146,70.805057
9,211,0.287270,0.020889,70.981278
10,211,0.287270,0.020643,70.973115
1,212,0.287270,0.053852,62.900649
2,212,0.287270,0.054081,62.853091
3,212,0.287270,0.054081,63.018247
4,212,0.287270,0.056997,62.992234
5,212,0.287270,0.056997,62.992234
6,212,0.287270,0.056997,63.072176
7,212,0.287270,0.056051,63.072176
8,212,0.287270,0.055948,63.072176
9,212,0.287270,0.055410,63.055279
10,212,0.287270,0.055410,63.055279
1,213,0.287270,0.035407,77.882057
2,213,0.287270,0.032418,77.882057
3,213,0.287270,0.032418,77.829430
4,213,0.287270,0.032045,77.965763
5,213,0.287270,0.032045,77.965763
6,213,0.287270,0.034113,77.911529
7,213,0.287270,0.033682,77.614578
8,213,0.287270,0.032511,77.667714
9,213,0.287270,0.032743,78.010949
10,213,0.287270,0.034989,77.856576
1,214,0.286622,0.066460,78.646715
2,214,0.286622,0.066460,78.630692
3,214,0.286622,0.066460,78.567510
4,214,0.286622,0.066460,78.596589
5,214,0.286622,0.066460,78.598684
6,214,0.286622,0.067233,78.598684
7,214,0.286622,0.067233,78.598684
8,214,0.286622,0.067960,78.598684
9,214,0.286622,0.068216,78.598684
10,214,0.286622,0.064952,78.598684
1,215,0.286861,0.073099,62.588022
2,215,0.286861,0.073099,62.588022
3,215,0.286861,0.075190,62.666731
4,215,0.286861,0.075190,62.666731
5,215,0.286861,0.075190,62.666731
6,215,0.286861,0.075190,62.666731
7,215,0.286861,0.075190,62.666731
8,215,0.286861,0.073795,62.535852
9,215,0.286861,0.073795,62.535852
10,215,0.286861,0.074446,62.661684
1,216,0.287270,0.047673,72.452875
2,216,0.287270,0.047673,72.452875
3,216,0.287270,0.050907,72.525531
4,216,0.287270,0.046273,72.441373
5,216,0.287270,0.047371,72.383537
6,216,0.287270,0.050373,72.383537
7,216,0.287270,0.046623,72.383537
8,216,0.287270,0.046623,72.383537
9,216,0.287270,0.049507,72.383537
10,216,0.287270,0.049937,72.383537
1,217,0.287270,0.079994,68.053349
2,217,0.287270,0.078984,68.117971
3,217,0.287270,0.078984,68.182835
4,217,0.287270,0.079909,67.951657
5,217,0.287270,0.072678,67.837635
6,217,0.287270,0.073413,67.548893
7,217,0.287270,0.071838,67.486303
8,217,0.287270,0.071838,67.486303
9,217,0.287270,0.071109,67.385976
10,217,0.287270,0.069612,67.393781
1,218,0.287757,0.039330,72.144047
2,218,0.287757,0.040052,72.420234
3,218,0.287757,0.040052,71.815414
4,218,0.287757,0.038047,71.753959
5,218,0.287757,0.037677,71.753959
6,218,0.287757,0.038246,71.927606
7,218,0.287757,0.038246,71.927606
8,218,0.287757,0.038246,71.927606
9,218,0.287757,0.038246,71.927606
10,218,0.287757,0.038246,71.927606
1,219,0.287270,0.029780,77.053535
2,219,0.287270,0.029276,77.394515
3,219,0.287270,0.029276,76.703659
4,219,0.287270,0.028040,77.417358
5,219,0.287270,0.027970,77.435965
6,219,0.287270,0.025468,78.176136
7,219,0.287270,0.025500,77.826137
8,219,0.287270,0.024752,78.357481
9,219,0.287270,0.025840,78.463277
10,219,0.287270,0.022252,79.573855
1,220,0.287270,0.050473,74.117282
2,220,0.287270,0.050473,74.159002
3,220,0.287270,0.052639,74.159002
4,220,0.287270,0.048927,74.159002
5,220,0.287270,0.048973,74.157744
6,220,0.287270,0.048924,74.187177
7,220,0.287270,0.049087,73.905894
8,220,0.287270,0.049005,74.027132
9,220,0.287270,0.049041,73.962876
10,220,0.287270,0.049041,73.949731
1,221,0.287270,0.020759,69.245295
2,221,0.287270,0.020759,69.245295
3,221,0.287270,0.020509,69.528577
4,221,0.287270,0.021215,69.528577
5,221,0.287270,0.020333,69.419694
6,221,0.287270,0.021074,69.461381
7,221,0.287270,0.019878,69.271368
8,221,0.287270,0.020456,68.968500
9,221,0.287270,0.020136,68.954093
10,221,0.287270,0.019323,68.939010
1,222,0.287270,0.059013,79.731015
2,222,0.287270,0.063199,79.610083
3,222,0.287270,0.063199,79.886167
4,222,0.287270,0.071930,78.719838
5,222,0.287270,0.070662,78.671996
6,222,0.287270,0.069102,78.980300
7,222,0.287270,0.069102,78.798960
8,222,0.287270,0.064717,78.760748
9,222,0.287270,0.062164,79.055846
10,222,0.287270,0.076675,78.256879
1,223,0.287912,0.018517,70.846295
2,223,0.287912,0.018840,70.593551
3,223,0.287912,0.017972,70.866970
4,223,0.287912,0.019111,70.589167
5,223,0.287912,0.019111,71.003230
6,223,0.287912,0.019191,71.235861
7,223,0.287912,0.018708,70.809871
8,223,0.287912,0.018708,70.809871
9,223,0.287912,0.018469,70.813555
10,223,0.287912,0.018469,71.055796
1,224,0.287811,0.011545,81.946602
2,224,0.287811,0.011388,82.232950
3,224,0.287811,0.012404,82.085297
4,224,0.287811,0.011946,81.755905
5,224,0.287811,0.012256,82.251492
6,224,0.287811,0.012256,81.717539
7,224,0.287811,0.012649,81.558755
8,224,0.287811,0.012935,81.325868
9,224,0.287811,0.012349,81.889930
10,224,0.287811,0.013293,80.884893
1,225,0.287270,0.010187,73.244618
2,225,0.287270,0.010819,73.712286
3,225,0.287270,0.010082,73.411030
4,225,0.287270,0.011441,73.512886
5,225,0.287270,0.011248,72.871084
6,225,0.287270,0.011550,73.206087
7,225,0.287270,0.010046,73.044245
8,225,0.287270,0.011856,72.950344
9,225,0.287270,0.011780,72.650930
10,225,0.287270,0.010830,73.386183
1,226,0.287270,0.051170,64.721296
2,226,0.287270,0.051170,64.721296
3,226,0.287270,0.050576,64.721296
4,226,0.287270,0.051384,64.721296
5,226,0.287270,0.052751,64.824584
6,226,0.287270,0.052751,64.824584
7,226,0.287270,0.052751,64.824584
8,226,0.287270,0.052751,64.747218
9,226,0.287270,0.052023,64.940573
10,226,0.287270,0.052023,64.880926
1,227,0.287270,0.019329,71.429601
2,227,0.287270,0.019329,71.429601
3,227,0.287270,0.018367,71.726990
4,227,0.287270,0.018144,71.637336
5,227,0.287270,0.018110,71.675357
6,227,0.287270,0.018409,71.972527
7,227,0.287270,0.018781,71.562587
8,227,0.287270,0.018056,71.562587
9,227,0.287270,0.017369,71.829498
10,227,0.287270,0.018382,71.700994
1,228,0.287270,0.020492,71.934200
2,228,0.287270,0.020900,71.833760
3,228,0.287270,0.018706,71.438095
4,228,0.287270,0.019326,71.650669
5,228,0.287270,0.019326,71.650669
6,228,0.287270,0.018996,71.615542
7,228,0.287270,0.018996,71.799824
8,228,0.287270,0.019610,71.437146
9,228,0.287270,0.019104,71.562252
10,228,0.287270,0.018982,71.546857
1,229,0.288016,0.021298,65.914993
2,229,0.288016,0.021656,65.839479
3,229,0.288016,0.020664,65.251968
4,229,0.288016,0.020664,65.549065
5,229,0.288016,0.020435,65.463591
6,229,0.288016,0.020674,65.463591
7,229,0.288016,0.020919,65.852419
8,229,0.288016,0.021812,65.817483
9,229,0.288016,0.021833,65.989353
10,229,0.288016,0.021833,65.989353
1,230,0.287270,0.040208,83.063175
2,230,0.287270,0.040950,83.119582
3,230,0.287270,0.042361,82.978679
4,230,0.287270,0.045422,82.073590
5,230,0.287270,0.049821,82.696141
6,230,0.287270,0.039920,82.979250
7,230,0.287270,0.039920,82.979250
8,230,0.287270,0.039920,82.979250
9,230,0.287270,0.041120,82.829163
10,230,0.287270,0.039869,82.872986
1,231,0.287270,0.038223,70.160239
2,231,0.287270,0.039836,70.160239
3,231,0.287270,0.037351,70.206152
4,231,0.287270,0.038146,70.337344
5,231,0.287270,0.040099,70.042902
6,231,0.287270,0.040099,70.042902
7,231,0.287270,0.039807,70.288839
8,231,0.287270,0.036147,70.288839
9,231,0.287270,0.036147,69.947972
10,231,0.287270,0.036147,69.947972
1,232,0.286772,0.059086,71.043650
2,232,0.286772,0.056951,71.043650
3,232,0.286772,0.056951,71.043650
4,232,0.286772,0.059209,71.043650
5,232,0.286772,0.058106,71.028589
6,232,0.286772,0.058106,71.028589
7,232,0.286772,0.058106,71.028589
8,232,0.286772,0.058106,71.028589
9,232,0.286772,0.062053,71.430044
10,232,0.286772,0.061922,71.387235
1,233,0.287401,0.047875,64.441038
2,233,0.287401,0.047734,64.441038
3,233,0.287401,0.047734,64.662627
4,233,0.287401,0.047734,64.625736
5,233,0.287401,0.047734,64.625736
6,233,0.287401,0.048216,64.625736
7,233,0.287401,0.048216,64.583232
8,233,0.287401,0.048216,64.825684
9,233,0.287401,0.051103,64.825684
10,233,0.287401,0.049343,64.557192
1,234,0.287270,0.033868,63.787731
2,234,0.287270,0.034771,63.787731
3,234,0.287270,0.033961,63.787731
4,234,0.287270,0.035096,63.746531
5,234,0.287270,0.035320,63.800354
6,234,0.287270,0.035148,63.861580
7,234,0.287270,0.034430,63.861580
8,234,0.287270,0.034430,63.836366
9,234,0.287270,0.034430,63.836366
10,234,0.287270,0.033961,63.836366
1,235,0.287270,0.022837,64.145855
2,235,0.287270,0.022837,64.145855
3,235,0.287270,0.022552,63.817214
4,235,0.287270,0.022552,63.770541
5,235,0.287270,0.022132,63.917104
6,235,0.287270,0.022374,63.918011
7,235,0.287270,0.022386,63.918011
8,235,0.287270,0.022679,63.999369
9,235,0.287270,0.022617,63.745636
10,235,0.287270,0.022445,63.861332
1,236,0.287270,0.036400,72.323834
2,236,0.287270,0.036967,72.665232
3,236,0.287270,0.036001,72.504171
4,236,0.287270,0.038240,72.587923
5,236,0.287270,0.037991,72.656424
6,236,0.287270,0.037991,72.656424
7,236,0.287270,0.038396,72.777577
8,236,0.287270,0.038396,72.777577
9,236,0.287270,0.038396,72.714898
10,236,0.287270,0.038396,72.714898
1,237,0.287911,0.052188,61.161003
2,237,0.287911,0.052188,61.161003
3,237,0.287911,0.052188,61.104696
4,237,0.287911,0.052188,61.104696
5,237,0.287911,0.053541,61.308534
6,237,0.287911,0.053541,61.173795
7,237,0.287911,0.053785,61.173795
8,237,0.287911,0.053785,61.254496
9,237,0.287911,0.053785,61.254496
10,237,0.287911,0.053785,61.326935
1,238,0.287270,0.040352,76.247600
2,238,0.287270,0.041816,76.336860
3,238,0.287270,0.039810,76.435872
4,238,0.287270,0.039532,76.435872
5,238,0.287270,0.039532,76.302024
6,238,0.287270,0.040963,76.326136
7,238,0.287270,0.038926,76.292987
8,238,0.287270,0.042116,76.292987
9,238,0.287270,0.038885,76.311282
10,238,0.287270,0.041240,76.215401
1,239,0.287270,0.031145,73.952548
2,239,0.287270,0.031145,73.944643
3,239,0.287270,0.031145,73.944643
4,239,0.287270,0.031145,74.029501
5,239,0.287270,0.031010,74.235828
6,239,0.287270,0.031934,74.389940
7,239,0.287270,0.031697,74.103678
8,239,0.287270,0.031594,73.819035
9,239,0.287270,0.031594,73.990287
10,239,0.287270,0.031594,73.990287
1,240,0.287270,0.019461,69.764252
2,240,0.287270,0.018956,69.895410
3,240,0.287270,0.019445,69.735028
4,240,0.287270,0.017978,69.588366
5,240,0.287270,0.018810,69.380130
6,240,0.287270,0.019948,69.420830
7,240,0.287270,0.018144,69.304624
8,240,0.287270,0.019060,69.679065
9,240,0.287270,0.019060,69.679065
10,240,0.287270,0.019060,69.728834
1,241,0.287270,0.026403,59.687506
2,241,0.287270,0.026403,59.784042
3,241,0.287270,0.026403,59.784042
4,241,0.287270,0.026403,60.086926
5,241,0.287270,0.026532,60.152811
6,241,0.287270,0.027579,60.535718
7,241,0.287270,0.027579,60.456015
8,241,0.287270,0.026971,60.392295
9,241,0.287270,0.027502,60.392153
10,241,0.287270,0.028503,60.702177
1,242,0.287613,0.029665,71.795002
2,242,0.287613,0.029665,71.795002
3,242,0.287613,0.029810,72.017336
4,242,0.287613,0.029810,72.071952
5,242,0.287613,0.029810,72.071952
6,242,0.287613,0.029600,72.101134
7,242,0.287613,0.029600,72.020821
8,242,0.287613,0.029953,72.023921
9,242,0.287613,0.029953,72.023921
10,242,0.287613,0.029953,72.161018
1,243,0.287270,0.023550,80.163437
2,243,0.287270,0.022552,80.038055
3,243,0.287270,0.022552,80.038055
4,243,0.287270,0.021777,80.131806
5,243,0.287270,0.021648,79.777838
6,243,0.287270,0.021648,80.106559
7,243,0.287270,0.023759,80.106559
8,243,0.287270,0.021709,79.849780
9,243,0.287270,0.024130,79.394346
10,243,0.287270,0.024643,79.650501
1,244,0.287270,0.020064,71.717300
2,244,0.287270,0.020087,71.835584
3,244,0.287270,0.020087,71.835584
4,244,0.287270,0.020202,71.721267
5,244,0.287270,0.020381,71.949281
6,244,0.287270,0.019573,71.806066
7,244,0.287270,0.019571,71.829611
8,244,0.287270,0.019968,71.853481
9,244,0.287270,0.021001,71.864889
10,244,0.287270,0.021001,71.864889
1,245,0.287270,0.018783,62.144537
2,245,0.287270,0.019121,62.482145
3,245,0.287270,0.018143,61.811360
4,245,0.287270,0.018324,62.157581
5,245,0.287270,0.018938,62.184183
6,245,0.287270,0.018982,62.468330
7,245,0.287270,0.018763,62.424638
8,245,0.287270,0.019237,62.178766
9,245,0.287270,0.018745,62.207213
10,245,0.287270,0.018745,62.207213
1,246,0.287729,0.053091,69.418755
2,246,0.287729,0.053091,69.418755
3,246,0.287729,0.053091,69.418755
4,246,0.287729,0.054653,69.549102
5,246,0.287729,0.052735,69.524016
6,246,0.287729,0.053522,69.515355
7,246,0.287729,0.054374,69.458903
8,246,0.287729,0.054374,69.663028
9,246,0.287729,0.054285,69.663028
10,246,0.287729,0.054285,69.663028
1,247,0.287045,0.015634,71.852333
2,247,0.287045,0.015634,71.852333
3,247,0.287045,0.015595,72.260840
4,247,0.287045,0.014956,72.081861
5,247,0.287045,0.014659,71.391847
6,247,0.287045,0.014659,71.391847
7,247,0.287045,0.015645,72.060346
8,247,0.287045,0.015645,72.060346
9,247,0.287045,0.015645,72.092269
10,247,0.287045,0.015494,71.798959
1,248,0.287270,0.031813,69.955949
2,248,0.287270,0.031674,69.849907
3,248,0.287270,0.032018,70.228565
4,248,0.287270,0.032018,70.228565
5,248,0.287270,0.032140,70.146492
6,248,0.287270,0.031560,70.133600
7,248,0.287270,0.031560,70.133600
8,248,0.287270,0.031560,69.976958
9,248,0.287270,0.031571,69.941252
10,248,0.287270,0.031897,70.195979
1,249,0.287201,0.045454,61.278729
2,249,0.287201,0.045397,61.509998
3,249,0.287201,0.046188,61.366836
4,249,0.287201,0.046188,61.366836
5,249,0.287201,0.045499,61.615283
6,249,0.287201,0.045932,61.447656
7,249,0.287201,0.045270,61.341532
8,249,0.287201,0.045270,61.341532
9,249,0.287201,0.045270,61.341532
10,249,0.287201,0.045270,61.341532
1,250,0.287193,0.048461,62.189054
2,250,0.287193,0.048461,62.189054
3,250,0.287193,0.048461,62.189054
4,250,0.287193,0.048461,62.400704
5,250,0.287193,0.047740,62.092515
6,250,0.287193,0.047740,62.318746
7,250,0.287193,0.047859,62.178428
8,250,0.287193,0.047859,62.178428
9,250,0.287193,0.047859,62.178428
10,250,0.287193,0.047859,62.178428