iteration,completeLL,phase,estimate_a,estimate_alpha_pop,estimate_omega_alpha,estimate_omega_tau,estimate_p0_pop,estimate_tau_pop
1,6111.85,1,1,0.05,1,10,0.6,60
2,6017.31,1,0.974679,0.0447553,0.974679,10.1851,0.544394,62.7709
3,5858.89,1,0.95,0.0412605,0.98168,9.92718,0.503105,66.3565
4,5735.49,1,0.925945,0.0396738,1.00099,9.6792,0.474891,69.0935
5,5612.9,1,0.9025,0.0340385,1.06973,9.43411,0.411591,71.9533
6,5484.91,1,0.879648,0.0333874,1.04265,9.19524,0.397796,73.3453
7,5363.14,1,0.857375,0.0283128,1.01625,9.40855,0.427952,74.7941
8,5275.36,1,0.835666,0.0311663,1.00321,9.17032,0.406225,75.6199
9,5153.73,1,0.814506,0.030042,0.98068,8.93813,0.396285,76.2674
10,5011.57,1,0.793882,0.0309951,0.955848,8.71181,0.420551,76.159
11,4958.5,1,0.773781,0.0303796,0.931646,8.49122,0.398529,76.6447
12,4839.76,1,0.754188,0.0303147,0.972438,8.27622,0.385634,77.343
13,4788.36,1,0.735092,0.0296758,0.948914,8.06666,0.374348,76.683
14,4594.75,1,0.716479,0.0335963,0.924887,7.86241,0.417401,77.0501
15,4503.24,1,0.698337,0.0336051,0.901469,7.66333,0.401076,76.6243
16,4386.1,1,0.680655,0.0325822,0.878643,7.46929,0.369559,76.0383
17,4286.49,1,0.66342,0.0292333,0.860101,7.28016,0.381168,75.6525
18,4219,1,0.646622,0.0298476,0.87952,7.09582,0.402496,75.485
19,4133.22,1,0.630249,0.0323122,0.872037,6.91615,0.405549,75.7475
20,4002.66,1,0.614291,0.0319502,0.861581,6.74103,0.412421,75.4702
21,3908.77,1,0.598737,0.0324494,0.889713,6.57034,0.437952,75.6243
22,3880.21,1,0.583577,0.0316329,0.915858,6.40398,0.415571,75.5538
23,3706.01,1,0.5688,0.0292738,0.892668,6.24183,0.40923,75.5367
24,3680.58,1,0.554398,0.0300211,0.953031,6.08378,0.405997,75.6399
25,3517.77,1,0.54036,0.0293084,0.928899,6.07295,0.398232,75.6721
26,3495.21,1,0.526678,0.0291996,0.905379,5.91917,0.410432,75.5964
27,3331.93,1,0.513342,0.0279094,0.882454,5.7693,0.400567,75.5041
28,3248.99,1,0.500344,0.0294115,0.86011,5.62322,0.408203,75.0254
29,3160.93,1,0.487675,0.031535,0.838332,5.70117,0.397777,75.0556
30,3031.1,1,0.475327,0.0304608,0.817105,5.55682,0.38597,74.8097
31,2945.69,1,0.463291,0.0305332,0.796415,5.53696,0.38778,75.3277
32,2831.48,1,0.45156,0.0279224,0.776249,5.57854,0.385514,75.0927
33,2780.01,1,0.440127,0.0282809,0.785054,5.43729,0.42597,75.3469
34,2625.8,1,0.428982,0.0281623,0.765176,5.29961,0.43394,75.24
35,2521.71,1,0.41812,0.0300282,0.745801,5.5838,0.431659,75.1388
36,2554.09,1,0.407533,0.0304007,0.726917,5.99874,0.422579,74.3788
37,2342,1,0.397214,0.0318484,0.708511,5.84685,0.417393,74.4851
38,2252.22,1,0.387157,0.0306164,0.690571,5.6988,0.411688,74.4521
39,2220.53,1,0.377354,0.0323798,0.700347,5.60988,0.409712,74.304
40,2079.68,1,0.367799,0.0326352,0.686507,5.46784,0.410165,74.477
41,1991.98,1,0.358486,0.035639,0.669124,5.50878,0.404906,74.0072
42,1843.32,1,0.349409,0.0355811,0.652182,5.3693,0.406051,74.0025
43,1716.58,1,0.340562,0.0349646,0.635668,5.23335,0.400592,73.6914
44,1666.54,1,0.331938,0.0357505,0.619572,5.40729,0.397816,73.6405
45,1564.21,1,0.323534,0.0363211,0.603885,5.27037,0.395644,74.2576
46,1440.06,1,0.315341,0.0362559,0.588594,5.13692,0.396759,74.0889
47,1335.51,1,0.307357,0.0367333,0.57369,5.11569,0.400902,74.0323
48,1257.86,1,0.299574,0.0358784,0.559164,5.13666,0.401988,73.8921
49,1147.9,1,0.291989,0.0357976,0.545006,5.01638,0.404546,74.3047
50,1067.42,1,0.284596,0.0345347,0.531206,4.88937,0.4048,73.5676
51,957.096,1,0.27739,0.0376079,0.517756,5.31642,0.404194,73.7441
52,828.958,1,0.270366,0.0394539,0.504646,5.1818,0.398764,73.7509
53,788.477,1,0.26352,0.0382447,0.491868,5.35277,0.393974,73.9647
54,726.211,1,0.256848,0.0362521,0.479413,5.57751,0.384497,74.3129
55,653.183,1,0.250344,0.0366143,0.467274,5.67403,0.391156,73.5278
56,563.649,1,0.244005,0.0368175,0.458557,5.7989,0.392162,73.5492
57,444.327,1,0.237827,0.036802,0.446946,5.65207,0.390428,73.9263
58,397.425,1,0.231805,0.0373425,0.435629,5.74844,0.400313,74.176
59,306.033,1,0.225936,0.0360814,0.424598,5.60289,0.402179,74.0113
60,124.525,1,0.220215,0.037255,0.413847,5.46102,0.406936,73.761
61,81.7663,1,0.214639,0.0382866,0.403369,5.63136,0.410679,73.8291
62,-59.0424,1,0.209204,0.0370831,0.393155,5.66239,0.401943,73.8258
63,-167.191,1,0.203907,0.038386,0.3832,5.66776,0.392447,73.5711
64,-276.906,1,0.198744,0.0385539,0.373497,5.69239,0.399752,73.6013
65,-300.401,1,0.193711,0.0397403,0.378688,5.90774,0.399866,73.4361
66,-404.565,1,0.188807,0.0394887,0.369099,6.04562,0.391413,73.5836
67,-419.827,1,0.184026,0.0407373,0.359753,6.3548,0.391097,73.7308
68,-558.035,1,0.179366,0.0408661,0.350644,6.28771,0.395066,73.8364
69,-658.368,1,0.174825,0.0411747,0.341766,6.2402,0.395532,73.6527
70,-738.88,1,0.170398,0.0395096,0.333112,6.68957,0.40354,73.9006
71,-826.658,1,0.166083,0.0393542,0.326339,6.72602,0.409192,73.9045
72,-908.965,1,0.161878,0.039968,0.318076,6.84503,0.405271,73.8533
73,-1068.49,1,0.157779,0.0397488,0.310023,6.67171,0.403172,73.7671
74,-1124.9,1,0.153784,0.040871,0.302279,6.50278,0.398891,73.5459
75,-1195.78,1,0.14989,0.0412482,0.294625,6.69889,0.406003,73.8283
76,-1249.26,1,0.146095,0.0407899,0.288387,6.90051,0.408554,73.8218
77,-1373.82,1,0.142396,0.0406309,0.281085,7.04416,0.411515,74.3675
78,-1445.15,1,0.13879,0.0403573,0.276067,6.99894,0.412759,74.5053
79,-1494.04,1,0.135276,0.0406651,0.284592,6.99474,0.414962,74.3126
80,-1645.23,1,0.131851,0.0407418,0.2793,6.81763,0.41021,74.1583
81,-1709.91,1,0.128512,0.0412051,0.293117,6.66697,0.413656,74.1172
82,-1770.99,1,0.125258,0.0413118,0.313464,6.78827,0.408594,74.5575
83,-1792,1,0.122087,0.041066,0.326422,6.78388,0.413642,74.3174
84,-1875.85,1,0.118995,0.0415544,0.324248,7.08863,0.411869,74.5985
85,-2007.06,1,0.115982,0.0418927,0.316038,6.96212,0.418318,74.446
86,-2122.82,1,0.113045,0.0418835,0.308036,6.8969,0.42284,74.5813
87,-2154.16,1,0.110183,0.0427885,0.314978,6.95947,0.421614,74.4349
88,-2329.89,1,0.107393,0.0429847,0.31317,6.78325,0.42185,74.419
89,-2339.21,1,0.104674,0.042929,0.340824,6.74069,0.416803,74.4156
90,-2383.94,1,0.102024,0.042692,0.352321,6.78204,0.409425,74.1107
91,-2439.18,1,0.0994403,0.0428483,0.349721,6.83084,0.409917,74.1179
92,-2585.37,1,0.0969224,0.0423064,0.340866,6.79564,0.410761,74.0851
93,-2636.22,1,0.0944682,0.0432615,0.365779,6.81431,0.406944,74.2943
94,-2706.62,1,0.0920763,0.0431479,0.356517,6.79574,0.408917,74.176
95,-2757.44,1,0.0897448,0.0427431,0.374727,6.90393,0.405611,74.2808
96,-2899.16,1,0.0874724,0.0432985,0.401942,6.80483,0.407541,74.2222
97,-2907.66,1,0.0852576,0.0438168,0.397858,6.63252,0.405386,74.1583
98,-2977.62,1,0.0830988,0.0425657,0.403731,6.75834,0.403797,74.1783
99,-3086.89,1,0.0809947,0.0439944,0.408254,6.62676,0.404891,74.0771
100,-3174.44,1,0.0789439,0.0428887,0.419239,6.87458,0.404349,74.1939
101,-3257.33,1,0.076945,0.0431666,0.442317,6.70051,0.40171,73.9366
102,-3325.75,1,0.0749967,0.0426135,0.437065,6.65115,0.402455,74.0703
103,-3390.29,1,0.0730977,0.0419682,0.441114,6.99085,0.40706,74.5035
104,-3539.04,1,0.0712469,0.0429942,0.446185,6.85855,0.404511,74.4738
105,-3633.15,1,0.0694428,0.0435933,0.447555,6.81718,0.409104,74.2735
106,-3663.35,1,0.0676845,0.0438612,0.464449,6.67296,0.411762,74.1975
107,-3713.82,1,0.0659707,0.0444839,0.465747,6.9063,0.408484,74.3428
108,-3804.03,1,0.0643003,0.0431032,0.453954,6.83492,0.408673,74.3236
109,-3856.12,1,0.0626722,0.0439923,0.463015,6.76325,0.406907,74.2721
110,-3999.41,1,0.0610853,0.0441479,0.451292,6.93454,0.40894,74.4958
111,-4086.48,1,0.0595386,0.0427952,0.457423,7.04603,0.408803,74.417
112,-4207.8,1,0.058031,0.0425633,0.451782,6.86762,0.409177,74.3099
113,-4351.3,1,0.0565616,0.0431408,0.450283,6.6944,0.409898,74.2557
114,-4407.87,1,0.0551295,0.0434039,0.454144,6.73814,0.408339,74.307
115,-4476.5,1,0.0537335,0.0438955,0.454452,6.73386,0.406404,74.27
116,-4510.44,1,0.052373,0.0439285,0.449859,6.80442,0.405379,74.2309
117,-4582.06,1,0.0510469,0.0435315,0.460149,6.84695,0.407538,74.2708
118,-4692.7,1,0.0497543,0.0438985,0.450725,6.81501,0.408053,74.2273
119,-4788.9,1,0.0484945,0.0440093,0.45865,6.83746,0.408726,74.1495
120,-4839.56,1,0.0472666,0.0442074,0.472396,6.95495,0.407515,74.2942
121,-4919.09,1,0.0460698,0.0445016,0.477986,6.79197,0.407807,74.1206
122,-5055.81,1,0.0449033,0.0441916,0.467305,6.7648,0.407589,74.1473
123,-5113.01,1,0.0437663,0.0440678,0.468645,6.82128,0.40668,74.2711
124,-5181.8,1,0.0426581,0.0444685,0.480427,6.82181,0.408644,74.2055
125,-5267.37,1,0.041578,0.0439992,0.484763,6.86758,0.408772,74.3134
126,-5351.92,1,0.0405252,0.0441511,0.48076,6.8364,0.408552,74.2552
127,-5442.28,1,0.0394991,0.0433564,0.488717,7.01253,0.408194,74.3806
128,-5466.8,1,0.038499,0.0435963,0.479711,6.95709,0.408395,74.2623
129,-5588.22,1,0.0375241,0.0437945,0.471706,6.91313,0.407939,74.2565
130,-5674.66,1,0.036574,0.0433876,0.484879,7.03781,0.408133,74.3105
131,-5773.79,1,0.0356479,0.0432589,0.499102,7.06804,0.408179,74.3575
132,-5812.88,1,0.0347453,0.0435182,0.516874,7.21069,0.406822,74.391
133,-5882.76,1,0.0338655,0.0438073,0.513924,7.04396,0.406222,74.3877
134,-5982.31,1,0.033008,0.0435787,0.513963,7.07564,0.405931,74.4685
135,-6078.37,1,0.0321723,0.0438568,0.505951,7.09332,0.408193,74.4965
136,-6129.59,1,0.0313576,0.0438117,0.49314,7.07688,0.409253,74.4973
137,-6234.08,1,0.0305636,0.0437719,0.496242,7.10941,0.408983,74.5104
138,-6346.15,1,0.0297898,0.0438594,0.491335,6.99363,0.408625,74.396
139,-6441.83,1,0.0290355,0.0436954,0.489247,6.98466,0.408371,74.3887
140,-6537.3,1,0.0283003,0.0442045,0.485486,6.83002,0.408295,74.3002
141,-6614.28,1,0.0275837,0.0436388,0.487127,6.95734,0.410097,74.3748
142,-6690.58,1,0.0268853,0.0433294,0.485934,6.99492,0.410131,74.4089
143,-6742.02,1,0.0262045,0.0436078,0.491431,7.02615,0.409451,74.3817
144,-6815.27,1,0.025541,0.043471,0.487367,7.02901,0.40922,74.4031
145,-6895.23,1,0.0248943,0.0434085,0.505393,7.03059,0.407125,74.3743
146,-6946.23,1,0.0242639,0.0438122,0.514521,7.05176,0.406867,74.4124
147,-7023.03,1,0.0236496,0.0432482,0.507274,7.22626,0.406539,74.4823
148,-7122.64,1,0.0230507,0.0432743,0.506963,7.16777,0.406791,74.4497
149,-7211.1,1,0.0224671,0.0435996,0.514661,7.13821,0.407994,74.4905
150,-7276.02,1,0.0218982,0.0434799,0.516368,7.07276,0.408376,74.4878
151,-7384.04,1,0.0213437,0.0437576,0.527113,7.09862,0.408992,74.5108
152,-7460.55,1,0.0208033,0.0439585,0.530798,7.08256,0.409842,74.4881
153,-7491.87,1,0.0202765,0.043801,0.517358,7.13045,0.40948,74.4516
154,-7481.91,1,0.0197631,0.0437499,0.511795,7.15551,0.409348,74.4758
155,-7650.76,1,0.0192627,0.0435238,0.503513,7.16806,0.411198,74.55
156,-7724.62,1,0.018775,0.0435516,0.504436,7.13574,0.411272,74.5115
157,-7774.91,1,0.0182996,0.0437746,0.507943,7.11247,0.409737,74.4459
158,-7819.6,1,0.0178362,0.0440191,0.515102,7.13241,0.408576,74.4035
159,-7830.69,1,0.0173846,0.0441797,0.513925,7.09363,0.407492,74.4146
160,-7917.01,1,0.0169444,0.0441266,0.511421,7.09545,0.407466,74.3798
161,-8060.05,1,0.0165154,0.0437198,0.50697,7.07196,0.407442,74.4012
162,-8105.48,1,0.0160972,0.0438432,0.506006,7.05155,0.406832,74.3576
163,-8120.78,1,0.0156896,0.0436856,0.514268,7.11596,0.406469,74.3625
164,-8203.92,1,0.0152923,0.0440232,0.517771,7.06334,0.407357,74.3345
165,-8212.52,1,0.0149051,0.0438092,0.505254,7.04111,0.407677,74.3071
166,-8291.67,1,0.0145277,0.0437853,0.50672,7.08707,0.40786,74.3406
167,-8333.12,1,0.0141599,0.0438473,0.505771,7.11446,0.40734,74.3804
168,-8429,1,0.0138013,0.0438779,0.506088,7.06894,0.407628,74.3215
169,-8507.3,1,0.0134519,0.0437326,0.503706,7.07867,0.406837,74.3712
170,-8553.01,1,0.0131113,0.0437613,0.497668,7.1094,0.407067,74.3955
171,-8610.45,1,0.0127793,0.0435611,0.504477,7.18514,0.40673,74.4179
172,-8656.03,1,0.0124557,0.0435934,0.505701,7.20999,0.407242,74.4444
173,-8688.9,1,0.0121403,0.0434655,0.500999,7.28312,0.40825,74.5271
174,-8664.9,1,0.0118329,0.043444,0.505565,7.36303,0.408845,74.5582
175,-8777.49,1,0.0115333,0.0433273,0.503921,7.33383,0.408598,74.5478
176,-8785.1,1,0.0112413,0.0433909,0.504986,7.27792,0.408173,74.5221
177,-8881.21,1,0.0109566,0.0432643,0.507242,7.26837,0.408458,74.5091
178,-8861.89,1,0.0106792,0.0433596,0.510269,7.3102,0.408436,74.5145
179,-8863.42,1,0.010556,0.04356,0.514107,7.30021,0.408289,74.5011
180,-8830.97,1,0.0106659,0.0435797,0.512647,7.26616,0.408089,74.473
181,-8879.43,1,0.0105299,0.0436721,0.509002,7.26572,0.408091,74.4726
182,-8907.92,1,0.0104232,0.043647,0.514467,7.29127,0.408155,74.4867
183,-8978.99,1,0.0102083,0.0434306,0.515604,7.30024,0.406791,74.4705
184,-8984.73,1,0.0101972,0.0433585,0.515184,7.27759,0.406722,74.446
185,-8977.87,1,0.0102076,0.0435791,0.515896,7.31596,0.406176,74.4624
186,-8997.77,1,0.0101591,0.0435143,0.5141,7.29362,0.40663,74.4622
187,-9013.53,1,0.0101038,0.0435231,0.517761,7.29017,0.406903,74.4638
188,-8983.8,1,0.0101894,0.0433344,0.516585,7.31074,0.405957,74.4434
189,-9013.32,1,0.0101281,0.0432025,0.509207,7.29208,0.406247,74.4687
190,-9025.91,1,0.0100996,0.0430333,0.505733,7.30207,0.405682,74.4628
191,-9059.5,1,0.00999196,0.0430647,0.509598,7.30287,0.406438,74.4532
192,-9095.73,1,0.00988526,0.0431746,0.509409,7.32432,0.406265,74.4823
193,-9099.27,1,0.00985772,0.0432466,0.513631,7.35488,0.405757,74.4933
194,-9071.85,1,0.00994185,0.043239,0.510852,7.36132,0.406015,74.4878
195,-9043.41,1,0.0100234,0.0431508,0.508336,7.39633,0.406264,74.5072
196,-9066.16,1,0.00995566,0.0432637,0.514047,7.32789,0.406282,74.4628
197,-9051.88,1,0.0100012,0.0434737,0.513189,7.31597,0.406432,74.4811
198,-9069.9,1,0.00995677,0.0432013,0.513015,7.28217,0.406221,74.474
199,-8990.92,1,0.0101766,0.0432601,0.515617,7.28421,0.406306,74.4528
200,-8961.38,1,0.0102785,0.0432103,0.510796,7.27611,0.406542,74.4611
201,-8924.22,1,0.0103698,0.043206,0.514735,7.31139,0.406344,74.5025
202,-8926.6,1,0.0103612,0.043233,0.515538,7.30748,0.40656,74.4955
203,-8989.02,1,0.010173,0.0431552,0.516127,7.32308,0.406016,74.5005
204,-8986.05,1,0.0101741,0.0431803,0.515297,7.37302,0.406084,74.5166
205,-9047.37,1,0.00999939,0.0431133,0.512477,7.40163,0.405131,74.522
206,-9072.81,1,0.00993494,0.0431404,0.51315,7.34986,0.405441,74.5095
207,-9003.41,1,0.0101372,0.043176,0.510306,7.37581,0.405768,74.5304
208,-9026.76,1,0.0100622,0.0431487,0.51141,7.39817,0.40578,74.5355
209,-9028.15,1,0.0100475,0.0433065,0.517113,7.37155,0.405828,74.5358
210,-9081.11,1,0.00990784,0.0433934,0.515119,7.33999,0.406185,74.5149
211,-9071.76,1,0.00994725,0.0433047,0.509129,7.35954,0.405916,74.5017
212,-9079.99,1,0.00990837,0.0432759,0.508479,7.44981,0.405994,74.5249
213,-9116.75,1,0.00979118,0.0432365,0.510186,7.49668,0.405891,74.5736
214,-9092.88,1,0.00985877,0.0432789,0.512934,7.45407,0.405325,74.5519
215,-9015.43,1,0.0100977,0.0434613,0.509915,7.40576,0.405311,74.516
216,-9029.95,1,0.0100346,0.0435019,0.515515,7.43387,0.405437,74.5423
217,-9027.8,1,0.0100624,0.0433229,0.51312,7.35715,0.40528,74.453
218,-9098.06,1,0.00986255,0.0432754,0.512166,7.36848,0.405498,74.4666
219,-9029.24,1,0.0100514,0.0432523,0.512807,7.39703,0.405188,74.4798
220,-9007.81,1,0.010105,0.0431418,0.514523,7.41435,0.405104,74.4925
221,-8973.09,1,0.0101948,0.0431675,0.516421,7.44359,0.40456,74.5178
222,-9039.94,1,0.0100135,0.0430602,0.514525,7.40894,0.404099,74.4911
223,-9057.09,1,0.00997813,0.0430358,0.511099,7.38779,0.404263,74.4761
224,-9081.68,1,0.00990187,0.0430975,0.514813,7.36694,0.404469,74.4847
225,-9044.73,1,0.00999201,0.0430501,0.517848,7.40168,0.404437,74.5034
226,-9015.92,1,0.0100789,0.0429785,0.518572,7.37024,0.4044,74.4926
227,-9070.1,1,0.00994048,0.0430706,0.511628,7.38311,0.4044,74.5014
228,-9057.08,1,0.00995273,0.0431264,0.518636,7.4114,0.404534,74.4988
229,-9095.85,1,0.00984043,0.0431597,0.518928,7.42028,0.404739,74.5106
230,-9120.07,1,0.00976758,0.0430674,0.517116,7.47218,0.404684,74.5249
231,-9070.44,1,0.0099135,0.0430718,0.517563,7.43324,0.404647,74.5245
232,-9068.87,1,0.00992887,0.0433549,0.520177,7.33929,0.404272,74.4571
233,-9128.67,1,0.00977615,0.0434558,0.518129,7.28569,0.404167,74.4268
234,-9044.93,1,0.00998296,0.0434759,0.526571,7.32234,0.404218,74.4246
235,-9105.22,1,0.00980992,0.0434426,0.526662,7.33293,0.40374,74.3997
236,-9125.21,1,0.00978197,0.0433066,0.515552,7.34231,0.40413,74.4246
237,-9046.84,1,0.00999312,0.0433082,0.518706,7.35257,0.404126,74.4411
238,-9063.22,1,0.00995786,0.043237,0.516178,7.32934,0.403952,74.4284
239,-9045.41,1,0.0100006,0.043156,0.518188,7.34273,0.40334,74.4351
240,-9058.11,1,0.00997339,0.043263,0.513962,7.35597,0.403406,74.438
241,-9118.44,1,0.0097962,0.0431522,0.515252,7.3714,0.403404,74.4564
242,-9092.75,1,0.00986098,0.0432732,0.516141,7.398,0.403548,74.4637
243,-9059.86,1,0.00994517,0.0431948,0.519419,7.39829,0.403672,74.466
244,-9082.16,1,0.00989171,0.0430927,0.515525,7.40266,0.403469,74.4566
245,-9100.24,1,0.00984416,0.0431111,0.516194,7.37466,0.403509,74.435
246,-9120.88,1,0.00978173,0.0430447,0.515971,7.40142,0.403608,74.4374
247,-9114.48,1,0.00979444,0.0429554,0.515679,7.43331,0.403707,74.4518
248,-9104.93,1,0.0098141,0.0430152,0.518639,7.42854,0.4035,74.4608
249,-9060.92,1,0.00992493,0.0431055,0.520764,7.4691,0.403515,74.4758
250,-9017.93,1,0.0100518,0.0431147,0.519169,7.47126,0.403305,74.4711
251,-9023.14,1,0.0100492,0.043086,0.515177,7.46452,0.403472,74.4524
252,-8990.79,1,0.0101641,0.0429467,0.510722,7.41935,0.403433,74.4481
253,-9001.79,1,0.0101466,0.0430935,0.511942,7.32873,0.403474,74.4351
254,-9062.38,1,0.00996167,0.0429558,0.510934,7.39725,0.403441,74.4485
255,-9066.86,1,0.00995577,0.0431312,0.511535,7.35297,0.403226,74.4321
256,-9049.02,1,0.0100001,0.0431472,0.512063,7.37927,0.403302,74.4389
257,-9037.59,1,0.0100212,0.0433267,0.518275,7.35077,0.403319,74.4213
258,-9013.79,1,0.0100999,0.0432638,0.515741,7.33475,0.403366,74.406
259,-9050.92,1,0.00997672,0.0431044,0.518957,7.37354,0.40357,74.4237
260,-9008.42,1,0.0101017,0.0430883,0.517541,7.37881,0.403544,74.4477
261,-8997.47,1,0.0101199,0.0430296,0.520838,7.4008,0.403549,74.4465
262,-9019.26,1,0.0100616,0.0429897,0.51885,7.40554,0.403682,74.4711
263,-9043.91,1,0.0100025,0.042901,0.514219,7.41152,0.403535,74.4696
264,-9025.26,1,0.0100526,0.0427938,0.516007,7.40365,0.403452,74.4792
265,-9008.66,1,0.0101031,0.0429364,0.516341,7.3853,0.403407,74.4566
266,-8976.78,1,0.0101918,0.0428897,0.515162,7.42208,0.403439,74.4742
267,-9076.01,1,0.00993373,0.0428315,0.512382,7.38063,0.403575,74.4572
268,-9057.18,1,0.00997839,0.0431029,0.51398,7.34361,0.403574,74.4039
269,-9059.65,1,0.00996829,0.0432179,0.516733,7.32022,0.403568,74.3918
270,-9039.18,1,0.0100128,0.0433632,0.524181,7.28737,0.403515,74.3618
271,-9052.1,1,0.00998372,0.0434104,0.519586,7.31134,0.403574,74.3894
272,-9034.25,1,0.010044,0.0433385,0.516425,7.30937,0.403594,74.3931
273,-9070.81,1,0.00993304,0.0433104,0.518453,7.31357,0.403751,74.3921
274,-9055.07,1,0.00997452,0.0434298,0.519717,7.31319,0.403648,74.4123
275,-8963.19,1,0.0102296,0.0433397,0.521792,7.3374,0.403619,74.4163
276,-8995.69,1,0.0101509,0.0431279,0.515487,7.34595,0.403806,74.4412
277,-9055.6,1,0.00998652,0.0430754,0.511994,7.35356,0.403812,74.4672
278,-9050.65,1,0.00999681,0.0430055,0.51312,7.35725,0.403769,74.4495
279,-9031.78,1,0.0100442,0.043098,0.516296,7.34656,0.403719,74.4624
280,-9018.11,1,0.0100863,0.0430327,0.516558,7.32881,0.403876,74.4401
281,-9023.25,1,0.0100642,0.0429551,0.517966,7.34596,0.403841,74.4417
282,-9062.99,1,0.00993265,0.0432249,0.523986,7.35257,0.403772,74.4326
283,-9042.95,1,0.00998267,0.0433699,0.525637,7.36593,0.403859,74.4322
284,-9001.38,1,0.0100975,0.043228,0.526601,7.37625,0.403879,74.4301
285,-9028.02,1,0.0100216,0.0434213,0.527027,7.36604,0.403869,74.4071
286,-9010.85,1,0.0100664,0.0433427,0.529316,7.3575,0.4039,74.4186
287,-9037.66,1,0.0100071,0.0434246,0.526987,7.29948,0.403963,74.3896
288,-9022.23,1,0.0100436,0.0433558,0.529581,7.30327,0.403935,74.4062
289,-8989.17,1,0.0101273,0.0435531,0.53118,7.34089,0.404038,74.4341
290,-9031.05,1,0.0100074,0.0435973,0.531921,7.32674,0.404032,74.4377
291,-9068.23,1,0.00991417,0.0433162,0.524825,7.35941,0.40398,74.4486
292,-8977.9,1,0.0101667,0.0432307,0.524936,7.39371,0.403948,74.4557
293,-9016.88,1,0.0100511,0.0431304,0.530195,7.33489,0.404041,74.4363
294,-8977.07,1,0.0101666,0.0434516,0.530566,7.32831,0.403933,74.428
295,-8960.22,1,0.0102304,0.0434613,0.526667,7.30881,0.403967,74.4218
296,-8999.62,1,0.0101332,0.0433751,0.518877,7.32936,0.403864,74.4235
297,-9065.21,1,0.00994697,0.0433822,0.51968,7.30661,0.403874,74.3915
298,-9044.28,1,0.0100127,0.0433069,0.515871,7.33023,0.403869,74.3966
299,-9047.29,1,0.00998825,0.0435384,0.522633,7.31573,0.403861,74.3644
300,-9056.16,1,0.00995366,0.0435416,0.525704,7.32044,0.40379,74.3759
301,-9014.88,2,0.0100691,0.0435788,0.524973,7.34485,0.403809,74.4194
302,-9061.04,2,0.00993585,0.0436646,0.525556,7.34258,0.403882,74.4076
303,-9074.48,2,0.00990559,0.0435736,0.52452,7.3201,0.404017,74.4272
304,-9047.86,2,0.00997321,0.0435913,0.525649,7.32499,0.404811,74.4349
305,-9068.16,2,0.00993543,0.043362,0.518854,7.35563,0.404845,74.4555
306,-9013.55,2,0.0100635,0.0431325,0.519581,7.38672,0.404683,74.4681
307,-9027.02,2,0.0100548,0.0431356,0.517538,7.36088,0.405374,74.4847
308,-9017.69,2,0.0100687,0.0432028,0.52026,7.35136,0.405628,74.4968
309,-9028.62,2,0.0100416,0.0429893,0.518721,7.40132,0.405186,74.5233
310,-9006.66,2,0.0100796,0.0429501,0.519506,7.41892,0.405306,74.5156
311,-9054.73,2,0.00999115,0.0429628,0.518311,7.42912,0.40492,74.5141
312,-9078.6,2,0.0099223,0.0429373,0.517788,7.42798,0.404983,74.5132
313,-9035.38,2,0.00998529,0.04296,0.517345,7.42071,0.404667,74.4982
314,-9069.23,2,0.00994815,0.0429917,0.516214,7.417,0.40461,74.4968
315,-9075.01,2,0.00991622,0.0430681,0.517997,7.43128,0.404724,74.502
316,-9034.18,2,0.00997591,0.0431962,0.516817,7.43208,0.404672,74.4949
317,-9076.03,2,0.00993885,0.0432464,0.515443,7.43208,0.404848,74.4979
318,-9043.41,2,0.00996339,0.0432245,0.516345,7.44448,0.404647,74.4911
319,-9008.47,2,0.0100191,0.0431234,0.516657,7.47311,0.404511,74.4993
320,-9023.75,2,0.010018,0.0430666,0.519283,7.4948,0.404432,74.5116
321,-9064.25,2,0.00996682,0.0430198,0.521015,7.50428,0.404397,74.5148
322,-9112.62,2,0.00988462,0.0430309,0.521307,7.51337,0.404081,74.517
323,-9022.89,2,0.00994329,0.0430487,0.519426,7.51392,0.404084,74.5156
324,-9046.84,2,0.00995149,0.0429402,0.518957,7.50992,0.403961,74.5139
325,-9031.19,2,0.00996895,0.0429173,0.519705,7.50743,0.404077,74.5176
326,-8983.74,2,0.0100317,0.0428295,0.517417,7.50579,0.404089,74.5177
327,-8988.97,2,0.0100625,0.0428052,0.51716,7.51132,0.404192,74.523
328,-9025.68,2,0.0100544,0.0428036,0.516651,7.50785,0.404051,74.5174
329,-9050.84,2,0.0100284,0.0428158,0.516537,7.5081,0.404006,74.5143
330,-9043.33,2,0.0100163,0.0428401,0.516851,7.50132,0.403945,74.5119
331,-9033.98,2,0.0100097,0.042887,0.518782,7.49541,0.40385,74.5109
332,-9050.68,2,0.00999608,0.0429163,0.518748,7.50217,0.403859,74.5168
333,-9045.26,2,0.00998918,0.0429516,0.518904,7.50578,0.403882,74.5166
334,-9082.17,2,0.00996683,0.0429586,0.517857,7.50599,0.403884,74.515
335,-9040.03,2,0.00997304,0.0430019,0.517354,7.49893,0.40386,74.5083
336,-9110.55,2,0.00994294,0.0430358,0.516986,7.4917,0.403888,74.5035
337,-9120.02,2,0.00991653,0.0430376,0.516686,7.47983,0.403813,74.4947
338,-9106.93,2,0.00990183,0.0430351,0.516449,7.46913,0.403758,74.4889
339,-9053.38,2,0.00991161,0.0430415,0.516308,7.46249,0.403684,74.4849
340,-9064.67,2,0.00991517,0.043043,0.515923,7.46081,0.403698,74.4859
341,-9117.65,2,0.00989804,0.0430118,0.515371,7.46826,0.403722,74.4924
342,-9063.85,2,0.00990058,0.0430084,0.515417,7.47512,0.403742,74.4976
343,-9033.89,2,0.00991077,0.043,0.515772,7.48337,0.40371,74.5029
344,-9017.04,2,0.00992521,0.0430042,0.516228,7.48275,0.403736,74.5032
345,-9055.66,2,0.00992663,0.043004,0.516175,7.48858,0.403703,74.5052
346,-9059.83,2,0.00992683,0.0429913,0.516226,7.49173,0.403719,74.5073
347,-9031.08,2,0.00993366,0.0429939,0.516374,7.49437,0.403734,74.5085
348,-9046.51,2,0.00993605,0.0430089,0.516614,7.49482,0.403734,74.5088
349,-9080.73,2,0.0099322,0.0430182,0.516844,7.48797,0.403743,74.5067
350,-9056.88,2,0.00993383,0.0430292,0.51691,7.48259,0.403717,74.5038
351,-9045.28,2,0.00993496,0.043032,0.516916,7.48114,0.403711,74.503
352,-9076.78,2,0.00993441,0.0430343,0.516878,7.47975,0.403717,74.5025
353,-9051.24,2,0.00993526,0.043035,0.51686,7.47826,0.403715,74.5019
354,-9088.43,2,0.0099338,0.0430336,0.516872,7.47785,0.403716,74.5018
355,-9061.85,2,0.00993378,0.043031,0.516913,7.47711,0.403718,74.5014
356,-9054.18,2,0.00993398,0.0430282,0.51696,7.47724,0.403724,74.502
357,-9062.17,2,0.00993403,0.0430271,0.516964,7.47658,0.403727,74.5024
358,-9055.31,2,0.00993449,0.0430257,0.516918,7.47628,0.403717,74.5026
359,-9059.24,2,0.00993447,0.0430237,0.516931,7.4766,0.403718,74.5029
360,-9057.28,2,0.00993467,0.0430245,0.516996,7.47547,0.40371,74.5021
361,-9060.08,2,0.00993447,0.0430204,0.517024,7.47627,0.403705,74.5025
362,-9101.45,2,0.00993244,0.0430168,0.517024,7.477,0.403705,74.5027
363,-9067.33,2,0.00993186,0.0430164,0.517103,7.47742,0.403703,74.5029
364,-8988.55,2,0.00993487,0.0430158,0.517213,7.4773,0.40371,74.503
365,-9007.3,2,0.00993713,0.0430176,0.517276,7.47691,0.403712,74.5032
366,-9021.04,2,0.00993862,0.0430184,0.517369,7.47659,0.403722,74.5036
367,-9047.94,2,0.00993907,0.0430183,0.51741,7.4761,0.403724,74.5037
368,-9044.14,2,0.00993978,0.043018,0.517425,7.47543,0.403727,74.5036
369,-9098.78,2,0.00993834,0.0430181,0.517416,7.47425,0.403736,74.5034
370,-9034,2,0.00993953,0.0430199,0.517434,7.47316,0.403738,74.5028
371,-9056.07,2,0.00993948,0.0430225,0.517551,7.47232,0.403737,74.5025
372,-9045.19,2,0.00993991,0.0430253,0.517602,7.47217,0.403737,74.5024
373,-9063.67,2,0.00993965,0.0430275,0.517667,7.4715,0.403736,74.5022
374,-9094.91,2,0.00993868,0.0430271,0.517614,7.46991,0.403729,74.5012
375,-9065.1,2,0.00993883,0.043031,0.517598,7.46815,0.403724,74.5
376,-9086.26,2,0.00993814,0.0430335,0.517609,7.46623,0.403719,74.4987
377,-9048.07,2,0.00993873,0.0430386,0.517672,7.4645,0.403728,74.4978
378,-9062.98,2,0.00993873,0.0430426,0.517733,7.46287,0.403725,74.4968
379,-9073.34,2,0.0099383,0.0430459,0.517777,7.46187,0.403724,74.496
380,-9081.65,2,0.0099375,0.0430477,0.517841,7.46093,0.403721,74.4954
381,-9022.04,2,0.00993886,0.043051,0.51791,7.45986,0.40372,74.4947
382,-8987.34,2,0.00994172,0.0430552,0.517906,7.45819,0.403725,74.4937
383,-9017.8,2,0.00994343,0.0430604,0.517923,7.45642,0.403724,74.4922
384,-9028.7,2,0.0099446,0.0430644,0.517963,7.45499,0.403724,74.491
385,-9050.85,2,0.00994501,0.0430667,0.517972,7.45389,0.403724,74.49
386,-9075.06,2,0.00994458,0.043068,0.517971,7.45307,0.403714,74.4892
387,-9025.32,2,0.00994554,0.0430681,0.518024,7.45296,0.403717,74.4889
388,-9020.87,2,0.00994668,0.0430695,0.518086,7.45236,0.403714,74.4881
389,-9056.99,2,0.00994667,0.0430707,0.518139,7.45161,0.403723,74.4877
390,-9083.51,2,0.00994555,0.0430721,0.518281,7.45099,0.403727,74.4872
391,-9063.32,2,0.00994524,0.043073,0.518359,7.4505,0.403731,74.4868
392,-9037.1,2,0.00994577,0.0430751,0.518429,7.45006,0.403729,74.4865
393,-9033.2,2,0.0099464,0.0430776,0.518529,7.44919,0.403728,74.4857
394,-9033.54,2,0.00994698,0.0430784,0.518614,7.44863,0.403727,74.4851
395,-8996.7,2,0.00994861,0.0430783,0.518718,7.44813,0.403727,74.4847
396,-9039.59,2,0.00994907,0.0430791,0.518763,7.44764,0.403734,74.4841
397,-9124.06,2,0.00994713,0.0430787,0.518785,7.44691,0.403738,74.4835
398,-9096.71,2,0.00994593,0.0430788,0.518823,7.44642,0.403737,74.483
399,-9111.99,2,0.00994449,0.0430781,0.518794,7.446,0.403738,74.4826
400,-9078.2,2,0.00994396,0.0430759,0.518779,7.4459,0.403736,74.4825
401,-9107.52,2,0.00994282,0.0430742,0.518721,7.44527,0.403735,74.4821