id,p0_SAEM,alpha_SAEM,tau_SAEM,p0_mean,alpha_mean,tau_mean,p0_sd,alpha_sd,tau_sd,p0_randomEffects,alpha_randomEffects,tau_randomEffects
1,-1.00863538976339084,-3.56992398827711455,70.78167735449886777,-1.00430136218434840,-3.56941278412214658,70.80212883911868005,0.00000000000000000,0.03695093698604158,0.17377029896524840,0.00000000000000000,-0.21997222765175189,0.32182628510489819
2,-1.01061518335547929,-3.15743034250516130,72.94053464728588665,-1.01016180574191150,-3.15505604421468311,72.95822184004782684,0.00000000000000000,0.02657818437327439,0.14867121808720496,0.00000000000000000,0.19438451225570869,2.47791928603392053
3,-1.00976468406681619,-3.87389454093259422,72.68705162559534472,-1.00973610004717651,-3.86876090940583550,72.67559901650531629,0.00000000000000000,0.03898847651189033,0.23167162981060480,0.00000000000000000,-0.51932035293543832,2.19529646249158761
4,-1.00863439861599957,-3.12349512705313348,61.98591570970035747,-1.00432069121105938,-3.11880613359614189,62.03053665023303864,0.00000000000000000,0.02538085482242216,0.14174664757931224,0.00000000000000000,0.23063442287425573,-8.44976590378080594
5,-1.01184698848169896,-3.55208172500991282,75.40180814196806125,-1.01472004473933763,-3.55226543686071183,75.40293381836461606,0.00000000000000000,0.03007649470624030,0.21030897803457871,0.00000000000000000,-0.20282488039031490,4.92263126435070841
6,-1.01014373650020839,-2.69154325915199832,59.53411223123746510,-1.00952750997574414,-2.70665713717177381,59.42956124104284754,0.00000000000000000,0.04072512291034310,0.29145077941420011,0.00000000000000000,0.64278341929862026,-11.05074131297096152
7,-1.00955531738250581,-3.26556938955120346,62.21841285710601710,-1.00095105728621370,-3.25907447588217591,62.28698015353359807,0.00000000000000000,0.02154148196959991,0.13464022355959457,0.00000000000000000,0.09036608058822049,-8.19332240048024296
8,-1.00946371317332972,-3.24813032209246977,57.78330668586925611,-1.00904974360945254,-3.25418179426278398,57.75963757157460776,0.00000000000000000,0.02263057699207286,0.19079997259599010,0.00000000000000000,0.09525876220761322,-12.72066498243922794
9,-1.00980982929497043,-3.14979660897235014,63.09838406591968152,-1.02933580640538902,-3.16039100635134096,62.98731408655218189,0.00000000000000000,0.02744119743562017,0.14141643637723153,0.00000000000000000,0.18904955011905547,-7.49298846746164937
10,-1.01091923676961448,-3.98472769207973299,75.99283662644921833,-1.01367430225376842,-3.98958575445029950,75.95726537496668129,0.00000000000000000,0.04239439032784251,0.23385996510723145,0.00000000000000000,-0.64014519797990665,5.47696282095282960
11,-1.00948650612198487,-2.53576370412304364,64.54679890613067528,-1.00005640598485490,-2.53559461584828494,64.55939781752189788,0.00000000000000000,0.05457740951713867,0.17334027857478265,0.00000000000000000,0.81384594062211335,-5.92090473649193605
12,-1.01007028153346012,-3.33488263245551630,74.74894625203708642,-1.01786750907745627,-3.34267079428514968,74.69885992120718754,0.00000000000000000,0.03593381049107613,0.17852040797573546,0.00000000000000000,0.00676976218524242,4.21855736719337759
13,-1.01068877098045129,-2.91409523574240081,69.73043260151250422,-0.99735933803015631,-2.90947381578830999,69.77355373916512349,0.00000000000000000,0.01936643397852068,0.08772953792538610,0.00000000000000000,0.43996674068208291,-0.70674881484867103
14,-1.01027387232479415,-2.57634543968054563,67.51213105457506458,-1.02102659752895009,-2.58165419932319207,67.46659744085476973,0.00000000000000000,0.02598415386709844,0.13993185749683007,0.00000000000000000,0.76778635714720644,-3.01370511315905576
15,-1.01132291851664347,-3.04793263811222515,80.66048523066631049,-1.00962584570800229,-3.04161875576411855,80.68170889739469942,0.00000000000000000,0.05327352350101131,0.11392902551770404,0.00000000000000000,0.30782180070627629,10.20140634338095253
16,-1.01045431603305258,-3.41033502216800111,57.86817406294559873,-1.02842312381223810,-3.41732434376682592,57.77936516234571940,0.00000000000000000,0.02676715359203708,0.22174476755966124,0.00000000000000000,-0.06788378729643028,-12.70093739166810209
17,-1.01135694233408180,-3.07661515323942281,70.91405112121118748,-1.00520664562112305,-3.07678235055047988,70.93912618735016906,0.00000000000000000,0.02220545538628295,0.11973515751733010,0.00000000000000000,0.27265820591991802,0.45882363333632364
18,-1.01178694445897310,-3.36409119465588802,56.90887520010645773,-1.02570057812530702,-3.36774657807107847,56.86826999530567406,0.00000000000000000,0.02369661941905428,0.19667622615541358,0.00000000000000000,-0.01830602160068146,-13.61203255870817230
19,-1.01109925258987587,-3.29230903038414535,75.38681593990044405,-1.01057781340613162,-3.29606538524659554,75.37374848414320638,0.00000000000000000,0.02379886743887534,0.14041278191411080,0.00000000000000000,0.05337517122379886,4.89344593012938134
20,-1.00930527795195202,-3.35817468182729684,63.60808196113755031,-1.01026996371801303,-3.36042269753637290,63.58649900908694974,0.00000000000000000,0.02355350879270257,0.20778344060470069,0.00000000000000000,-0.01098214106597665,-6.89380354492688241
21,-1.00966723850033735,-3.26707736846751207,65.68891455960607573,-1.01063826701518145,-3.26508514825127527,65.67373903872785945,0.00000000000000000,0.03261574421399736,0.22384247191260734,0.00000000000000000,0.08435540821911822,-4.80656351528594783
22,-1.01203286032268314,-4.29461763687541254,77.57533411016353853,-1.02047694828439339,-4.30262898549013428,77.45169119232836863,0.00000000000000000,0.07370290157076662,0.64683786109663888,0.00000000000000000,-0.95318842901974510,6.97138863831454181
23,-1.01161397297606137,-3.64876555587064599,67.84362051896100354,-1.01304057026180017,-3.64413693705948516,67.87768846501872133,0.00000000000000000,0.02979352513615438,0.23401545416875782,0.00000000000000000,-0.29469638058908842,-2.60261408899513924
24,-1.01064218750457213,-4.54734994396935566,77.65689964265727951,-1.02511279013535006,-4.54793533654567739,77.38608051743086946,0.00000000000000000,0.06128263269905170,0.56206645536662581,0.00000000000000000,-1.19849478007528254,6.90577796341713945
25,-1.01183925736228431,-3.59172442992432517,74.00610201363028295,-1.00845969262826585,-3.57826282896476267,74.01143684981319382,0.00000000000000000,0.05541330580129573,0.21103327287342044,0.00000000000000000,-0.22882227249436748,3.53113429579940519
26,-1.01204138483219008,-2.71554405758144712,74.52007554662705502,-1.01025597534504419,-2.72428528808942216,74.53755196447623632,0.00000000000000000,0.09424459128763737,0.23788518057357808,0.00000000000000000,0.62515526838097613,4.05724941046246013
27,-1.00759962497238820,-3.64862372303812776,67.68847940020283716,-1.01138431758394032,-3.65491966753608510,67.61368104065438445,0.00000000000000000,0.02590529967654885,0.21924408286899480,0.00000000000000000,-0.30547911106569392,-2.86662151335936066
28,-1.00981886223496442,-3.08215077971374773,71.30768467447451542,-1.01195251170287648,-3.08808808922421862,71.28417793663224700,0.00000000000000000,0.02276627924001052,0.17527759343944815,0.00000000000000000,0.26135246724617661,0.80387538261833880
29,-1.00944095834262892,-2.73055524021669882,77.84093424593186228,-1.01829448423511382,-2.73390041545539875,77.81867180996690081,0.00000000000000000,0.02594144883112927,0.08291184007420856,0.00000000000000000,0.61554014101500010,7.33836925595305356
30,-1.01165097727609732,-3.76759807007160186,66.85850656113244384,-1.00944288235297686,-3.76712072422034305,66.86845612647402959,0.00000000000000000,0.02524093574760108,0.31110744649378402,0.00000000000000000,-0.41768016774994737,-3.61184642753973106
31,-1.01080267771563204,-2.84850968003204974,63.77736780935529737,-0.99710964197600060,-2.85261946990863757,63.80370165906072089,0.00000000000000000,0.02992468934161592,0.11397466984040348,0.00000000000000000,0.49682108656175944,-6.67660089495310416
32,-1.01131922450923883,-2.98423995051717439,71.81447584347310453,-1.00487583505903300,-2.98255045845857714,71.83596216876922824,0.00000000000000000,0.03203379056659408,0.16920954820366382,0.00000000000000000,0.36689009801181427,1.35565961475551910
33,-1.01191575040972337,-3.60949159624361648,72.31429575348218464,-1.01064055178383527,-3.60338874343278093,72.34257709643542000,0.00000000000000000,0.07699423224539578,0.32330468017191477,0.00000000000000000,-0.25394818696238508,1.86227454242163026
34,-1.00937336519942855,-3.20765480762101696,65.99750242644034870,-1.02206607011642636,-3.21471759029041237,65.93170932506659199,0.00000000000000000,0.01870913464372907,0.10375588605268546,0.00000000000000000,0.13472296617998419,-4.54859322894724194
35,-1.01236217414774665,-3.22491087730739956,72.72443112420549483,-1.01107305973329220,-3.22639408049966914,72.74380715459493274,0.00000000000000000,0.03589936929372092,0.10803640604689983,0.00000000000000000,0.12304647597072964,2.26350460058117209
36,-1.01081171684250859,-3.39374784318191880,67.32550104529302359,-1.01363325730736853,-3.39431413193382259,67.32040517083189002,0.00000000000000000,0.02614231762980362,0.20368277516701488,0.00000000000000000,-0.04487357546342486,-3.15989738318175917
37,-1.00792661964331254,-3.70005157564595288,62.88403448219636260,-1.01106871456937975,-3.70468543762730462,62.83575576250292727,0.00000000000000000,0.03385759617853892,0.28420531407828675,0.00000000000000000,-0.35524488115690794,-7.64454679151089778
38,-1.01196855183997347,-2.73423313921251721,66.70242790825518853,-1.01126898656505038,-2.73404991587869528,66.68210404242162781,0.00000000000000000,0.03449722116730584,0.32102488234930288,0.00000000000000000,0.61539064059169601,-3.79819851159209598
39,-1.01051209224838279,-3.42678674940437267,71.75017053578332593,-1.00873964415586492,-3.42184591770958102,71.74769943610273515,0.00000000000000000,0.02377044189856766,0.20948419413320926,0.00000000000000000,-0.07240536123918481,1.26739688208890144
40,-1.01012290270911720,-2.74978411104528853,64.55363121107335189,-1.01551228559338291,-2.74985148409443436,64.54229293279749413,0.00000000000000000,0.02354553743460548,0.07814058351207155,0.00000000000000000,0.59958907237596470,-5.93800962121627141
41,-1.01119637369218873,-3.68335535861382057,68.80288412395906050,-1.01078629008372256,-3.68598673822495337,68.79066000762543354,0.00000000000000000,0.03422349643906070,0.18090884705360463,0.00000000000000000,-0.33654618175455597,-1.68964254638833067
42,-1.01165847125872688,-2.43761391786031067,69.09415850499330247,-1.01628036614830686,-2.43830881640647457,69.07686385850206534,0.00000000000000000,0.01910941006965122,0.07224124317239577,0.00000000000000000,0.91113174006392361,-1.40343869551173084
43,-1.01338980436940851,-2.89470935318951961,71.04361935621749069,-1.01088395934407482,-2.89755384911143388,71.05225176976453838,0.00000000000000000,0.02972197395049089,0.13144737120093652,0.00000000000000000,0.45188670735896219,0.57194921575078561
44,-1.00853824145120252,-3.23944950511188168,59.44564251707123503,-0.99788516733915800,-3.24288432358241252,59.42981589769196660,0.00000000000000000,0.04271322094027485,0.33291010930882553,0.00000000000000000,0.10655623288798605,-11.05048665632186555
45,-1.01152906809492449,-2.86994445619112959,70.65234740675950320,-1.01062512593864628,-2.85634830688882113,70.72488304366764567,0.00000000000000000,0.03249593215610325,0.14674589758407816,0.00000000000000000,0.49309224958157472,0.24458048965381646
46,-1.01118171536398660,-3.19063355945240712,66.86739565382561068,-1.01260780175202458,-3.18853910669784346,66.87100028227763460,0.00000000000000000,0.01939441057869759,0.13317751127594005,0.00000000000000000,0.16090144977255624,-3.60930227173608476
47,-1.01037401068977872,-2.92264601241012434,70.61802052104273741,-0.99623060432947519,-2.91009060826676036,70.68608739191790846,0.00000000000000000,0.01845596198936133,0.07526555359373935,0.00000000000000000,0.43934994820363416,0.20578483790410806
48,-1.01069622956575400,-3.69030878217347569,74.13648736683246909,-1.01395122151279482,-3.69247794595887413,74.09269880563974198,0.00000000000000000,0.02143107481200560,0.18087760975382614,0.00000000000000000,-0.34303738948848056,3.61239625162592226
49,-1.01181741404170378,-2.94109764879438274,74.50472609033491267,-1.01068640371456930,-2.94816039602028335,74.52007151023404674,0.00000000000000000,0.08534924205237490,0.13169274878827930,0.00000000000000000,0.40128016045010823,4.03976895622019594
50,-1.00982321529429320,-2.77671796295490214,71.01402018718553677,-1.00465381770485052,-2.77461205080483264,71.02984270583978343,0.00000000000000000,0.01875998867258714,0.12465314709378494,0.00000000000000000,0.57482850566556587,0.54954015182590876
51,-1.01140699093854636,-3.25590645575661641,67.80675162881266260,-1.00621261074295143,-3.25846132515137965,67.80708556847098123,0.00000000000000000,0.02241890353598728,0.13660384541003812,0.00000000000000000,0.09097923131901869,-2.67321698554287845
52,-1.01356384954765555,-2.93996790417478104,66.08522921837911213,-1.01367438394587861,-2.93720414469790780,66.09881455997819444,0.00000000000000000,0.01785374995082565,0.10894675775280908,0.00000000000000000,0.41223641177248804,-4.38148799403553912
53,-1.01025937946560984,-2.94547665732330621,66.20562124047899033,-1.01058324691766721,-2.95676083652330268,66.11995069907716527,0.00000000000000000,0.11402056032859303,0.79637465296465604,0.00000000000000000,0.39267971994709067,-4.36035185493662336
54,-1.01024291355932738,-3.40595639602838762,73.08313288298928967,-1.01314712332218648,-3.40945394876269559,73.05273988865074841,0.00000000000000000,0.02754009902451360,0.18425234007621794,0.00000000000000000,-0.06001339229230041,2.57243733463680391
55,-1.01048772628107120,-2.71585417039009958,63.22804838281967932,-1.00321881164282289,-2.71055489773994163,63.26050978277203996,0.00000000000000000,0.01917642838211816,0.08104277170389199,0.00000000000000000,0.63888565873045400,-7.21979277124179131
56,-1.01184772001267165,-2.84644622967950900,71.28537068338584959,-1.01134707642209132,-2.85023545412884394,71.26483216282917965,0.00000000000000000,0.03225006190693337,0.31514832555432132,0.00000000000000000,0.49920510234155280,0.78452960881530232
57,-1.01045615729115523,-3.29377695925759895,70.22415805479097628,-1.00376460860590866,-3.29109299896581931,70.24822165349925740,0.00000000000000000,0.02574869166638023,0.17017985967833715,0.00000000000000000,0.05834755750457644,-0.23208090051452263
58,-1.00850287038844044,-3.88009721621193382,60.79012794949863263,-1.00872196321479923,-3.87592098272910457,60.86259663567003031,0.00000000000000000,0.02705292786676097,0.27259403156773721,0.00000000000000000,-0.52648042625871161,-9.61770591834374144
59,-1.01063853440510676,-3.21562743681542917,77.14474493070599692,-1.00526462743142231,-3.21556338426042565,77.13796795051668198,0.00000000000000000,0.02521753694583503,0.17582480521501156,0.00000000000000000,0.13387717220996931,6.65766539650285250
60,-1.01163229968481350,-2.70122082481156989,71.91036884761885517,-1.03035663966140256,-2.70594742021555978,71.85387152343156458,0.00000000000000000,0.03230472265200068,0.14102929068925682,0.00000000000000000,0.64349313625483706,1.37356896941768847
61,-1.01144507959577390,-2.78025511687973959,63.59184520656889106,-1.01825694226868935,-2.77660948549486797,63.58882904365457733,0.00000000000000000,0.03380089370815075,0.07919050364366205,0.00000000000000000,0.57283107097552954,-6.89147351035925659
62,-1.01223584028042368,-2.54383211926091057,81.53332302922332531,-0.99835796936045396,-2.54114267275865613,81.55601853581266880,0.00000000000000000,0.03153803787197999,0.10062091299370539,0.00000000000000000,0.80829788371174416,11.07571598179903738
63,-1.00932904449950778,-3.97110097603107670,64.39452017387638705,-1.01282212444816522,-3.97657096298458246,64.32212437228510282,0.00000000000000000,0.02536418694764529,0.33996631229524910,0.00000000000000000,-0.62713040651418750,-6.15817818172875242
64,-1.01062912654560888,-3.30179887559806051,71.83073009229583761,-1.01165840222296599,-3.30093862604327537,71.84289286337821068,0.00000000000000000,0.02148148740190489,0.14631379075760956,0.00000000000000000,0.04850193042712581,1.36259030936444070
65,-1.01190186716205499,-3.30092061852534036,78.86969610599901159,-1.00297627192926564,-3.29921136993215169,78.92283253041254909,0.00000000000000000,0.02413311192387383,0.13916326470861293,0.00000000000000000,0.05022918653824512,8.44252997639877734
66,-1.01057760895793769,-2.74578654885040896,71.10412167516099657,-1.00804628302987886,-2.75037978741634070,71.08382883260432550,0.00000000000000000,0.02638484531269144,0.15819845356646803,0.00000000000000000,0.59906076905405525,0.60352627859061303
67,-1.01119850186978133,-3.28997954150728811,85.24434955687948445,-0.99604421691941658,-3.31082893221469288,85.64976979508917054,0.00000000000000000,0.17039463501076355,1.79075025473113847,0.00000000000000000,0.03861162425571040,15.16946724107526201
68,-1.01012822423273652,-3.80556922921729290,74.77948125682961233,-1.01027027638241806,-3.79992130477950596,74.81354773650505763,0.00000000000000000,0.03637520154868317,0.26844272245286094,0.00000000000000000,-0.45048074830910939,4.33324518249121216
69,-1.01077540363123886,-3.57867070613711125,75.77367714492420703,-1.01102341517997507,-3.57751813035819088,75.78572102518558040,0.00000000000000000,0.03892842485224426,0.21524505350800902,0.00000000000000000,-0.22807757388779601,5.30541847117177578
70,-1.00951607674868882,-3.88527059772843808,75.08624528465290382,-1.01130116933375747,-3.88260671698276205,75.04501411053561810,0.00000000000000000,0.02895794981289150,0.23126862479445814,0.00000000000000000,-0.53316616051236831,4.56471155652178240
71,-1.01139249653118757,-4.21949577573398127,76.15272515347430726,-1.01168169054849222,-4.22143398622504495,76.15144195417335027,0.00000000000000000,0.05442108910175567,0.34921866013392300,0.00000000000000000,-0.87199342975465355,5.67113940015954032
72,-1.01084583662628158,-4.10147532855124286,67.40305082621937061,-1.00925568099050333,-4.10046085001024352,67.41721496268911551,0.00000000000000000,0.03557612988894625,0.23577919270625861,0.00000000000000000,-0.75102029353985211,-3.06308759132468911
73,-1.01023234617125368,-3.25545366727680729,69.50093923007580088,-1.01385143858881110,-3.25551584203456379,69.46535325262625804,0.00000000000000000,0.03057165156720196,0.21828257421220584,0.00000000000000000,0.09392471443583417,-1.01494930138758166
74,-1.00973900163039598,-3.12623243129959194,75.52715935195774932,-1.01121921514945057,-3.12453827964455222,75.51291654901450556,0.00000000000000000,0.03845990956018784,0.10128072922605270,0.00000000000000000,0.22490227682584282,5.03261399500070006
75,-1.00991003012429803,-4.00904745409176222,70.59159763962242096,-1.00326303403007833,-4.01005657663491277,70.66587983388212990,0.00000000000000000,0.03943297518085308,0.21877541173719997,0.00000000000000000,-0.66061602016451182,0.18557727986837561
76,-1.01104831659060790,-3.26994734247176000,73.48596905646128619,-1.01028468555400819,-3.25275984814881935,73.40483924347877576,0.00000000000000000,0.11309408806949138,0.56317701174173806,0.00000000000000000,0.09668070832157667,2.92453668946494494
77,-1.01073235336732448,-3.08986020287518803,62.35862724691548209,-1.01021899637131618,-3.08819899647944762,62.33049287963720531,0.00000000000000000,0.02358507941814631,0.17967248798918328,0.00000000000000000,0.26124155999095006,-8.14980967437661086
78,-1.01036226435965748,-2.76978439341447347,75.34375625609020233,-1.00136942429235809,-2.77125844879119398,75.33537086188975707,0.00000000000000000,0.03612898160610339,0.16390736794454847,0.00000000000000000,0.57818210767920419,4.85506830787584498
79,-1.01076987940095098,-3.77164655381988334,67.25665633874821481,-1.01062715752791266,-3.77822698037895099,67.22376643162031939,0.00000000000000000,0.02801301615068457,0.23605293902162153,0.00000000000000000,-0.42878642390855082,-3.25653612239356827
80,-1.01028434766677866,-2.89575249536160495,84.83135014809479912,-1.01063988002476068,-2.95927571721178762,86.11769569530923718,0.00000000000000000,0.36241854048577998,4.05889028742218994,0.00000000000000000,0.39016483925860745,15.63739314129544944
81,-1.00870712992987266,-3.76193896668724292,62.91089644232265243,-1.01753457562020500,-3.75372703967655585,62.95456021526538137,0.00000000000000000,0.04301697323367890,0.39532014014175859,0.00000000000000000,-0.40428648320615884,-7.52574233874844012
82,-1.01040803162907222,-3.61702664590709499,70.85430822306355481,-1.01064638281613606,-3.61629919690668578,70.87749620340578360,0.00000000000000000,0.04591909476849036,0.23028484709657793,0.00000000000000000,-0.26685864043629143,0.39719364939197360
83,-1.01280432267689791,-3.56764586167735764,70.12831095913840329,-1.00885177406651261,-3.58051222484131504,70.20788105909556975,0.00000000000000000,0.11161818744402968,0.45482573376196989,0.00000000000000000,-0.23107166837091869,-0.27242149491819651
84,-1.00902506075559306,-3.71812002727357882,63.91134519653056856,-1.01016344032423078,-3.70481075785603986,64.01307056452016297,0.00000000000000000,0.05448829797697524,0.46426802734171035,0.00000000000000000,-0.35537020138564629,-6.46723198949368339
85,-1.01158461444448955,-4.36816247189342022,70.18362035675875177,-1.00775377275522904,-4.34728655332860292,70.26336498550476506,0.00000000000000000,0.11099645038186276,0.31542371259245083,0.00000000000000000,-0.99784599685820985,-0.21693756850904261
86,-1.01264798282914392,-3.06294024566568224,74.29833799343894896,-1.00971124697438897,-3.05952029151405158,74.31728972429344537,0.00000000000000000,0.02566720370771526,0.16690691156761689,0.00000000000000000,0.28992026495634704,3.83698717027962122
87,-1.01315491534037716,-2.73643528728342611,62.91653780365700044,-1.01013224938790036,-2.73366252595796455,62.94310557946824503,0.00000000000000000,0.03714903611807585,0.10310419008872142,0.00000000000000000,0.61577803051243152,-7.53719697454558624
88,-1.01036654470443366,-3.39966568957808501,69.61720675367740796,-1.00971489400126235,-3.40810637355428714,69.54194889415713021,0.00000000000000000,0.02969623108943117,0.28042160422389584,0.00000000000000000,-0.05866581708388952,-0.93835365985663599
89,-1.01171106035278058,-3.40415137768376130,57.61096087082634654,-1.00638000263887917,-3.40261719194066758,57.63278102971770522,0.00000000000000000,0.01865213866397326,0.15131211022042484,0.00000000000000000,-0.05317663547027559,-12.84752152429610739
90,-1.01092614914053081,-2.98758791336120488,77.86270647176050375,-1.01123370505228927,-2.98373847321264796,77.84412367945581934,0.00000000000000000,0.04430140899442812,0.12790788726986743,0.00000000000000000,0.36570208325775144,7.36382112544205114
91,-1.01293825459481512,-3.42381760213140929,78.46560114643132522,-1.01053846190071184,-3.41330341797466019,78.45798681108351502,0.00000000000000000,0.14115378253982003,1.24412708740635214,0.00000000000000000,-0.06386286150426809,7.97768425706963757
92,-1.00961214476133332,-3.81501541197129024,62.04457541506973683,-1.01016652943337681,-3.81609780737588400,62.02512056320416889,0.00000000000000000,0.02891584235892390,0.23072355405457265,0.00000000000000000,-0.46665725090548899,-8.45518199080957800
93,-1.01049098096352852,-3.47803872212047960,60.80518496585674626,-1.01438970898100078,-3.48375326457392687,60.74437625191112033,0.00000000000000000,0.02998583648428104,0.30760278518242479,0.00000000000000000,-0.13431270810353191,-9.73592630210266385
94,-1.01109844930002368,-3.30817687863478227,78.91284140570067507,-1.01081649441715760,-3.30732712124298667,78.90449832123096030,0.00000000000000000,0.05131953022336235,0.23744568953271239,0.00000000000000000,0.04211343522741123,8.42419576721700381
95,-1.01011439151295468,-3.45966744090626577,63.86841858935623151,-1.01647255686879712,-3.45677549940845719,63.87236989287056588,0.00000000000000000,0.02334289940500570,0.18687761522010155,0.00000000000000000,-0.10733494293806339,-6.60793266114326183
96,-1.01287173630404514,-3.15316275311964045,66.40322109879957679,-1.01179909994279771,-3.13769095775471163,66.51419618413049761,0.00000000000000000,0.04200523240560558,0.38619323226168228,0.00000000000000000,0.21174959871568541,-3.96610636988338916
97,-1.01090931880890800,-3.33507187059090704,71.35949404789600692,-1.01166299908376889,-3.33261290159924872,71.37061464107756592,0.00000000000000000,0.03695232221223928,0.22357513777442573,0.00000000000000000,0.01682765487114841,0.89031208706372533
98,-1.01105098014907235,-2.93435771453843142,62.50066830463621415,-1.01303830078516577,-2.94193427267967511,62.45504276919051989,0.00000000000000000,0.02722496147826054,0.15261676790601061,0.00000000000000000,0.40750628379072162,-8.02525978482332825
99,-1.01236448704793358,-3.44720940860407321,76.68773817299809537,-1.01079081782082114,-3.44289569821274410,76.67224511300786105,0.00000000000000000,0.06334546052201778,0.29663992600433620,0.00000000000000000,-0.09345514174234766,6.19194255899415413
100,-1.01045355210601251,-2.98703960727414763,67.63537060488937414,-1.00766638802068464,-2.98924747952220837,67.62709638931404754,0.00000000000000000,0.02702590665030490,0.12686103255710798,0.00000000000000000,0.36019307694818936,-2.85320616469981703
101,-1.00923770114953748,-2.72589729932942504,66.88383298917723607,-1.00716741957816502,-2.72427496768465804,66.88226053390681614,0.00000000000000000,0.03784650344388573,0.10089916206626048,0.00000000000000000,0.62516558878574058,-3.59804202010696628
102,-1.01378565767622830,-3.37886760343162207,75.66074711832489186,-1.01058324691766721,-3.36663990311385986,75.62896706373497580,0.00000000000000000,0.13214464143312651,1.19899472123356787,0.00000000000000000,-0.01719934664346055,5.14866450972116230
103,-1.01047688445221340,-3.22390631994749111,80.83290686053399554,-1.01137354059987694,-3.27134558694314315,81.11660940398287778,0.00000000000000000,0.10662074401052421,0.63028965453433217,0.00000000000000000,0.07809496952725185,10.63630684996899589
104,-1.01029592053738870,-2.90509286276663525,65.78201548968758061,-1.00630278769413128,-2.90272976138216965,65.80020653640194439,0.00000000000000000,0.01908141208388063,0.08864121934341955,0.00000000000000000,0.44671079508822559,-4.68009601761179805
105,-1.00790446092409280,-3.27951750871911063,80.87574468174341291,-1.00869107502855360,-3.29980644835809978,80.94878256378535752,0.00000000000000000,0.10255313213997935,0.41831482418696819,0.00000000000000000,0.04963410811229942,10.46848000977154136
106,-1.01464642068127975,-2.16077079127492810,72.93707393604194067,-1.01813837991567535,-2.16154028947454924,72.92845098949649696,0.00000000000000000,0.04051273658722705,0.06722197336457603,0.00000000000000000,1.18790026699584450,2.44814843548265015
107,-1.00865500065330971,-4.05586014799158345,57.18690321209006555,-1.00920032359732215,-4.07017710577830449,57.01367033957320274,0.00000000000000000,0.06677806582416070,0.88108837634482662,0.00000000000000000,-0.72073654930790509,-13.46663221444058145
108,-1.01141004328250661,-2.65091345515825028,67.95099658196016890,-1.00769079427335195,-2.65313822607868888,67.95345422483160291,0.00000000000000000,0.08437490988548500,0.18172464210971959,0.00000000000000000,0.69630233039170775,-2.52684832918214042
109,-1.01113543699112851,-2.94266286595440008,66.63017696226012276,-1.01607597765685642,-2.95009493631592434,66.59743988672724413,0.00000000000000000,0.03642741271396152,0.12194939914008734,0.00000000000000000,0.39934562015447417,-3.88286266728668927
110,-1.01091484608900828,-4.07392403272256853,62.34902292166691495,-1.00832120734466257,-4.06254487427694055,62.44757026323858184,0.00000000000000000,0.06046018952943092,0.58110014747087835,0.00000000000000000,-0.71310431780654038,-8.03273229077521833
111,-1.01008166280169087,-3.12500611968446318,56.09943931045366128,-1.00572646714693392,-3.12135670295329959,56.12813289303579722,0.00000000000000000,0.05803172912994063,0.18762118289389942,0.00000000000000000,0.22808385351709445,-14.35216966097804381
112,-1.01330049494997687,-3.85299944749251155,67.53150577808804655,-1.01101075032930288,-3.85015564841881286,67.57659694103145398,0.00000000000000000,0.04711355029313829,0.24113463200376495,0.00000000000000000,-0.50071509194841857,-2.90370561298239904
113,-1.00979085290034010,-3.04354725347111410,68.40313376779104715,-1.00651354838802454,-3.04981783633546266,68.38065949615757688,0.00000000000000000,0.02379521806504408,0.12370084759680966,0.00000000000000000,0.29962272013493285,-2.09964305785636141
114,-1.00845620814326753,-4.18953279631913844,65.30172073259177523,-1.00463469376347159,-4.20321502146329884,65.22863479345205917,0.00000000000000000,0.05024175674828427,0.33004655857411136,0.00000000000000000,-0.85377446499290199,-5.25166776056173745
115,-1.00957605478750367,-3.48512604108897461,69.52643189260641066,-1.01228425443332792,-3.48601915426324549,69.51781848790172091,0.00000000000000000,0.02935687592361541,0.24363576078380586,0.00000000000000000,-0.13657859779284640,-0.96248406611211357
116,-1.01114780914563651,-3.13617398259353308,62.35271222779691414,-1.00554172799673580,-3.12800477021765966,62.41623077771265571,0.00000000000000000,0.01942771389450313,0.12211616493700519,0.00000000000000000,0.22143578625273572,-8.06407177630108407
117,-1.00978121528087916,-3.20434206222679752,79.76845882930602727,-1.01069587832963692,-3.20641745014259705,79.73629438735316910,0.00000000000000000,0.06133945992661335,0.22410237615223533,0.00000000000000000,0.14302310632779711,9.25599183333930142
118,-1.01157268206670836,-4.17510743638366133,82.75114695488720429,-1.01635313180101150,-4.22540421328590288,83.35390435184957880,0.00000000000000000,0.16607392443967062,2.13594420617481040,0.00000000000000000,-0.87596365681550481,12.87360179783568626
119,-1.00954345638419229,-2.25195396682473614,63.97052532473501429,-0.99199804539823822,-2.24129205899921402,64.00620200406019933,0.00000000000000000,0.03244228253118036,0.10212158548937096,0.00000000000000000,1.10814849747118238,-6.47410054995353246
120,-1.01141603941739389,-2.84439032106087808,83.51027048556923660,-1.00859065590427521,-2.86134364566510069,83.67011465627763300,0.00000000000000000,0.19925795794974466,1.15453977756361148,0.00000000000000000,0.48809691080529338,13.18981210226387901
121,-1.01155445185849291,-3.35249514654617897,66.76908101581389587,-1.01064816836273619,-3.34829424463236691,66.78731628663106790,0.00000000000000000,0.03605614180339990,0.15105671466344844,0.00000000000000000,0.00114631183802992,-3.69298626738275670
122,-1.01082480462611279,-3.53067674049027591,83.24647238534585370,-1.00356381471701206,-3.52120840442490701,83.26015248370133293,0.00000000000000000,0.06526970730743607,0.30044306286759614,0.00000000000000000,-0.17176784795450664,12.77984992968738531
123,-1.01235141968293418,-3.30896360932514400,85.61816764164231586,-1.00361627082823013,-3.30564199774133760,85.62818749869454393,0.00000000000000000,0.09183508735077944,0.20943339518798637,0.00000000000000000,0.04379855872906043,15.14788494468074731
124,-1.01375940581672941,-3.37751584731398768,79.41046923313432160,-1.01663202448336309,-3.37376595975987081,79.39641558238743357,0.00000000000000000,0.04549828702073565,0.21903460774428096,0.00000000000000000,-0.02432540328947469,8.91611302837359965
125,-1.01032211422208773,-3.21344927662700286,74.09661910266986240,-1.01056716668767765,-3.20678184826813206,74.13638356753136804,0.00000000000000000,0.03544248256727427,0.18520225025509002,0.00000000000000000,0.14265870820226509,3.65608101351750880
126,-1.01133534194914110,-4.07635948540036974,71.26742754799602153,-1.00584449214666161,-4.07189464178607086,71.35701031160812136,0.00000000000000000,0.03489786902453820,0.21631470468706829,0.00000000000000000,-0.72245408531567801,0.87670775759438224
127,-1.01069298584612755,-3.82210706449133841,78.88445176943871218,-1.01124221956853289,-3.81688200798798105,78.86712763623381761,0.00000000000000000,0.07996647673306137,0.61676772631922805,0.00000000000000000,-0.46744145151758076,8.38682508221997480
128,-1.01201924035898783,-4.65661951366898474,80.95021242438042464,-1.01587307455015630,-4.64921677776745668,80.85454817038562680,0.00000000000000000,0.07656052704142588,0.50941053638668476,0.00000000000000000,-1.29977622129707093,10.37424561637194920
129,-1.01023840965346001,-2.98960706161384815,83.21712448593956424,-1.01057629652039882,-2.98749788226235680,83.21331072623640068,0.00000000000000000,0.06162643700821365,0.15775619911895533,0.00000000000000000,0.36194267420803844,12.73300817222263071
130,-1.01146797572860270,-4.04568959744899193,82.47961610428204438,-1.02704073977523458,-4.04825321604881339,82.35349900866387429,0.00000000000000000,0.04493652598087295,0.35648836286207541,0.00000000000000000,-0.69881265957841199,11.87319645465007234
131,-1.01239297284158880,-2.95663386876225909,61.59601416577379496,-1.02306346108117330,-2.96312375042955845,61.54490559130573502,0.00000000000000000,0.03173925286007133,0.20567572906310627,0.00000000000000000,0.38631680604083379,-8.93539696270811490
132,-1.00768170810674063,-3.87366706832200203,67.86304769722597996,-1.01079532444012465,-3.87081043843471662,67.83283470429202566,0.00000000000000000,0.03317602937802203,0.28550792995268320,0.00000000000000000,-0.52136988196431977,-2.64746784972183757
133,-1.01364359689595851,-3.10676623091893012,70.58078459702977625,-1.00971174967030319,-3.10138256204611862,70.62623891922743269,0.00000000000000000,0.02198851027951150,0.15167685147757604,0.00000000000000000,0.24805799442427906,0.14593636521360576
134,-1.01046109961250186,-3.02264485506635561,75.73693737205448429,-1.01067458188492432,-2.94603745914541548,75.32375372103351197,0.00000000000000000,0.10757628538967937,0.55967764520592278,0.00000000000000000,0.40340309732497959,4.84345116701970024
135,-1.01184602314945948,-4.17971289031602122,74.93449025070587766,-1.01104879067919118,-4.18075275960220871,74.93502330096568187,0.00000000000000000,0.07200661358356691,0.50304565655724331,0.00000000000000000,-0.83131220313181242,4.45472074695183196
136,-1.01273052247502204,-2.05578159322532050,69.00769838427594038,-1.01066739812665385,-2.05628330915853175,69.01033972666878924,0.00000000000000000,0.08777896019721959,0.07493031558079497,0.00000000000000000,1.29315724731186399,-1.46996282734510597
137,-1.01068151427390118,-3.31549719329012715,74.57338215836718120,-1.01059411897178952,-3.32571124142563201,74.61172164529973827,0.00000000000000000,0.06301089237090397,0.27782824822304525,0.00000000000000000,0.02372931504476402,4.13141909128600471
138,-1.01134366146232169,-2.01656922086714729,66.00181471917896658,-1.01670516645728704,-1.94850141933401377,66.07037497388627401,0.00000000000000000,0.14258214868971392,0.16009466084681842,0.00000000000000000,1.40093913713638241,-4.40992758012752617
139,-1.01107581925338041,-3.74347704747313026,54.35502463750584923,-0.99533084361317725,-3.73861710766936284,54.47704505953655740,0.00000000000000000,0.03313588632312449,0.39499474302433674,0.00000000000000000,-0.38917655119897077,-16.00325749447726764
140,-1.01177241549750629,-4.15969702156133270,78.69876241637349779,-1.01058324691766721,-4.17765182318880068,78.88925621409040900,0.00000000000000000,0.17417207613102256,1.46749668054179527,0.00000000000000000,-0.82821126671840939,8.40895366007653600
141,-1.01054393516719943,-3.66936292786266671,69.62823222298688108,-1.01835138382395418,-3.67213433112750742,69.59130476945861687,0.00000000000000000,0.02451676291126319,0.27561687499270576,0.00000000000000000,-0.32269377465711241,-0.88899778455507106
142,-1.00960776570696598,-3.23908660045997054,57.54665001370231892,-1.00972131114224695,-3.23616631710773817,57.56112300523667358,0.00000000000000000,0.03136788493176601,0.21283169106910804,0.00000000000000000,0.11327423936265625,-12.91917954877714969
143,-1.00785973864417500,-3.15814736702594434,74.57436924893920605,-1.01091870982593091,-3.14950004330641864,74.52664446742308257,0.00000000000000000,0.06354367166444017,0.19171347400394101,0.00000000000000000,0.19994051316397962,4.04634191340921312
144,-1.01191699686675474,-3.74706318684417727,64.30603288895144942,-1.01849188141945479,-3.74264786665379878,64.38116792552776246,0.00000000000000000,0.03115229672212266,0.44080309951957414,0.00000000000000000,-0.39320731018340271,-6.09913462848603682
145,-1.01009630631882108,-2.96318774119304207,80.58425238169611760,-1.01058324691766721,-3.05423983445161573,81.66595382366331535,0.00000000000000000,0.32746915906527885,4.00504708425522793,0.00000000000000000,0.29520072201878139,11.18565126964947609
146,-1.01145979667821484,-3.22259750034880632,66.81524597297699586,-1.00869781450085827,-3.21395274829306121,66.91532510956675139,0.00000000000000000,0.02993269238054702,0.32078011906853249,0.00000000000000000,0.13548780817733386,-3.56497744444717668
147,-1.01137787725917483,-2.82048896173263808,58.04332654653853751,-0.99744401087142809,-2.80974621374129896,58.10110657135220436,0.00000000000000000,0.03219735918532993,0.16217389370691523,0.00000000000000000,0.53969434272909633,-12.37919598266164201
148,-1.00738043860972892,-3.43882173688347015,67.75448863406009536,-1.00375559981562779,-3.44702084764666639,67.64391027139072321,0.00000000000000000,0.02750138766626009,0.30805584389420271,0.00000000000000000,-0.09758029117627059,-2.83639228262307475
149,-1.01140551349170260,-3.31821796295718618,71.93670387563862789,-1.00374370001102031,-3.32071215539887721,71.94993412773811770,0.00000000000000000,0.03110427330294843,0.10936826357378816,0.00000000000000000,0.02872840107151920,1.46963157372423336
150,-1.01123520983369808,-3.36280010633177184,72.16143852154741012,-1.00854532983901013,-3.38217985332879589,72.19860242917592075,0.00000000000000000,0.07679689583353654,0.21060640578922005,0.00000000000000000,-0.03273929685840028,1.71829987516212257
151,-1.00659965655245731,-4.39464478909539125,80.98224495355491115,-1.01205114292428755,-4.36400491895251719,80.59835503825514991,0.00000000000000000,0.07380067555169668,0.56337541000161051,0.00000000000000000,-1.01456436248212167,10.11805248424129822
152,-1.01208442050541048,-3.66040005932522572,69.84974865543546230,-1.00711309540399574,-3.66106600342857602,69.83221713237861650,0.00000000000000000,0.02007790355792831,0.24977644077773178,0.00000000000000000,-0.31162544695817979,-0.64808542163526495
153,-1.01093553138786119,-3.36548929069149239,74.47533278761621034,-1.00836273103270946,-3.36804899565681293,74.47642486780657123,0.00000000000000000,0.04173172183721722,0.14619417326331291,0.00000000000000000,-0.01860843918641588,3.99612231379273908
154,-1.01138386867952512,-2.64932529480244883,81.38735825579308880,-1.01070845164567413,-2.52163322988916150,80.99446263217296860,0.00000000000000000,0.27125907247579406,1.07738209200603818,0.00000000000000000,0.82780732658123346,10.51416007815914710
155,-1.01213334397990606,-3.86491501681802463,73.65048351743197941,-1.01058324691766721,-3.86844544882376296,73.64662244556089377,0.00000000000000000,0.05405683879794444,0.23221171316803293,0.00000000000000000,-0.51900489235336589,3.16631989154703630
156,-1.01153341005485342,-3.30335091281464432,83.17046646165351831,-1.01113298993079592,-3.30750052500054892,83.15907491625064551,0.00000000000000000,0.03909249335428034,0.19214428041176246,0.00000000000000000,0.04194003146984866,12.67877236223684534
157,-1.01220388413589468,-2.71280820217422303,64.92676102277090422,-1.00389839550969273,-2.71544297743808372,64.91514984460542337,0.00000000000000000,0.02440849984607022,0.14120854807008509,0.00000000000000000,0.63399757903231146,-5.56515270940840612
158,-1.01000050791598173,-3.47340031767570867,60.05679693630860783,-1.00475685068029486,-3.47071441655501989,60.09928266201799829,0.00000000000000000,0.01960365947706474,0.26553041025682589,0.00000000000000000,-0.12127386008462210,-10.38101989199587472
159,-1.00920247900534599,-3.47571999793498332,77.43762029126835955,-1.01198186414281155,-3.47613211425105595,77.41145568636791552,0.00000000000000000,0.02708987316571375,0.22481853879527280,0.00000000000000000,-0.12669155778066360,6.93115313235406649
160,-1.01192058290780573,-3.53043080338367687,73.10099414902265380,-1.00992396731649881,-3.51997156220267371,73.14367380623544079,0.00000000000000000,0.04435219846033507,0.19402261649292296,0.00000000000000000,-0.17053100573227653,2.66337125222158777
161,-1.01128970143911023,-3.06065255772063738,75.56236546809510912,-1.01058324691766721,-3.04842664161223720,75.52631977998690616,0.00000000000000000,0.13900400189403023,0.49102401612910174,0.00000000000000000,0.30101391485815887,5.04601722597305624
162,-1.01037082157319302,-3.58845507373233419,86.99521233756453853,-0.99610599609177586,-3.57811299188374798,87.13749905400683815,0.00000000000000000,0.10717809162142909,0.44888197030829047,0.00000000000000000,-0.22867243541334900,16.65719649999289587
163,-1.01071241079122598,-3.89046039485239614,76.76081764338792368,-1.01823069833316371,-3.89605431118188683,76.65663167985447046,0.00000000000000000,0.03046861373948244,0.31318967803516085,0.00000000000000000,-0.54661375471148621,6.17632912584054772
164,-1.01225136530430460,-4.37322536822315744,77.23165737463570224,-1.00770306672941001,-4.37261086457665993,77.31738883852260358,0.00000000000000000,0.03599957945665709,0.40072610164393641,0.00000000000000000,-1.02317030810627152,6.83708628450884692
165,-1.00933223558997431,-3.00235557812520693,67.88483388370488569,-1.01859728449566833,-3.00546049808674631,67.85148360964305425,0.00000000000000000,0.02710385321503565,0.13544994248226369,0.00000000000000000,0.34398005838364903,-2.62881894437075792
166,-1.01077685195037992,-3.69921499851029623,74.65229180878056070,-1.00375094051596214,-3.69519585837934139,74.71395103124916659,0.00000000000000000,0.04425143630384441,0.16711726083754086,0.00000000000000000,-0.34575530190894521,4.23364847723540461
167,-1.01113393049578137,-4.84652562317403035,81.11106096615596073,-1.02137854933091110,-4.84810952768880288,80.86265853650174051,0.00000000000000000,0.06923533696313622,0.94819934709656828,0.00000000000000000,-1.49866897121841069,10.38235598248794922
168,-1.01149825809776450,-2.37967037706179374,86.37473575593736541,-1.01044350273414518,-2.56445951386240312,88.90472100139325562,0.00000000000000000,0.32551643886108433,3.17724133553782151,0.00000000000000000,0.78498104260799240,18.42441844737952295
169,-1.01081904929987654,-2.68108743565257024,64.00024595432009278,-0.99910164454705475,-2.67664927586521184,64.02070496428335389,0.00000000000000000,0.02971363058995846,0.13601939907687907,0.00000000000000000,0.67279128060518378,-6.45959758973044007
170,-1.01072568004902807,-3.27819126063776300,70.93216699770096056,-1.01809220664529865,-3.28043978159744620,70.90464788953984510,0.00000000000000000,0.02649746417942000,0.16868657290617764,0.00000000000000000,0.06900077487294697,0.42434533552604936
171,-1.01062883484497967,-4.34806332612632040,69.21820050523609780,-1.01213611059528952,-4.35006836469446867,69.18315031050114783,0.00000000000000000,0.03656643035124266,0.28145425166158444,0.00000000000000000,-1.00062780822407005,-1.29715224351274405
172,-1.01109512267784596,-3.53752766309270417,69.76525972947966636,-1.00910551963030293,-3.53830323481065179,69.77244711734134341,0.00000000000000000,0.04387820992202323,0.14141200106995502,0.00000000000000000,-0.18886267834025677,-0.70785543667244089
173,-1.00930996169112364,-2.76425972267791265,65.57703845940062592,-1.01730448397665563,-2.76443411089315960,65.57144910176417341,0.00000000000000000,0.02057095314323809,0.08442125364384209,0.00000000000000000,0.58500644557723802,-4.90885345224972447
174,-1.01017452296808696,-4.29059549947061747,69.86351545114041528,-1.01230112126305971,-4.29537269441779745,69.91513889848089036,0.00000000000000000,0.03762848388829376,0.29565567502616852,0.00000000000000000,-0.94593213794739917,-0.56516365553302594
175,-1.00875783959319776,-3.85562069521541417,68.21412193666625967,-1.01199864748162982,-3.85855210717703301,68.16369087808749327,0.00000000000000000,0.02509602738198804,0.21664627203612716,0.00000000000000000,-0.50911155070663650,-2.31661167592637351
176,-1.01085865016583032,-3.31348261612010697,64.27040651907506685,-1.01601250083909145,-3.31854603766016121,64.22423821656953180,0.00000000000000000,0.02804361378235311,0.14506064219815568,0.00000000000000000,0.03089451881023413,-6.25606433744420443
177,-1.01250377672213165,-2.86723376211387881,81.09855050382091690,-1.01043102688341890,-2.86230222817420721,80.82356280793634085,0.00000000000000000,0.34980152475047604,3.40654143101072782,0.00000000000000000,0.48713832829618858,10.34326025392249804
178,-1.01024815745778751,-3.28496618308830923,80.56758931399912171,-1.01955642603606478,-3.28467981110740181,80.55111943127012353,0.00000000000000000,0.07842569124961569,0.46048517265816263,0.00000000000000000,0.06476074536299511,10.07081687725628427
179,-1.00977524192023749,-3.10900331882873937,66.40442354652647339,-1.01005529705510000,-3.11447356822407029,66.36155749349966015,0.00000000000000000,0.02316437829709837,0.18214443129991154,0.00000000000000000,0.23496698824632486,-4.11874506051418177
180,-1.00957110014202667,-3.38412016380390002,61.48405360224401051,-1.01058324691766721,-3.38417321700009044,61.48305429389104404,0.00000000000000000,0.03047929699016518,0.11164241937769495,0.00000000000000000,-0.03473266052969331,-8.99724826012276679
181,-1.01357131672430700,-2.54442780150243664,71.66450514681088180,-1.01303585855030587,-2.54261490769708232,71.65847468561156575,0.00000000000000000,0.03154287032283801,0.15140639600828573,0.00000000000000000,0.80682564877331919,1.17817213159768919
182,-1.00937596921738271,-4.36274622228531417,64.53172807793281152,-1.00086422548409137,-4.35002505531818073,64.70605461793107338,0.00000000000000000,0.04807227015673779,0.33072141958893975,0.00000000000000000,-1.00058449884777811,-5.77424793608277209
183,-1.01119064365683853,-3.69477709759458195,70.41855319437370042,-1.01201851544679222,-3.70003039915257625,70.40211779301951367,0.00000000000000000,0.05302664461334875,0.21910572286737609,0.00000000000000000,-0.35058984268218024,-0.07818476099412996
184,-1.01184646140850165,-3.35058349705612590,69.06570751417606857,-0.99370950783167167,-3.34320510240246938,69.16174612636962138,0.00000000000000000,0.01845608744935186,0.15605464579142977,0.00000000000000000,0.00623545406792894,-1.31855642764415704
185,-1.01052638679874685,-2.75775727857306130,73.55516882535806644,-1.02062702839295660,-2.76532331285315536,73.52279181200428582,0.00000000000000000,0.02118288731757023,0.09697582879938130,0.00000000000000000,0.58411724361723927,3.04248925799059888
186,-1.00966358332775452,-3.24475404955502755,69.58081084629213819,-1.01131767036218423,-3.24838615814360754,69.55439899742417253,0.00000000000000000,0.03393603010773917,0.13515280495903331,0.00000000000000000,0.10105439832679024,-0.92590355658956214
187,-1.01121099893142041,-2.22257062124367799,62.52997130332913400,-1.01081258290280052,-2.23280935646721312,62.50097100512611092,0.00000000000000000,0.05035381575446757,0.17887503640623148,0.00000000000000000,1.11663120000318061,-7.97933154888776386
188,-1.01150855461707567,-3.22031266721079179,74.76673209230841621,-1.00665879079049647,-3.22068084122225118,74.77642004616954807,0.00000000000000000,0.03512691522064623,0.20789624560674647,0.00000000000000000,0.12875971524814417,4.29611749215572569
189,-1.00919846915490874,-4.05493946801467242,70.19159910054609952,-1.00836061609070726,-4.06127086791641201,70.21522619250836783,0.00000000000000000,0.06091187472630605,0.23390692174633401,0.00000000000000000,-0.71183031144600972,-0.26507636150539499
190,-1.01045330092001118,-2.49399819825071223,71.34381430161516846,-0.98321862814508965,-2.47983106494620165,71.41221088998580058,0.00000000000000000,0.02003841661486704,0.07515791083885921,0.00000000000000000,0.86960949152419265,0.93190833597199485
191,-1.00866470031022426,-3.51915617495353628,70.29985894067104368,-1.00747386995693655,-3.52045212060799084,70.28893309962880664,0.00000000000000000,0.03063173132678919,0.17756198569885409,0.00000000000000000,-0.17101156413759755,-0.19136945438504413
192,-1.01284653078798903,-3.00167904450730028,58.62272683746403601,-1.01431876351298378,-2.99840452087393228,58.61905738541689459,0.00000000000000000,0.04237439065950586,0.17541587700972180,0.00000000000000000,0.35103603559646440,-11.86124516859696598
193,-1.01263481144725875,-4.01180939848223428,85.74155727163039842,-1.00936900548023178,-4.00259754406143298,85.70263998615344292,0.00000000000000000,0.06217497458300562,0.57946604348449904,0.00000000000000000,-0.65315698759103902,15.22233743213973689
194,-1.00872034680622580,-3.07900567845677786,67.37255886696688378,-1.00872337642126753,-3.08588321292733925,67.34898752086847651,0.00000000000000000,0.02267800002433040,0.11387512547204501,0.00000000000000000,0.26355734354305732,-3.13131503314533166
195,-1.01050077230940705,-3.35810004834968545,66.31383139031909479,-1.01025651381879777,-3.35520229784315971,66.34371695824088988,0.00000000000000000,0.02298029548053944,0.19105610925561395,0.00000000000000000,-0.00576174137276436,-4.13658559577294582
196,-1.00921849969703725,-3.08795677327836460,64.71847698595352938,-1.01597428246130739,-3.10106702087763964,64.61036086813408019,0.00000000000000000,0.03546394728121200,0.29368231794724259,0.00000000000000000,0.24837353559275482,-5.86994168587978482
197,-1.01034060828082395,-2.94535597585779696,71.67466407468437239,-1.00922862944104685,-2.94297037997579602,71.67388638686495028,0.00000000000000000,0.04812540063078950,0.09200561963816417,0.00000000000000000,0.40647017649459793,1.19358383285108549
198,-1.01067841455090424,-2.09463816395455416,72.64446612955416072,-1.01023344567638373,-2.08855554300785462,72.60319237692552008,0.00000000000000000,0.05993682368340669,0.26589458531239263,0.00000000000000000,1.26088501346254023,2.12288982291166661
199,-1.01271524757787001,-3.05761568986900389,64.45102657009485370,-1.01378409882913578,-3.06146172153972662,64.41919248597650949,0.00000000000000000,0.01731921039927261,0.12730818634835281,0.00000000000000000,0.28797883493067267,-6.06111006803728181
200,-1.00738189464618633,-3.78955983891118819,65.58794928012575554,-1.01612930348557917,-3.79745603433213308,65.46278298945695440,0.00000000000000000,0.02192219133414460,0.24599556064514821,0.00000000000000000,-0.44801547786174162,-5.01751956455675430
201,-1.01015694060243733,-3.96360627989555825,79.68451970702959386,-1.00945031423413889,-3.96228401050837320,79.68796679476274392,0.00000000000000000,0.03781518475521217,0.27845185216793611,0.00000000000000000,-0.61284345403797469,9.20766424074887091
202,-1.00836572355745879,-4.31662170664512335,70.07543168972344461,-1.01078417634004847,-4.31869543488264629,70.04718081217562542,0.00000000000000000,0.03510368274746129,0.29937703188226311,0.00000000000000000,-0.96925487841224411,-0.43312174183800090
203,-1.01056014773734382,-3.80737702170427861,64.57882811127451816,-1.02597029140865437,-3.81562678037028924,64.43885635020446045,0.00000000000000000,0.02325996714762238,0.18297189326102872,0.00000000000000000,-0.46618622389989245,-6.04144620380945696
204,-1.01093712122145618,-3.74109643528524671,64.14588502629928257,-1.00767440648817441,-3.73117543795338547,64.22264136094450748,0.00000000000000000,0.03184952771894474,0.21731610597183279,0.00000000000000000,-0.38173488148298751,-6.25766119306930335
205,-1.01318038567549218,-2.36609432665303387,70.13700243221857988,-1.00519887248748008,-2.36026980327942049,70.15820187821782383,0.00000000000000000,0.03388584641130279,0.07651740393195265,0.00000000000000000,0.98917075319097936,-0.32210067579599289
206,-1.00964384505363736,-2.99980542778520620,77.95311519451630033,-1.02859281653891599,-3.00905405081502364,77.87542818038107839,0.00000000000000000,0.03670071541743741,0.18558127924594223,0.00000000000000000,0.34038650565537409,7.39512562636729065
207,-1.01049237122237745,-3.63190219884467114,74.75963663547690885,-1.01013174512606563,-3.63232354066040219,74.75341144683420680,0.00000000000000000,0.03868725646615042,0.18673324078910178,0.00000000000000000,-0.28288298419000807,4.27310889282039064
208,-1.00955180299916014,-3.12672702637945443,79.30472617616433695,-1.01082411646587467,-3.10819774642270730,79.17108155260980595,0.00000000000000000,0.16464925828306989,1.19894263211143137,0.00000000000000000,0.24124281004768933,8.69077899859600222
209,-1.01226368012915979,-3.04089218277709650,74.91286556186732071,-1.01062000106075622,-3.02688205082726514,75.03702769812734630,0.00000000000000000,0.03524537526148045,0.31278742230585355,0.00000000000000000,0.32255850564312744,4.55672514411365182
210,-1.00885384000180589,-4.07404107914224056,63.92750349737688964,-1.01012583536911804,-4.07563122872485994,63.93423451406462732,0.00000000000000000,0.03265460494464505,0.31493015741882047,0.00000000000000000,-0.72619067225446088,-6.54606803994912401
211,-1.01083767680209635,-3.93800505877032103,69.75463632737834985,-0.99864355790246162,-3.92384618538058749,69.97270726865856716,0.00000000000000000,0.03299359327109500,0.39856575685693652,0.00000000000000000,-0.57440562891019209,-0.50759528535512199
212,-1.01121211289954482,-2.92232327653649993,62.68488214163680539,-1.01026743279853948,-2.92179845834114271,62.68574545813739007,0.00000000000000000,0.05302036688212342,0.29084782944440107,0.00000000000000000,0.42764209812925136,-7.79455709587643408
213,-1.00842620732529875,-3.45043858973422646,77.34607367207632933,-1.01110816198763920,-3.45145589109957429,77.30023695703165743,0.00000000000000000,0.02803138705055436,0.22704359542783864,0.00000000000000000,-0.10201533462918122,6.81993440301787324
214,-1.01004110906616607,-2.76996093610810412,78.24764404636353277,-1.01964886696069068,-2.76604355638569999,78.23936224038331488,0.00000000000000000,0.03668419312592772,0.15609897542417236,0.00000000000000000,0.58339700008469808,7.75905968636948806
215,-1.00910171894214673,-2.64214248868194668,62.36136167500870187,-1.02233828002141203,-2.65288008479646331,62.30702686273738067,0.00000000000000000,0.02980504924449462,0.10232444732118126,0.00000000000000000,0.69656047167392876,-8.17327569127643372
216,-1.01147370121445146,-3.06789355944688502,72.08083499275910810,-1.00815183911689421,-3.07190685967116694,72.09650937019272021,0.00000000000000000,0.05924608148656040,0.10090929387239447,0.00000000000000000,0.27753369679922774,1.61620681617895823
217,-1.01047123848884191,-2.68368319735138661,66.98270401347252800,-1.01229416439839537,-2.62696970455112533,67.42361264035170620,0.00000000000000000,0.13242533872810505,1.00530016056065574,0.00000000000000000,0.72247085191927063,-3.05668991366201048
218,-1.01254860746741837,-3.30723838688326932,71.40868379732371807,-1.01367452590159290,-3.30987703665426913,71.38873004912348108,0.00000000000000000,0.02059331743458876,0.16922167749690020,0.00000000000000000,0.03956351981612734,0.90842749510967302
219,-1.01096135758998473,-3.66137983529197308,77.03767163866524470,-1.00893679166249473,-3.66848072410345472,77.09739479742052026,0.00000000000000000,0.13022311092864619,0.97072374387211169,0.00000000000000000,-0.31904016763305437,6.61709224340665170
220,-1.00945423768396836,-3.06745104256907641,73.59777279681978257,-1.01012259604639798,-3.06682313695269837,73.59867039328678118,0.00000000000000000,0.02460934428199650,0.12098652564096324,0.00000000000000000,0.28261741951769392,3.11836783927293304
221,-1.01093884874859752,-3.93729105507350852,68.13831434706652601,-1.01103415359265103,-3.93771552893447829,68.15300749448327622,0.00000000000000000,0.03575553196834915,0.34898915251125912,0.00000000000000000,-0.58827497246408111,-2.32729505953047111
222,-1.00994322425054817,-2.79349690246533156,78.96204183903317642,-1.01058324691766721,-2.80103648762574275,79.00453610103809865,0.00000000000000000,0.16331587459188451,0.74161854028286234,0.00000000000000000,0.54840406884465132,8.52423354702428249
223,-1.01245772668945233,-4.02957576599971201,69.64811399146373105,-1.00967087746636452,-4.02652883955745633,69.68823194645617036,0.00000000000000000,0.02262241127591511,0.25270638790256744,0.00000000000000000,-0.67708828308706570,-0.79207060755764080
224,-1.01156055870098793,-4.39285720071819341,79.51736661396626005,-1.01118390406733449,-4.41043976442583041,79.85515423731284557,0.00000000000000000,0.10785455480332891,2.09928029629961044,0.00000000000000000,-1.06099920795543246,9.37485168329893348
225,-1.00831298211728737,-4.56263007607025273,71.39322236388306919,-1.00143730445555423,-4.56053041824454475,71.55211384551066089,0.00000000000000000,0.04714598799842513,0.41070832498635451,0.00000000000000000,-1.21108986177414701,1.07181129149681076
226,-1.01171559631223773,-3.00312855060843953,64.40008626961333960,-1.00731882684793606,-3.00466739605466948,64.40116995341939798,0.00000000000000000,0.02736651398065861,0.15887836767801219,0.00000000000000000,0.34477316041572381,-6.07913260059448479
227,-1.01023921340038658,-4.04941205858173436,70.55370719485135567,-1.00925905549081163,-4.04845983458586023,70.57849320491061462,0.00000000000000000,0.04144655962803027,0.23650555361195219,0.00000000000000000,-0.69901927811546227,0.09819065089673723
228,-1.01058576819918922,-3.99499090839040738,70.52537346637447513,-1.01966316858029371,-3.99565390905811668,70.44936815206024505,0.00000000000000000,0.03868567019839932,0.20174513744948525,0.00000000000000000,-0.64621335258771717,-0.03093440195354454
229,-1.00749519323200487,-3.88110017504819416,64.94620483841052305,-1.00847203354977322,-3.88017377185980905,64.96465106898092756,0.00000000000000000,0.02158291292825766,0.29007896041671510,0.00000000000000000,-0.53073321538941698,-5.51565148503289304
230,-1.01079842465942638,-3.11320296046457701,82.11485390031189979,-1.01036360939693637,-3.14128158555624015,82.18164665474749597,0.00000000000000000,0.10196821735200295,0.27025889859853408,0.00000000000000000,0.20815897091415636,11.70134410073369224
231,-1.01021290942661768,-3.31415503501460895,69.60363328329545141,-1.01069456453460282,-3.31396471021059247,69.61083842910683472,0.00000000000000000,0.03983507400035699,0.13912179272943123,0.00000000000000000,0.03547584625980355,-0.86946412490695768
232,-1.01043588325290123,-2.85524215333073172,70.92967973773198764,-0.99498765840746728,-2.86039468583409029,70.92415437550455692,0.00000000000000000,0.02780347721622006,0.14677852650371259,0.00000000000000000,0.48904587063630883,0.44385182149069852
233,-1.00867628311694046,-3.04139993557669008,64.38283365627208354,-1.01082326746893170,-3.04457009615658913,64.35695661506215970,0.00000000000000000,0.02250798552564002,0.11015266752508208,0.00000000000000000,0.30487046031380644,-6.12334593895157298
234,-1.01023615741823525,-3.43204982093315181,63.02939610630339473,-1.01060338189915777,-3.42806446960588529,63.05326353181464327,0.00000000000000000,0.02934562161269441,0.19588167442877180,0.00000000000000000,-0.07862391313548671,-7.42703902219920842
235,-1.01019375406055967,-3.85139735091549751,62.65452728268192573,-1.01784195783261056,-3.85581908217149749,62.57204562850395035,0.00000000000000000,0.01924802137828436,0.33626210759848368,0.00000000000000000,-0.50637852570110309,-7.90825692550991555
236,-1.00948703069840051,-3.33385853181897174,72.10596243768777924,-1.01070609849863891,-3.33906500568873588,72.04749046198303120,0.00000000000000000,0.02799209676159262,0.24191691112747024,0.00000000000000000,0.01037555078165902,1.56718790796920326
237,-1.01228448879193200,-3.00346436500104019,60.60681228424913058,-1.01193955963916249,-3.00186078292627645,60.61487962910488392,0.00000000000000000,0.02099118255220436,0.16146346115171079,0.00000000000000000,0.34757977354412090,-9.86542292490884343
238,-1.01087733320602968,-3.26264090893665593,75.83156805778820342,-1.01076213554352634,-3.25843260678448532,75.82996604689256515,0.00000000000000000,0.05907317465301996,0.23004574692631463,0.00000000000000000,0.09100794968590938,5.34966349287870546
239,-1.01003913516061594,-3.49584625518499159,73.56589119661536813,-1.00936770686151500,-3.50000546061047046,73.54184295210508537,0.00000000000000000,0.02217225171912585,0.22352574904924558,0.00000000000000000,-0.15056490414007731,3.06154039809125589
240,-1.00833025985787872,-4.02221029595020863,68.57086903689760504,-1.00809568928913529,-4.04228619582987747,68.48555648331975476,0.00000000000000000,0.06409981916519120,0.28399207049993269,0.00000000000000000,-0.69284563935948518,-1.99474607069404919
241,-1.01082591300313096,-3.64190818212486356,59.56874303409087190,-1.01652839855120991,-3.63454093532595435,59.64853415436890316,0.00000000000000000,0.02997899568212353,0.34574021775195551,0.00000000000000000,-0.28510037885555733,-10.83176839964493077
242,-1.00969693385931336,-3.55033421514892700,71.36865951207485637,-1.01145965564725882,-3.55194803817380667,71.37736571310034606,0.00000000000000000,0.02343131962117977,0.21480217875501889,0.00000000000000000,-0.20250748170341001,0.89706315908653056
243,-1.01039743077743704,-3.82236616242763194,79.02607424438635064,-1.01058060343534351,-3.81715466962442029,79.00762297453945848,0.00000000000000000,0.06565969620011011,0.25034680866495268,0.00000000000000000,-0.46771411315402500,8.52732042052559081
244,-1.01020054769749157,-3.92543145856662745,70.93240983169337710,-1.01098510879540893,-3.92607397121672408,70.92391443123494810,0.00000000000000000,0.02939166723445168,0.22930575588510491,0.00000000000000000,-0.57663341474632379,0.44361187722114265
245,-1.01031943864467122,-4.01043969979374637,61.22812090791470752,-1.00560169086309603,-4.00786063645617130,61.25660537442158926,0.00000000000000000,0.02188706281821417,0.30934508428402069,0.00000000000000000,-0.65842007998578045,-9.22369717959216828
246,-1.01245691037872731,-2.98069007295899846,69.10029577974967196,-1.02870454649932408,-2.98330254964539687,69.05162917995748728,0.00000000000000000,0.02316464576168483,0.11380284321908471,0.00000000000000000,0.36613800682499742,-1.42867337405640460
247,-1.00926426792745350,-4.22494450876540384,70.50217515057072148,-1.01689396598732018,-4.22551690007467240,70.42200721482971915,0.00000000000000000,0.02355488215586359,0.27314128393356873,0.00000000000000000,-0.87607634360427522,-0.05829533918418966
248,-1.01047712618089780,-3.49352710888268048,69.42400209628644348,-1.01427286651727333,-3.49341842713708051,69.40589779277885896,0.00000000000000000,0.02798789664604569,0.14384004327353866,0.00000000000000000,-0.14397787066668263,-1.07440476123485751
249,-1.00837804803360442,-3.13411717630605668,60.93953703310323533,-1.00274158611820607,-3.12583645357993545,61.02103076095304601,0.00000000000000000,0.02741256337082574,0.24675536031845768,0.00000000000000000,0.22360410289046198,-9.45927179306078436
250,-1.01041645770429422,-3.09784348766236883,61.70958997740218166,-1.00582325266103534,-3.09789300077216767,61.72319958174574595,0.00000000000000000,0.02673170779116898,0.17302679225644937,0.00000000000000000,0.25154755569822879,-8.75710297226804713