rep,id,p0,alpha,tau,eta_p0,eta_alpha,eta_tau
1,1,0.26908464179239200,0.02951434958927220,71.05272511385747691,0.00000000000000000,-0.17343815067812063,0.57242255984365897
1,2,0.26830981835818035,0.04381337966865852,73.13278590825591152,0.00000000000000000,0.22162452011080269,2.65248335424209358
1,3,0.26829405993553129,0.01958499801219352,72.88003998372855108,0.00000000000000000,-0.58355085689032560,2.39973742971473314
1,4,0.26846128591042767,0.04516447638497294,62.00316676050270104,0.00000000000000000,0.25199613464243331,-8.47713579351111690
1,5,0.26465606593529867,0.02814213666557286,75.31837304326344906,0.00000000000000000,-0.22104674387245504,4.83807048924963112
1,6,0.26844547035042826,0.06750772391089969,59.37419927433140288,0.00000000000000000,0.65392729712994857,-11.10610327968241506
1,7,0.26875447325425872,0.03939549058680816,62.58196343774070414,0.00000000000000000,0.11533663513053627,-7.89833911627311380
1,8,0.26724852160659690,0.03866026010516128,57.53334495107930024,0.00000000000000000,0.09649747926343322,-12.94695760293451769
1,9,0.26321289220994226,0.04324854933873010,63.21726176573195488,0.00000000000000000,0.20864896900258723,-7.26304078828186306
1,10,0.26384172130126970,0.01969997663036919,76.00576020669245736,0.00000000000000000,-0.57769727304417762,5.52545765267863942
1,11,0.26915470829632271,0.08392682474445939,64.59656623165501799,0.00000000000000000,0.87163056267931882,-5.88373632235879995
1,12,0.26488980505234361,0.03323791576866392,74.68084394005801130,0.00000000000000000,-0.05462345699748017,4.20054138604419336
1,13,0.26946092369614333,0.05510866050763149,69.66908666731937672,0.00000000000000000,0.45099215929290226,-0.81121588669444122
1,14,0.26482748002261181,0.07486352591538041,67.60241478347609245,0.00000000000000000,0.75735207898067181,-2.87788777053772549
1,15,0.26705307974214326,0.04834979510527537,80.79579081526301820,0.00000000000000000,0.32014726163867335,10.31548826124920026
1,16,0.26338992869524469,0.03258071527228549,57.78424303814220764,0.00000000000000000,-0.07459416524226370,-12.69605951587161030
1,17,0.26791896507451068,0.04523987547147659,71.01022088558868006,0.00000000000000000,0.25366417611250913,0.52991833157486212
1,18,0.26391848539220225,0.03491355527527980,56.82622865000410428,0.00000000000000000,-0.00543956540925095,-13.65407390400971366
1,19,0.26698097521184205,0.03593054658404794,75.39030001290468874,0.00000000000000000,0.02327309096800123,4.90999745889087080
1,20,0.26710652484995662,0.03442996757823059,63.55884243821164148,0.00000000000000000,-0.01938738683382324,-6.92146011580217646
1,21,0.26628268866328603,0.03769587639041807,65.67806536998634215,0.00000000000000000,0.07123598639533579,-4.80223718402747579
1,22,0.26296931956133157,0.01257986496478118,77.64221649633938682,0.00000000000000000,-1.02621720541620087,7.16191394232556888
1,23,0.26362116571517225,0.02467075701027831,67.24485486010085822,0.00000000000000000,-0.35269610698207110,-3.23544769391295972
1,24,0.26403268817497755,0.01036627825793969,77.31299440061916073,0.00000000000000000,-1.21975665977634362,6.83269184660534279
1,25,0.26788129487405177,0.02769092574517073,73.86022812582226038,0.00000000000000000,-0.23720995341496298,3.37992557180844244
1,26,0.26802412895242028,0.07597684159748563,74.30596589262138707,0.00000000000000000,0.77211385551673306,3.82566333860756913
1,27,0.26334123966984224,0.02467570618661894,67.08988863367407873,0.00000000000000000,-0.35249551808322810,-3.39041392033973921
1,28,0.26613303771018970,0.04706598034783268,71.40337689416142553,0.00000000000000000,0.29323573192806007,0.92307434014760759
1,29,0.26535974743665180,0.06231502277224506,77.74777294429877372,0.00000000000000000,0.57388781020414870,7.26747039028495578
1,30,0.26708889373475031,0.02257745716744098,66.85536490099306661,0.00000000000000000,-0.44136278450543864,-3.62493765302075133
1,31,0.26951007962684187,0.05381269949472897,63.64466184583179853,0.00000000000000000,0.42719476688845814,-6.83564070818201941
1,32,0.27147571597284265,0.05108284486598551,71.90566543062304561,0.00000000000000000,0.37513400142407383,1.42536287660922767
1,33,0.26484505569646394,0.02615008246943241,71.96558525297069764,0.00000000000000000,-0.29446237829899768,1.48528269895687970
1,34,0.26462515054407343,0.04007618039301401,66.05671155290377783,0.00000000000000000,0.13246743014807638,-4.42359100111004011
1,35,0.26653075803822257,0.03869060745743150,72.76035738389644791,0.00000000000000000,0.09728214670889512,2.28005482988262997
1,36,0.26493350724045761,0.03491149162191001,67.25482654009880434,0.00000000000000000,-0.00549867466766463,-3.22547601391501360
1,37,0.26416502924318513,0.02471781516262956,62.89100936691410482,0.00000000000000000,-0.35079047721706491,-7.58929318709971312
1,38,0.26544232860423583,0.06768138391394267,66.97589224110707562,0.00000000000000000,0.65649644047821543,-3.50441031290674232
1,39,0.26780667155905635,0.03281859792900092,71.82298612383900149,0.00000000000000000,-0.06731935778057574,1.34268356982518355
1,40,0.26590247418528273,0.06320896083647966,64.52319191418618516,0.00000000000000000,0.58813135397780902,-5.95711063982763278
1,41,0.26573404525694422,0.02704395648276586,68.98807394399088366,0.00000000000000000,-0.26085116241173578,-1.49222861002293428
1,42,0.26575257308996725,0.08627794509390581,69.07660665145527901,0.00000000000000000,0.89925928201147309,-1.40369590255853893
1,43,0.26666521852721797,0.05718689524678919,70.91558400277946816,0.00000000000000000,0.48801004554855076,0.43528144876565023
1,44,0.26935742583355282,0.04017449581825221,59.59448736077973052,0.00000000000000000,0.13491763939406365,-10.88581519323408742
1,45,0.26631097728620323,0.05522681243566184,70.47458490961625444,0.00000000000000000,0.45313384537155565,-0.00571764439756350
1,46,0.26646980998529179,0.04135049923453373,66.93193866261410108,0.00000000000000000,0.16376977227162381,-3.54836389139971686
1,47,0.27050508448545513,0.05444400367569881,70.74893087691023652,0.00000000000000000,0.43885799547147020,0.26862832289641858
1,48,0.26575804529574348,0.02526557346048585,74.08207344275290041,0.00000000000000000,-0.32887198620294544,3.60177088873908247
1,49,0.26636879610317737,0.05657096856661128,74.77486840573293136,0.00000000000000000,0.47718120825608068,4.29456585171911343
1,50,0.26834429200744936,0.06317243567541447,71.13625834241761936,0.00000000000000000,0.58755333912609498,0.65595578840380142
1,51,0.26795508769241355,0.03813170902240571,67.75229764799659904,0.00000000000000000,0.08273147129234593,-2.72800490601721890
1,52,0.26560204094541784,0.05156301971542965,65.93637780054805830,0.00000000000000000,0.38449002086190731,-4.54392475346575964
1,53,0.26776318363644908,0.05105762841179469,66.11414094570237410,0.00000000000000000,0.37464024113701200,-4.36616160831144384
1,54,0.26627638333509634,0.03510810254818073,73.35976419909556512,0.00000000000000000,0.00011722314871454,2.87946164508174718
1,55,0.26830903546308604,0.06744792989924032,63.29965266198659180,0.00000000000000000,0.65304116877765095,-7.18064989202722614
1,56,0.26514591399620896,0.05986102766465910,71.71574382830250727,0.00000000000000000,0.53371094756797088,1.23544127428868933
1,57,0.26820189853780524,0.03782660255385720,70.36141452485823322,0.00000000000000000,0.07469790384899699,-0.11888802915558472
1,58,0.26723003909182041,0.02118657077482294,61.22200127695564476,0.00000000000000000,-0.50494719556832424,-9.25830127705817318
1,59,0.26984459319026033,0.04248426916529925,77.56411068959519639,0.00000000000000000,0.19081914761384011,7.08380813558137845
1,60,0.26301496797161844,0.06722100764554052,71.95104486788196141,0.00000000000000000,0.64967108993678302,1.47074231386814347
1,61,0.26536706608041588,0.06043462958614144,63.56467905717683209,0.00000000000000000,0.54324755565276561,-6.91562349683698585
1,62,0.26926438665063945,0.07816597544008771,81.54837981671015257,0.00000000000000000,0.80051973368343132,11.06807726269633463
1,63,0.26566837886709871,0.01841387165741768,64.12492958690285150,0.00000000000000000,-0.64521044750758305,-6.35537296711096644
1,64,0.26490462680727406,0.03729005154245581,71.62686076761472975,0.00000000000000000,0.06041185388387404,1.14655821360091181
1,65,0.26869056088538196,0.03689469230853780,79.02445563711820853,0.00000000000000000,0.04975297831176873,8.54415308310439059
1,66,0.26785960334674036,0.06253749481280649,70.94596222270988051,0.00000000000000000,0.57745157135724989,0.46565966869606257
1,67,0.26971988604424629,0.03993417188031922,84.49279384494309397,0.00000000000000000,0.12891767295346357,14.01249129092927603
1,68,0.26751697037527628,0.02286971434126225,74.75505088145831678,0.00000000000000000,-0.42850120509890433,4.27474832744449884
1,69,0.26622681297935802,0.02808634704380638,75.71088116861562867,0.00000000000000000,-0.22303113457245072,5.23057861460181073
1,70,0.26650162595332622,0.02084629724871369,75.08340061449551683,0.00000000000000000,-0.52113838002765123,4.60309806048169889
1,71,0.26535571901672844,0.01337616279189659,75.73336063812715224,0.00000000000000000,-0.96484049579664033,5.25305808411333430
1,72,0.26718873114396807,0.01640458771800750,67.31812852687221493,0.00000000000000000,-0.76075368789832387,-3.16217402714160301
1,73,0.26401135348812232,0.03849598472888057,69.49323124168586219,0.00000000000000000,0.09223922058678102,-0.98707131232795575
1,74,0.26572424823656465,0.04406406004990707,75.50331374068504431,0.00000000000000000,0.22732976282195239,5.02301118667122637
1,75,0.26893527966750314,0.01844161077637614,70.63074646691956104,0.00000000000000000,-0.64370515590022803,0.15044391290574310
1,76,0.27084182309650573,0.03708217165771155,73.65266911844067010,0.00000000000000000,0.05482158329164388,3.17236656442685216
1,77,0.26719883576117343,0.04631107240228300,62.16151237345329150,0.00000000000000000,0.27706635474762997,-8.31879018056052644
1,78,0.27064038339503710,0.05795330727700519,75.09286404209645127,0.00000000000000000,0.50132291686217512,4.61256148808263333
1,79,0.26683587661540253,0.02235577959466721,66.75394662536146484,0.00000000000000000,-0.45122984004234956,-3.72635592865235310
1,80,0.26649055082104561,0.02453850294776870,96.70788441690758930,0.00000000000000000,-0.35807128966323276,26.22758186289377136
1,81,0.26384325741433606,0.02265613353825332,62.75845127164752313,0.00000000000000000,-0.43788411085054779,-7.72185128236629481
1,82,0.26661783343494500,0.02653605790747473,70.97921595502772618,0.00000000000000000,-0.27981023864617471,0.49891340101390824
1,83,0.26794715925329804,0.03355619506229982,69.68485864881218106,0.00000000000000000,-0.04509322450668707,-0.79544390520163688
1,84,0.26734467315117033,0.02408119275458022,63.99143778949991201,0.00000000000000000,-0.37688357030032194,-6.48886476451390593
1,85,0.26790882717213443,0.01485092385227056,69.83004404923130437,0.00000000000000000,-0.86025264692402414,-0.65025850478251357
1,86,0.26712123846813518,0.04677225987013019,74.46199482548242088,0.00000000000000000,0.28697556685562065,3.98169227146860294
1,87,0.26714386501336107,0.06287468082668783,62.76363988151539530,0.00000000000000000,0.58282882958017357,-7.71666267249842264
1,88,0.26737476918719699,0.03353168825809141,69.75742485172492025,0.00000000000000000,-0.04582381262738933,-0.72287770228889769
1,89,0.26768888739411523,0.03352483670304052,57.80034994283590066,0.00000000000000000,-0.04602816425696465,-12.67995261117791728
1,90,0.26411578965626964,0.04846195269892212,77.83150591226596759,0.00000000000000000,0.32246428713130459,7.35120335825214966
1,91,0.26781661177624544,0.03409484459108469,78.15490726455617221,0.00000000000000000,-0.02916853466405511,7.67460471054235427
1,92,0.26871098049893494,0.02221928545112583,61.99431519294522985,0.00000000000000000,-0.45735409673246297,-8.48598736106858809
1,93,0.26497497204530984,0.03178611289410554,61.21417135025475886,0.00000000000000000,-0.09928522955067720,-9.26613120375905908
1,94,0.26671307329756672,0.03464754489299916,78.75408528113288753,0.00000000000000000,-0.01308785384502320,8.27378272711906959
1,95,0.26460092929851964,0.03197115018330157,63.77542922374454548,0.00000000000000000,-0.09348078313057551,-6.70487333026927246
1,96,0.26571613627022245,0.04157261858772758,65.80429517853183086,0.00000000000000000,0.16912702101635269,-4.67600737548198708
1,97,0.26443666888828832,0.03525075618971597,71.36817956455310252,0.00000000000000000,0.00417225870696569,0.88787701053928458
1,98,0.26638567153291959,0.05159506562082266,62.30485728916880817,0.00000000000000000,0.38511131789973785,-8.17544526484500977
1,99,0.26652194118794886,0.03190704806116960,76.40137388536760454,0.00000000000000000,-0.09548779476869607,5.92107133135378660
1,100,0.26800024845059262,0.04990159632689658,67.53212592161617067,0.00000000000000000,0.35173827025301563,-2.94817663239764727
1,101,0.26753455707236168,0.06759447345634309,66.96888254919788608,0.00000000000000000,0.65521150359077707,-3.51142000481593186
1,102,0.26495797385859549,0.03049701280827342,76.25239335033943178,0.00000000000000000,-0.14068598440722679,5.77209079632561384
1,103,0.26593560349164641,0.04130694027347157,80.70275559467933135,0.00000000000000000,0.16271580869971336,10.22245304066551341
1,104,0.26771819372997957,0.05484804967807356,65.77082548226269409,0.00000000000000000,0.44625190620400268,-4.70947707175112384
1,105,0.26759071213686558,0.03448871035175568,81.26164823072652155,0.00000000000000000,-0.01768268820886432,10.78134567671270361
1,106,0.26539018014422650,0.11234127001068783,72.91350061617302458,0.00000000000000000,1.16322656959084636,2.43319806215920664
1,107,0.26779489650795379,0.01904402866671948,58.49350095574425978,0.00000000000000000,-0.61156112589182410,-11.98680159826955816
1,108,0.26853598716045357,0.08421725579970991,67.99323358442913445,0.00000000000000000,0.87508511597840277,-2.48706896958468349
1,109,0.26579245694615128,0.05203184742186932,66.73099110302648285,0.00000000000000000,0.39354125901903192,-3.74931145098733509
1,110,0.26810398711149835,0.01763904763351846,62.75214605100511278,0.00000000000000000,-0.68819966242012187,-7.72815650300870516
1,111,0.26781702041664518,0.04225361461931072,55.97803579150916420,0.00000000000000000,0.18537518075176251,-14.50226676250465374
1,112,0.26604229611642277,0.02126674043209856,67.70201106194264185,0.00000000000000000,-0.50117035224114570,-2.77829149207117609
1,113,0.26766270902652117,0.04836968171794376,68.44917675618371788,0.00000000000000000,0.32055848414735122,-2.03112579783010005
1,114,0.26803116168270125,0.01556706292671823,65.73701412628298613,0.00000000000000000,-0.81315739115115848,-4.74328842773083181
1,115,0.26576057505008382,0.03112852650861172,69.47703373054540066,0.00000000000000000,-0.12019007266349657,-1.00326882346841728
1,116,0.26785324766697122,0.04287818075403029,62.44975594046782419,0.00000000000000000,0.20004836690558925,-8.03054661354599375
1,117,0.26611991341148150,0.04248326024237475,80.11040058452093149,0.00000000000000000,0.19079539917884203,9.63009803050711355
1,118,0.26531175265692442,0.01254817394612596,84.74572465957527356,0.00000000000000000,-1.02873956982115500,14.26542210556145562
1,119,0.27051760696501032,0.10833345527734947,63.95292215775768341,0.00000000000000000,1.12689929678632517,-6.52738039625613453
1,120,0.27148420882411550,0.04850748796172052,84.88386579154017397,0.00000000000000000,0.32340345447794805,14.40356323752635603
1,121,0.26650354547626087,0.03627532277392320,66.96746218427271913,0.00000000000000000,0.03282297419061786,-3.51284036974109881
1,122,0.26824131011635099,0.02802160340902035,83.37310187328576205,0.00000000000000000,-0.22533895950632132,12.89279931927194411
1,123,0.26858334692218211,0.03063424473652191,85.75743336828065821,0.00000000000000000,-0.13619623025245930,15.27713081426684028
1,124,0.26426643558764856,0.03416030860905675,79.46335283371679736,0.00000000000000000,-0.02725031940920752,8.98305027970297942
1,125,0.26687024693792361,0.04001344154688680,74.18450975688644178,0.00000000000000000,0.13090071382601609,3.70420720287262384
1,126,0.26949108263097454,0.01700122765339895,71.29028740720951873,0.00000000000000000,-0.72502916615707536,0.80998485319570079
1,127,0.26624227359823144,0.02202954476985107,78.92365505911492107,0.00000000000000000,-0.46593022601217182,8.44335250510110313
1,128,0.26583205472517446,0.00886957756725607,81.20348512595825241,0.00000000000000000,-1.37568755221092998,10.72318257194443447
1,129,0.26687044849296676,0.05297881020470170,83.21457772368370343,0.00000000000000000,0.41157730363761136,12.73427516966988549
1,130,0.26365822057791777,0.01865984088083466,81.94223753535781896,0.00000000000000000,-0.63194105441536053,11.46193498134400102
1,131,0.26443110514897505,0.05251306299133862,61.61120112822543149,0.00000000000000000,0.40274723501819309,-8.86910142578838645
1,132,0.26682423333595323,0.02064220818209007,67.66356143305833371,0.00000000000000000,-0.53097680205454711,-2.81674112095548423
1,133,0.26995750310916239,0.04544379269031521,70.51867308401327250,0.00000000000000000,0.25816151431409207,0.03837052999945456
1,134,0.26638173888168065,0.04286132233128652,76.32022443837719550,0.00000000000000000,0.19965511939762903,5.83992188436337756
1,135,0.26653674014386086,0.01680266054469337,74.46738543564262613,0.00000000000000000,-0.73677748288550271,3.98708288162880820
1,136,0.26684926018714195,0.12268289277643143,68.95063291744052947,0.00000000000000000,1.25128819630984234,-1.52966963657328847
1,137,0.26675045092847016,0.03715289961479681,74.53888654229943711,0.00000000000000000,0.05672709714847368,4.05858398828561917
1,138,0.26566969084326048,0.14861621055061391,66.15851910084325027,0.00000000000000000,1.44305249231892918,-4.32178345317056767
1,139,0.26986042302790497,0.02395425431408756,54.90008620190339883,0.00000000000000000,-0.38216878127366094,-15.58021635211041911
1,140,0.26923034398196055,0.01765555031515444,77.92870388551776273,0.00000000000000000,-0.68726452311848751,7.44840133150394479
1,141,0.26437696521878318,0.02533517243195207,69.19452250702303786,0.00000000000000000,-0.32612107753037378,-1.28578004699078008
1,142,0.26703439416100921,0.03870497330504268,57.58606306403486030,0.00000000000000000,0.09765337844162802,-12.89423948997895764
1,143,0.26653339799167847,0.03975433633664088,74.54050431256374054,0.00000000000000000,0.12440420286865272,4.06020175854992260
1,144,0.26334209960127120,0.02279326905179026,63.63702975906653592,0.00000000000000000,-0.43184944716321372,-6.84327279494728202
1,145,0.26839457904632508,0.03231895625678467,87.09328028676905831,0.00000000000000000,-0.08266078341543803,16.61297773275524037
1,146,0.26819187718686588,0.03960787824455472,66.82761810667844316,0.00000000000000000,0.12071332153121173,-3.65268444733537478
1,147,0.26944425602586064,0.05850735062127674,57.94513089249561233,0.00000000000000000,0.51083767547831904,-12.53517166151820561
1,148,0.26882177526027717,0.03256997106862135,67.75436761256469254,0.00000000000000000,-0.07492399150703477,-2.72593494144912540
1,149,0.26960116632658782,0.03608982255083336,71.91908071282945514,0.00000000000000000,0.02769617927947898,1.43877815881563720
1,150,0.26840117030374666,0.03503025283438097,71.88739920429691210,0.00000000000000000,-0.00210266767549605,1.40709665028309416
1,151,0.26579359596131930,0.01215062222555020,80.76250214304030806,0.00000000000000000,-1.06093434205703163,10.28219958902649012
1,152,0.26960033850470083,0.02567999484755843,69.58538217406386650,0.00000000000000000,-0.31260244433024864,-0.89492037994995144
1,153,0.26794723561497513,0.03633618768103685,74.35032017014181349,0.00000000000000000,0.03449942799215266,3.87001761612799555
1,154,0.26679473051286950,0.07825854124012406,80.92064535054879570,0.00000000000000000,0.80170325418016386,10.44034279653497777
1,155,0.26648595418907473,0.02299977630166996,73.80325462830943195,0.00000000000000000,-0.42283023264423880,3.32295207429561401
1,156,0.26617230355550009,0.03564936617808867,83.14061789709018058,0.00000000000000000,0.01541664517476971,12.66031534307636264
1,157,0.26817564104466635,0.06733305855956369,65.09992386142279486,0.00000000000000000,0.65133660541446847,-5.38037869259102308
1,158,0.26800719634036185,0.03126979346092985,60.43285337510728539,0.00000000000000000,-0.11566215608683450,-10.04744917890653255
1,159,0.26598905999437794,0.02981255656210664,77.09792602877513445,0.00000000000000000,-0.16338505660354219,6.61762347476131652
1,160,0.26788014866575066,0.03029327091593073,73.37145743123379305,0.00000000000000000,-0.14738911664275678,2.89115487721997511
1,161,0.26650157021521259,0.05491459474494195,75.15533259852237791,0.00000000000000000,0.44746443302259742,4.67503004450855997
1,162,0.27029875152284960,0.02652625471962912,87.72586334372253702,0.00000000000000000,-0.28017973584566702,17.24556078970871908
1,163,0.26537218229855714,0.02160141752458589,76.94186392070857039,0.00000000000000000,-0.48555578383668685,6.46156136669475245
1,164,0.26981269702780125,0.01339397493814431,76.75190652533491686,0.00000000000000000,-0.96350974815118873,6.27160397132109892
1,165,0.26386301946007173,0.04938567411890381,67.85782877255425660,0.00000000000000000,0.34134566203166239,-2.62247378145956134
1,166,0.26820458117739987,0.02307690854400371,74.78417490618683416,0.00000000000000000,-0.41948223507711413,4.30387235217301622
1,167,0.26475896283049061,0.00748930461931935,80.67515988435627605,0.00000000000000000,-1.54483877050499485,10.19485733034245811
1,168,0.26898801024857888,0.09777705240452070,86.56281667354400611,0.00000000000000000,1.02437518900664459,16.08251411953018817
1,169,0.26911808543109761,0.06871312972592501,64.05223325606515061,0.00000000000000000,0.67162557528176015,-6.42806929794866733
1,170,0.26539918210091845,0.03688706929811234,70.66218657858976826,0.00000000000000000,0.04954634159595761,0.18188402457595032
1,171,0.26486239019579427,0.01359687408121037,69.44911550484782481,0.00000000000000000,-0.94847480315842381,-1.03118704916599313
1,172,0.26831915907955006,0.02764907088734540,69.75724129323889144,0.00000000000000000,-0.23872259773563087,-0.72306126077492650
1,173,0.26416449136349368,0.06448865743696165,65.67823263782695165,0.00000000000000000,0.60817463213539558,-4.80206991618686629
1,174,0.26652975916619620,0.01398192505744457,69.52021131436077894,0.00000000000000000,-0.92054929436732591,-0.96009123965303900
1,175,0.26618093631388712,0.02130152557893292,68.10662017398819046,0.00000000000000000,-0.49953602893711579,-2.37368238002562748
1,176,0.26558544436078996,0.03538191468247683,64.01839715458027058,0.00000000000000000,0.00788608240615130,-6.46190539943354736
1,177,0.27010644326312239,0.06336284371526611,78.63055027587381574,0.00000000000000000,0.59056290585699855,8.15024772185999780
1,178,0.26258231255995124,0.03812116424398424,80.87717480995770813,0.00000000000000000,0.08245489736045375,10.39687225594389020
1,179,0.26743738369787029,0.04524746441532433,66.42848250352516004,0.00000000000000000,0.25383191104371683,-4.05182005048865790
1,180,0.26786829185662969,0.03208136034982095,61.24090408176266465,0.00000000000000000,-0.09003953549288468,-9.23939847225115329
1,181,0.26638614880534101,0.07791925516828083,71.65006034033862647,0.00000000000000000,0.79735837784821761,1.16975778632480854
1,182,0.27168659643769166,0.01292160208301173,65.03970890797012316,0.00000000000000000,-0.99941423161157283,-5.44059364604369478
1,183,0.26576429071538993,0.02477623946848792,70.45265388418437169,0.00000000000000000,-0.34842961454657662,-0.02764866982944625
1,184,0.27018000335645814,0.03476403450212521,69.10630208547388520,0.00000000000000000,-0.00973136146995035,-1.37400046853993274
1,185,0.26389299641349212,0.06206872990295803,73.48481404091697300,0.00000000000000000,0.56992759537093773,3.00451148690315506
1,186,0.26652725483433265,0.03791837812058788,69.50033754413591680,0.00000000000000000,0.07712118287882808,-0.97996500987790114
1,187,0.26682085709267805,0.10861648003284539,62.53263481282449732,0.00000000000000000,1.12950842331729007,-7.94766774118932062
1,188,0.26805983803783734,0.03794501970932915,74.33349069884749838,0.00000000000000000,0.07782353976234635,3.85318814483368044
1,189,0.26759155328970963,0.01779408773630678,70.33204327895646202,0.00000000000000000,-0.67944847003329967,-0.14825927505735592
1,190,0.27225360452702402,0.08505926289316609,71.50810134410643570,0.00000000000000000,0.88503350154807858,1.02779879009261776
1,191,0.26901223601233970,0.02866277912649191,70.19751886744076330,0.00000000000000000,-0.20271533598902503,-0.28278368657305464
1,192,0.26541724759410373,0.04794711797017116,58.57059615701734145,0.00000000000000000,0.31178397211396547,-11.90970639699647649
1,193,0.26767631569458877,0.02045920937813804,83.87715962851484619,0.00000000000000000,-0.53988160505463823,13.39685707450102825
1,194,0.26722976236044188,0.04606490324072014,67.38356728788119199,0.00000000000000000,0.27173661955243267,-3.09673526613262595
1,195,0.26726879224296884,0.03511258119446169,66.35592862189095342,0.00000000000000000,0.00024478232496650,-4.12437393212286452
1,196,0.26485054601433899,0.04480236034730350,64.42179819267175844,0.00000000000000000,0.24394610184506149,-6.05850436134205950
1,197,0.26881136492754920,0.04869218741898362,71.76888987242128337,0.00000000000000000,0.32720387209958091,1.28858731840746543
1,198,0.26703436427009780,0.11516187072297551,72.46161342010140061,0.00000000000000000,1.18802398765548123,1.98131086608758267
1,199,0.26623994983399174,0.04779089309688061,64.59145355614468542,0.00000000000000000,0.30852037784847930,-5.88884899786913252
1,200,0.26578205070986000,0.02223507088544770,65.09569720595509068,0.00000000000000000,-0.45664391054212361,-5.38460534805872726
1,201,0.26765167268955625,0.01973004932634473,79.84819547636624293,0.00000000000000000,-0.57617190241218585,9.36789292235242499
1,202,0.26645617701038377,0.01325465579306855,70.37607331590690762,0.00000000000000000,-0.97396585119027135,-0.10422923810691032
1,203,0.26386609273776135,0.02208250030054161,64.47847811232571758,0.00000000000000000,-0.46352926926464599,-6.00182444168810036
1,204,0.26967923711023217,0.02492380244991863,64.40221597402080533,0.00000000000000000,-0.34249145395977187,-6.07808657999301261
1,205,0.26792048968720417,0.09163998965385081,70.15586547755246727,0.00000000000000000,0.95955302217362171,-0.32443707646135067
1,206,0.26335700696839826,0.04876776999928139,78.01693585286571420,0.00000000000000000,0.32875492131923423,7.53663329885189626
1,207,0.26777005234936707,0.02557874372499091,74.78392445208777417,0.00000000000000000,-0.31655303917804778,4.30362189807395623
1,208,0.26621130823202022,0.03585023632203600,80.84337587355577170,0.00000000000000000,0.02103543647969275,10.36307331954195377
1,209,0.26684345329291104,0.04887921067973763,74.96660613196989686,0.00000000000000000,0.33103744409800928,4.48630357795607893
1,210,0.26695522529890964,0.01701523228115647,64.12607657921935811,0.00000000000000000,-0.72420576310010132,-6.35422597479445983
1,211,0.26940555565102825,0.01912436430229762,69.59728444147546611,0.00000000000000000,-0.60735158244712162,-0.88301811253835183
1,212,0.26757886869968261,0.05134884703795149,62.42416752226774435,0.00000000000000000,0.38032776060104556,-8.05613503174607359
1,213,0.26645360988741801,0.03207194467244477,77.34107755637124626,0.00000000000000000,-0.09033307227763876,6.86077500235742832
1,214,0.26509580263585336,0.06583578136629852,78.48629516429717512,0.00000000000000000,0.62884875778083282,8.00599261028335718
1,215,0.26457218224989199,0.07235506843252859,62.34657946388047378,0.00000000000000000,0.72327078246629073,-8.13372309013334416
1,216,0.27141336608575289,0.04742044224129949,72.09791248101011263,0.00000000000000000,0.30073868413220994,1.61760992699629469
1,217,0.26636345392948113,0.06183743670212399,66.23096053145620488,0.00000000000000000,0.56619423042521255,-4.24934202255761306
1,218,0.26487168773770803,0.03581623368347947,71.02433167111705359,0.00000000000000000,0.02008652296112956,0.54402911710323565
1,219,0.27017282513311441,0.02349502681912508,77.80262374867155017,0.00000000000000000,-0.40152594847537992,7.32232119465773224
1,220,0.26815316715929882,0.04592775806584927,73.63161706275820961,0.00000000000000000,0.26875496265659171,3.15131450874439167
1,221,0.26657248418692675,0.01852455655487118,67.75269058785623599,0.00000000000000000,-0.63921748927487654,-2.72761196615758195
1,222,0.26817454732083573,0.07367727799453533,78.40162880602555617,0.00000000000000000,0.74137972513907968,7.92132625201173823
1,223,0.26720414335256215,0.01782036382061275,69.98391089060892511,0.00000000000000000,-0.67797288425702140,-0.49639166340489282
1,224,0.26610814095138485,0.01001166870093662,84.67865046741594881,0.00000000000000000,-1.25456343968780670,14.19834791340213087
1,225,0.26865892402876268,0.01085780046311449,70.99485893061797981,0.00000000000000000,-1.17343096414387782,0.51455637660416187
1,226,0.26904849488134946,0.05013376679232309,64.46882128727527572,0.00000000000000000,0.35638004642197707,-6.01148126673854222
1,227,0.26974118872833214,0.01701417603238527,70.68049206685982710,0.00000000000000000,-0.72426784168588254,0.20018951284600917
1,228,0.26414698984877016,0.01921450059059663,70.22493652847319368,0.00000000000000000,-0.60264948943396357,-0.25536602554062426
1,229,0.26819252388693965,0.02144772138412719,65.48270641214969601,0.00000000000000000,-0.49269631195865360,-4.99759614186412193
1,230,0.26715336165700126,0.04780997730920005,82.08614208499641052,0.00000000000000000,0.30891962552251995,11.60583953098259258
1,231,0.26657072070387705,0.03784353732818307,69.54376551763891712,0.00000000000000000,0.07514549849161289,-0.93653703637490082
1,232,0.26992804813131932,0.06046925596005363,71.14815377520802997,0.00000000000000000,0.54382034741545349,0.66785122119421203
1,233,0.26665542850992796,0.04752029616255888,64.44264076925892937,0.00000000000000000,0.30284218490030801,-6.03766178475488857
1,234,0.26683725631490074,0.03299564158006280,62.98359165974871132,0.00000000000000000,-0.06193924309914145,-7.49671089426510662
1,235,0.26544797408836501,0.02165005951659997,63.02670087312910141,0.00000000000000000,-0.48330651903237998,-7.45360168088471653
1,236,0.26683188798442747,0.03486926720496307,71.98350918058537218,0.00000000000000000,-0.00670887710198187,1.50320662657155424
1,237,0.26655181229535185,0.05058762077008665,60.86548272942995652,0.00000000000000000,0.36539217503775934,-9.61481982458386142
1,238,0.26497305624537376,0.03656084635967310,76.06430295347821868,0.00000000000000000,0.04066317368790306,5.58400039946440074
1,239,0.27027144688038751,0.03034755370611851,73.67005697925951324,0.00000000000000000,-0.14559881101861638,3.18975442524569530
1,240,0.26872746612015280,0.01844421298977738,68.68688886028189700,0.00000000000000000,-0.64356406031716284,-1.79341369373192094
1,241,0.26570417779984895,0.02658359962800129,59.63798779110808823,0.00000000000000000,-0.27802025221078974,-10.84231476290572971
1,242,0.26564466973242207,0.02838547180625256,71.25645867838157699,0.00000000000000000,-0.21243726435191945,0.77615612436775905
1,243,0.26687291163399346,0.02136267315155820,79.11684130676978555,0.00000000000000000,-0.49666956870518808,8.63653875275596761
1,244,0.26609163939383462,0.02022221120285100,71.31958977018955181,0.00000000000000000,-0.55153315768527511,0.83928721617573387
1,245,0.26784148863973928,0.01862842572827076,61.91656205394698276,0.00000000000000000,-0.63362604344024742,-8.56374050006683518
1,246,0.26287324013808416,0.04951622090197434,68.83704647205196636,0.00000000000000000,0.34398558837200799,-1.64325608196185158
1,247,0.26563285970350592,0.01425658359383593,70.32801634128909996,0.00000000000000000,-0.90109591590428595,-0.15228621272471798
1,248,0.26421259722701823,0.03201426872234571,69.66679247244773876,0.00000000000000000,-0.09213302152149216,-0.81351008156607918
1,249,0.26840273440097112,0.04418766245714699,60.75323227531843884,0.00000000000000000,0.23013089767910078,-9.72707027869537910
1,250,0.26779804206870128,0.04542034914721948,61.76319048116376109,0.00000000000000000,0.25764550121713592,-8.71711207285005685