rep,id,p0,alpha,tau,eta_p0,eta_alpha,eta_tau
1,1,0.31745658992723991,0.02901012365338019,72.37916774524701680,0.00000000000000000,-0.29518536920213689,0.35139048254255556
1,2,0.31733198442804134,0.04667472833513671,73.89091513137815070,0.00000000000000000,0.18037263929404856,1.86313786867368947
1,3,0.31734927695826814,0.02345300137774356,75.43870159716033186,0.00000000000000000,-0.50783175254190649,3.41092433445587062
1,4,0.31716232875022904,0.04593545756285899,62.75164050593274112,0.00000000000000000,0.16440708500173118,-9.27613675677172012
1,5,0.31723667020426699,0.03270087469782386,77.24637615984306649,0.00000000000000000,-0.17542840305183960,5.21859889713860525
1,6,0.31672409400254248,0.07592065314266516,60.13134384423342738,0.00000000000000000,0.66685852753671249,-11.89643341847103386
1,7,0.31800489177150271,0.04122268158182274,63.36103919544588337,0.00000000000000000,0.05615839893725960,-8.66673806725857787
1,8,0.31740784995684307,0.04150625840273302,58.91778607405306900,0.00000000000000000,0.06301399098565197,-13.10999118865139224
1,9,0.31710858447920509,0.04739781042699056,64.12752099310847598,0.00000000000000000,0.19574580434445110,-7.90025626959598526
1,10,0.31732849703394655,0.01977006489716507,78.47159996076103994,0.00000000000000000,-0.67866130998083385,6.44382269805657870
1,11,0.31697889787685812,0.08932799202181800,65.06234070952608306,0.00000000000000000,0.82948466948844102,-6.96543655317837818
1,12,0.31695873772305844,0.03837265116643006,76.20958849313024075,0.00000000000000000,-0.01548523312155226,4.18181123042577951
1,13,0.31716918669463889,0.06049159491509715,70.57910017503138533,0.00000000000000000,0.43967419859613521,-1.44867708767307590
1,14,0.31736263733237430,0.08427331234714106,68.26755690629902062,0.00000000000000000,0.77123500560774882,-3.76022035640544061
1,15,0.31707898565955517,0.05603370751337239,81.58764281298732612,0.00000000000000000,0.36312319976946750,9.55986555028286489
1,16,0.31715892808000395,0.03692953119474862,59.35634926550057600,0.00000000000000000,-0.05381869541100937,-12.67142799720388524
1,17,0.31745453435084225,0.05110072076989251,71.78938072106305412,0.00000000000000000,0.27096837242992189,-0.23839654164140711
1,18,0.31653746512186687,0.03904755553713507,58.27524218319424421,0.00000000000000000,0.00195004627932871,-13.75253507951021703
1,19,0.31717694344036723,0.04056133875733702,76.56423161666255339,0.00000000000000000,0.03998513580969165,4.53645435395809216
1,20,0.31708957528595627,0.03811217614622204,64.93322971375017971,0.00000000000000000,-0.02229641479927658,-7.09454754895428152
1,21,0.31820104403253069,0.04163820283392607,67.07622166186334312,0.00000000000000000,0.06618785344122191,-4.95155560084111812
1,22,0.31667198857164158,0.01606690573110481,80.27066078072566313,0.00000000000000000,-0.88606861795912906,8.24288351802120189
1,23,0.31828077423438000,0.02937821511302815,69.88942331761465709,0.00000000000000000,-0.28257681263490575,-2.13835394508980414
1,24,0.31718000951369874,0.01235450115867237,81.54335283473731977,0.00000000000000000,-1.14880976680467750,9.51557557203285853
1,25,0.31701025598446314,0.03155914264981661,75.57410889504396323,0.00000000000000000,-0.21096689987944872,3.54633163233950199
1,26,0.31730469384552196,0.07745188054369213,75.16476448199320259,0.00000000000000000,0.68682661754678032,3.13698721928874136
1,27,0.31825815003956437,0.03115285045615775,69.64706203090318581,0.00000000000000000,-0.22392448129851195,-2.38071523180127542
1,28,0.31566757239149751,0.05097756626804546,72.24041236912185582,0.00000000000000000,0.26855542908664720,0.21263510641739458
1,29,0.31791643414176107,0.07514055525820759,78.65353680923466584,0.00000000000000000,0.65653020000105622,6.62575954653020460
1,30,0.31672222658610000,0.02576768833671621,68.86066604296131288,0.00000000000000000,-0.41370891278422484,-3.16711121974314835
1,31,0.31735210993102941,0.06521947194185855,64.48821739575606671,0.00000000000000000,0.51492784399453617,-7.53955986694839453
1,32,0.31811493312409994,0.05781452285395660,72.92537937913208168,0.00000000000000000,0.39440977480056771,0.89760211642762044
1,33,0.31733126589251193,0.03023888696188613,74.01893145412888941,0.00000000000000000,-0.25370148594821007,1.99115419142442818
1,34,0.31746001501132354,0.04526141023627440,67.14779530877821401,0.00000000000000000,0.14962456851041273,-4.87998195392624723
1,35,0.31673294177907108,0.04211164817336802,74.13602542045715893,0.00000000000000000,0.07749415135595017,2.10824815775269769
1,36,0.31713939295325061,0.03799922899068360,68.52761033043229588,0.00000000000000000,-0.02526435996452614,-3.50016693227216535
1,37,0.31753783026554799,0.02759358469646817,64.84493631119460133,0.00000000000000000,-0.34524692259490042,-7.18284095150985991
1,38,0.31741708140832686,0.07024620845978370,66.89292015539200520,0.00000000000000000,0.58917610488836569,-5.13485710731245604
1,39,0.31699329131207760,0.03604857853562685,73.66286567106745053,0.00000000000000000,-0.07796279716975052,1.63508840836298930
1,40,0.31931659956824132,0.07077238844021726,65.38317278583127745,0.00000000000000000,0.59663870108385897,-6.64460447687318378
1,41,0.31704233536698873,0.02809418778056750,70.50028678617000821,0.00000000000000000,-0.32726751537017584,-1.52749047653445302
1,42,0.31585442329575480,0.09679155053985462,69.55153822863672985,0.00000000000000000,0.90972947289508932,-2.47623903406773138
1,43,0.31736323334587757,0.06159969819172410,71.97726148436804294,0.00000000000000000,0.45782674127625311,-0.05051577833641829
1,44,0.31630128651380973,0.04453224361285778,60.84957111893820070,0.00000000000000000,0.13338327259766825,-11.17820614376626054
1,45,0.31667634206773787,0.06243015348746164,71.48251707594837967,0.00000000000000000,0.47121815785737597,-0.54526018675608157
1,46,0.31635379750954834,0.04419758951739621,67.99907656599404504,0.00000000000000000,0.12584002202478572,-4.02870069671041620
1,47,0.31626996378010236,0.05805476993902849,71.41637357640131256,0.00000000000000000,0.39855664449426076,-0.61140368630314867
1,48,0.31646620183948232,0.02769682177617410,76.00910303825820336,0.00000000000000000,-0.34151256047799183,3.98132577555374212
1,49,0.31732105340581462,0.05955143396160634,75.64458495831793527,0.00000000000000000,0.42401014570497564,3.61680769561347404
1,50,0.31587774750242731,0.06954332995738785,71.81362863477590963,0.00000000000000000,0.57911978116296403,-0.21414862792855160
1,51,0.31699531404945108,0.04158166199948669,69.00341620549959032,0.00000000000000000,0.06482902299244842,-3.02436105720487092
1,52,0.31584946622435023,0.05683534730207219,66.80700406808655600,0.00000000000000000,0.37732821406148442,-5.22077319461790523
1,53,0.31788008169676751,0.05238922655815723,66.56918973220973612,0.00000000000000000,0.29587074038702443,-5.45858753049472512
1,54,0.31723517326592793,0.03619010642501316,74.38005470260321772,0.00000000000000000,-0.07404445146504601,2.35227743989875648
1,55,0.31735981944149405,0.07219033401675079,63.82760004554204158,0.00000000000000000,0.61647592928577843,-8.20017721716241965
1,56,0.31728336305184812,0.06334070031333004,71.90425804842848834,0.00000000000000000,0.48569786769821421,-0.12351921427597290
1,57,0.31694175872365160,0.03996828288274976,71.57408377290281010,0.00000000000000000,0.02525598188282885,-0.45369348980165114
1,58,0.31735640150897149,0.02298854886388388,62.82466945770202216,0.00000000000000000,-0.52783401330153179,-9.20310780500243908
1,59,0.31784064167683979,0.04632187918279695,78.47516025475432855,0.00000000000000000,0.17278417225238751,6.44738299204986731
1,60,0.31697000235901041,0.07500675878522031,72.56371459496320142,0.00000000000000000,0.65474799684605589,0.53593733225874018
1,61,0.31629549584806088,0.06704419730437951,64.46560717173866806,0.00000000000000000,0.54252183340329019,-7.56217009096579318
1,62,0.31572383525882586,0.09173567398880715,82.22345007805266448,0.00000000000000000,0.85608110316569164,10.19567281534820324
1,63,0.31782959147346046,0.01969786754480955,66.27648594550802841,0.00000000000000000,-0.68231984633771559,-5.75129131719643283
1,64,0.31821798107039551,0.04003924152309331,73.08208526703424468,0.00000000000000000,0.02702978152169155,1.05430800432978344
1,65,0.31737268710376465,0.03960296858746489,80.06915091756903280,0.00000000000000000,0.01607385001445127,8.04137365486457156
1,66,0.31695673174999112,0.06944450168588888,71.75667371503762126,0.00000000000000000,0.57769766691042213,-0.27110354766683997
1,67,0.31713302299599916,0.04750302739981481,85.37966122759328869,0.00000000000000000,0.19796321397634697,13.35188396488882745
1,68,0.31740791284340647,0.02522893882921218,77.06198550724236895,0.00000000000000000,-0.43483852787840638,5.03420824453790772
1,69,0.31716846246644864,0.03253393732388228,77.65648906080697600,0.00000000000000000,-0.18054645990434892,5.62871179810251476
1,70,0.31695667552811552,0.02149325353632691,77.30413427978437824,0.00000000000000000,-0.59509113288272575,5.27635701707991700
1,71,0.31791243381455714,0.01515612236299972,79.55539482412490315,0.00000000000000000,-0.94442566307425135,7.52761756142044192
1,72,0.31571083546037698,0.01769563969645694,70.43901941528875454,0.00000000000000000,-0.78951196536725021,-1.58875784741570669
1,73,0.31827427305296285,0.04357224071127416,70.69983187622872833,0.00000000000000000,0.11159003688731373,-1.32794538647573290
1,74,0.31736576588162169,0.05061034184396148,76.69551839357988854,0.00000000000000000,0.26132570991159421,4.66774113087542730
1,75,0.31763117796488094,0.01907622763366426,73.08232393178207076,0.00000000000000000,-0.71438729641421705,1.05454666907760952
1,76,0.31805163967152039,0.04026772054387322,74.84729080843857218,0.00000000000000000,0.03271993917107485,2.81951354573411095
1,77,0.31756091477312076,0.05037270536057362,62.96604207467244407,0.00000000000000000,0.25661923830827549,-9.06173518803201716
1,78,0.31634328643870735,0.06825624478575820,75.80946994869873379,0.00000000000000000,0.56043869880552677,3.78169268599427255
1,79,0.31626034793929420,0.02505775049994156,69.32970581852782743,0.00000000000000000,-0.44164704889475370,-2.69807144417663380
1,80,0.31725509345659775,0.05660152319755997,87.49216877448937169,0.00000000000000000,0.37320566669847333,15.46439151178491045
1,81,0.31602673608356013,0.02717139551477432,65.11466272937437338,0.00000000000000000,-0.36066544530709166,-6.91311453333008785
1,82,0.31584434728818261,0.02877106792594670,72.43851673284231651,0.00000000000000000,-0.30345993346356348,0.41073947013785528
1,83,0.31703660171286974,0.03325094617269508,71.86856455666092813,0.00000000000000000,-0.15874700674757403,-0.15921270604353310
1,84,0.31766160492597995,0.02758627311154608,66.06712644189818207,0.00000000000000000,-0.34551193179410200,-5.96065082080627917
1,85,0.31715023111035962,0.01645137087549252,73.71690978996052479,0.00000000000000000,-0.86242142013088063,1.68913252725606355
1,86,0.31794819473049640,0.05113118203037990,75.35625454123953659,0.00000000000000000,0.27156429719615405,3.32847727853507536
1,87,0.31872761646386866,0.07640063933064789,63.65188044966179604,0.00000000000000000,0.67316083457343900,-8.37589681304266520
1,88,0.31743441698773456,0.03922927719593323,71.65223079696123420,0.00000000000000000,0.00659310550684422,-0.37554646574322703
1,89,0.31771234708817098,0.03656145192115091,59.09336631172608634,0.00000000000000000,-0.06383577058942480,-12.93441095097837490
1,90,0.31711199453143657,0.05292335518260481,78.86613763503758889,0.00000000000000000,0.30601450850261136,6.83836037233312766
1,91,0.31825292204411271,0.02582435558506327,83.58790989161641960,0.00000000000000000,-0.41151216821557890,11.56013262891195836
1,92,0.31835584299238257,0.02400283144998270,64.13320827097936672,0.00000000000000000,-0.48465842929441072,-7.89456899172509452
1,93,0.31810622876314004,0.03603946826471513,62.73659265810646701,0.00000000000000000,-0.07821555116613643,-9.29118460459799422
1,94,0.31625437267606593,0.03971375398203044,80.18855778996970685,0.00000000000000000,0.01886734583779148,8.16078052726524561
1,95,0.31727234772025842,0.03407752043378047,65.30656914937674173,0.00000000000000000,-0.13419228767679181,-6.72120811332771950
1,96,0.31687576726999167,0.04554659242333629,67.59838304592285851,0.00000000000000000,0.15590558155490042,-4.42939421678160272
1,97,0.31713722595602678,0.04047416700629759,72.51725596157390896,0.00000000000000000,0.03783368913597851,0.48947869886944773
1,98,0.31729470772668827,0.06060202306421216,63.54370170915239413,0.00000000000000000,0.44149804664970915,-8.48407555355206711
1,99,0.31733237621917876,0.03287926135707825,78.50945648350867145,0.00000000000000000,-0.16998812463963420,6.48167922080421022
1,100,0.31764737652015418,0.05599899305067146,68.57899678243211383,0.00000000000000000,0.36250347956925522,-3.44878048027234740
1,101,0.31650078898522516,0.07417282797186403,67.47064596717358143,0.00000000000000000,0.64356765349947187,-4.55713129553087981
1,102,0.31722033721540821,0.03461110830794035,78.55635300524056674,0.00000000000000000,-0.11865554986542248,6.52857574253610551
1,103,0.31764580175107532,0.04525999893821069,81.88975978478536888,0.00000000000000000,0.14959338697939817,9.86198252208090764
1,104,0.31701663358678556,0.06067747880199493,66.56429435261988203,0.00000000000000000,0.44274237477371514,-5.46348291008457920
1,105,0.31657894936959174,0.03932527156625988,82.73085596596429525,0.00000000000000000,0.00903712484429331,10.70307870325983401
1,106,0.31726732702833726,0.13885333626350962,73.35426907466840873,0.00000000000000000,1.27058801152298528,1.32649181196394750
1,107,0.31621776723402079,0.01938268675262806,60.48329769848138682,0.00000000000000000,-0.69844999758606319,-11.54447956422307442
1,108,0.31721334541370483,0.07113934016595622,68.51383335387561146,0.00000000000000000,0.60181026156286288,-3.51394390882884977
1,109,0.31701730346069396,0.05678097814618752,67.49983159117526554,0.00000000000000000,0.37637114807963323,-4.52794567152919569
1,110,0.31748923964624504,0.02018430896045568,65.41680087601383775,0.00000000000000000,-0.65792471134804176,-6.61097638669062349
1,111,0.31778556821316301,0.04598468755161830,57.20387646498982548,0.00000000000000000,0.16547823199361256,-14.82390079771463576
1,112,0.31647180502780148,0.02205060494743266,69.50597844735227682,0.00000000000000000,-0.56949019299198778,-2.52179881535218442
1,113,0.31702109754945140,0.05030907018137522,69.16550386678201789,0.00000000000000000,0.25535515278079091,-2.86227339592244334
1,114,0.31773633494374098,0.01557350343969785,68.00566750642134650,0.00000000000000000,-0.91725925704820899,-4.02210975628311473
1,115,0.31801423879054436,0.03460676070736194,71.23280176119841656,0.00000000000000000,-0.11878117062335614,-0.79497550150604468
1,116,0.31773967130297687,0.04850048716456237,63.42960193566715787,0.00000000000000000,0.21874361275692245,-8.59817532703730336
1,117,0.31796602199403035,0.04596013694348407,80.85359276178836296,0.00000000000000000,0.16494420283313493,8.82581549908390173
1,118,0.31663508508325605,0.01623101864874482,85.91765042112356809,0.00000000000000000,-0.87590608688548333,13.88987315841910686
1,119,0.31781609562395147,0.11337071333462460,64.46176557173154720,0.00000000000000000,1.06783286833685542,-7.56601169097291404
1,120,0.31763704804243037,0.06302647557224919,84.63976261714822158,0.00000000000000000,0.48072465552475752,12.61198535444376034
1,121,0.31795745863387226,0.03773219367402087,67.89934813927291657,0.00000000000000000,-0.03231655610667916,-4.12842912343154467
1,122,0.31803058069240664,0.03138312162313749,84.77969878027187178,0.00000000000000000,-0.21656000929749686,12.75192151756741055
1,123,0.31622239016440568,0.04210981350515547,86.86588757752691947,0.00000000000000000,0.07745058364348667,14.83811031482245824
1,124,0.31626743212958619,0.04302338400072516,80.97524958655857574,0.00000000000000000,0.09891355208446395,8.94747232385411451
1,125,0.31838762525654696,0.04546282448022509,75.39087806509300549,0.00000000000000000,0.15406471783733844,3.36310080238854425
1,126,0.31669987974030406,0.01853590448156632,73.91324543312880735,0.00000000000000000,-0.74312059578028533,1.88546817042434611
1,127,0.31763475033816341,0.02427702429891038,80.99542744854437615,0.00000000000000000,-0.47329982879123511,8.96765018583991491
1,128,0.31817757483877895,0.01034639714605029,86.79838384143984342,0.00000000000000000,-1.32619187248723858,14.77060657873538219
1,129,0.31687009497367902,0.05645232927300399,83.98129438131655888,0.00000000000000000,0.37056632256460409,11.95351711861209765
1,130,0.31709718742620713,0.01902785802508471,84.99648247232393317,0.00000000000000000,-0.71692611259228300,12.96870520961947193
1,131,0.31786363649388960,0.05740717170772124,62.62952678809314477,0.00000000000000000,0.38733900839784585,-9.39825047461131646
1,132,0.31781146619146861,0.02250705158539123,70.00455479352343957,0.00000000000000000,-0.54900156586139071,-2.02322246918102167
1,133,0.31685728165934307,0.05030918664171859,71.67763070648376811,0.00000000000000000,0.25535746767566270,-0.35014655622069313
1,134,0.31670113933629912,0.05729024296072930,76.09240173427114939,0.00000000000000000,0.38530009953773847,4.06462447156668816
1,135,0.31753243844984863,0.01671110582277661,78.31420738919575797,0.00000000000000000,-0.84675671204293668,6.28643012649129673
1,136,0.31765671400213841,0.15595054228363167,69.33388533401756604,0.00000000000000000,1.38670869057318913,-2.69389192868689520
1,137,0.31839022612953166,0.04204277230426268,75.74114881197839111,0.00000000000000000,0.07585725850841207,3.71337154927392987
1,138,0.31599086614102184,0.12724709959584313,66.33556402285836384,0.00000000000000000,1.18330063244467310,-5.69221323984609739
1,139,0.31724621870286679,0.02781861554703514,57.23859243233188465,0.00000000000000000,-0.33712480917367005,-14.78918483037257658
1,140,0.31835170069369439,0.01642439393501021,82.37389658742345944,0.00000000000000000,-0.86406256501025780,10.34611932471899820
1,141,0.31703568291857542,0.02929792955524010,71.76338289197266818,0.00000000000000000,-0.28531337988367378,-0.26439437073179306
1,142,0.31703682165354652,0.04492793165289689,58.95817569063822106,0.00000000000000000,0.14222945737744164,-13.06960157206624018
1,143,0.31719847376691795,0.04713403599205113,75.59888808163749729,0.00000000000000000,0.19016514281060948,3.57111081893303606
1,144,0.31619405496307557,0.02523730581205718,66.30114351905888270,0.00000000000000000,-0.43450694057758232,-5.72663374364557853
1,145,0.31652852401297077,0.06073931594606039,81.22251117324057645,0.00000000000000000,0.44376096778698448,9.19473391053611522
1,146,0.31569698452050493,0.04349644399602529,67.64262468655627458,0.00000000000000000,0.10984895776912307,-4.38515257614818665
1,147,0.31718074251356787,0.06662229115456468,58.90525602795893434,0.00000000000000000,0.53620899380038800,-13.12252123474552690
1,148,0.31754797099967241,0.03515806811106921,69.13620324786057836,0.00000000000000000,-0.10297610410530700,-2.89157401484388288
1,149,0.31793136871186223,0.04148373397188585,73.43247859061419547,0.00000000000000000,0.06247116815230180,1.40470132790973423
1,150,0.31812350234080283,0.04091561003519670,73.28399178280004378,0.00000000000000000,0.04868142391980923,1.25621452009558254
1,151,0.31774887737435753,0.01517679194143908,83.51186271268505834,0.00000000000000000,-0.94306281468908537,11.48408544998059710
1,152,0.31770261118613591,0.02846844100041442,71.90428828907172942,0.00000000000000000,-0.31403408935692267,-0.12348897363273181
1,153,0.31801683307223944,0.03783327649323468,76.20209404176534917,0.00000000000000000,-0.02964118389546311,4.17431677906088794
1,154,0.31692072302076890,0.06590090413518757,83.01358935220909530,0.00000000000000000,0.52532193145370343,10.98581208950463406
1,155,0.31697717184878177,0.02392987947396616,75.74181632951571430,0.00000000000000000,-0.48770236446680570,3.71403906681125306
1,156,0.31606692431341532,0.04283949092239238,84.50536815427329884,0.00000000000000000,0.09463013251191832,12.47759089156883761
1,157,0.31693289576589712,0.07305982387767677,65.61954743155224890,0.00000000000000000,0.62844838094480471,-6.40822983115221234
1,158,0.31625629026918600,0.03351215085462211,61.56171113643437565,0.00000000000000000,-0.15092214462105158,-10.46606612627008559
1,159,0.31764932231169030,0.03557493093872209,79.17150518358084810,0.00000000000000000,-0.09118902707898835,7.14372792087638686
1,160,0.31635339155644526,0.03297019304437161,74.68760644071953436,0.00000000000000000,-0.16722631754741313,2.65982917801507313
1,161,0.31653820679236733,0.05670464234732847,76.07315643599437749,0.00000000000000000,0.37502585323011983,4.04537917328991625
1,162,0.31871766643935473,0.03130755462046673,89.36586130275260587,0.00000000000000000,-0.21897079966690258,17.33808404004814463
1,163,0.31601334490483213,0.02299245476250986,79.00138966911048044,0.00000000000000000,-0.52766412146241004,6.97361240640601920
1,164,0.31693927288710355,0.01333500250429357,81.29569435472875227,0.00000000000000000,-1.07243788433371723,9.26791709202429104
1,165,0.31694356012963931,0.05661628670095025,68.70849418471573244,0.00000000000000000,0.37346646495074820,-3.31928307798872879
1,166,0.31737964699482157,0.02857132425123212,76.39830242068485688,0.00000000000000000,-0.31042666348703829,4.37052515798039565
1,167,0.31732123540674467,0.00967950313539546,85.39129896922011653,0.00000000000000000,-1.39281965878318381,13.36352170651565530
1,168,0.31799377923332312,0.04293886391610138,92.89317170004591162,0.00000000000000000,0.09694710486122338,20.86539443734145038
1,169,0.31833524914364297,0.07611866704019930,64.80938009187597970,0.00000000000000000,0.66946330121307174,-7.21839717082848153
1,170,0.31802435437348192,0.04043581117669902,72.13211840370715322,0.00000000000000000,0.03688557783170809,0.10434114100269198
1,171,0.31776835785065655,0.01446142466964695,73.16323585023899057,0.00000000000000000,-0.99134549301700758,1.13545858753452933
1,172,0.31665772461468739,0.03092905676788025,71.34620727744011504,0.00000000000000000,-0.23113413923808457,-0.68156998526434620
1,173,0.31619271472348892,0.06967478032926673,66.46347500312799639,0.00000000000000000,0.58100819080552979,-5.56430225957646485
1,174,0.31683963765491741,0.01606171176477319,73.76560962931064580,0.00000000000000000,-0.88639194132513044,1.73783236660618456
1,175,0.31731005198794110,0.02382762416524021,70.39803645730380310,0.00000000000000000,-0.49198464294437416,-1.62974080540065813
1,176,0.31682290936983531,0.03793413079417326,65.23165096263993235,0.00000000000000000,-0.02697897426957763,-6.79612630006452889
1,177,0.31761162963126988,0.08822820537121474,77.03798561516816790,0.00000000000000000,0.81709647091427184,5.01020835246370666
1,178,0.31882575998476692,0.03762496528171164,81.57440017574194258,0.00000000000000000,-0.03516242944281167,9.54662291303748134
1,179,0.31581967943148398,0.04942920024774188,67.29871882221027590,0.00000000000000000,0.23771111793039434,-4.72905844049418533
1,180,0.31710678899558553,0.03820804815910588,62.91352845452136222,0.00000000000000000,-0.01978405155126728,-9.11424880818309902
1,181,0.31799479249808488,0.08791261343896498,72.35664637582215164,0.00000000000000000,0.81351306222926212,0.32886911311769040
1,182,0.31793873709685655,0.01399074620902897,68.02464782856081627,0.00000000000000000,-1.02443410376726085,-4.00312943414364497
1,183,0.31798958269683503,0.02823347975090127,71.95299317557434904,0.00000000000000000,-0.32232173080743287,-0.07478408713011220
1,184,0.31813608648931369,0.03988755698279371,70.37361563806381071,0.00000000000000000,0.02323419042486696,-1.65416162464065053
1,185,0.31692333826660823,0.07095432708243443,74.43392304837203710,0.00000000000000000,0.59920615975230840,2.40614578566757586
1,186,0.31758400749374011,0.04371786684900139,70.81230538039454814,0.00000000000000000,0.11492664115785889,-1.21547188230991310
1,187,0.31711206491632504,0.11848139359120514,62.96511527912243622,0.00000000000000000,1.11192570237267274,-9.06266198358202502
1,188,0.31686211537273540,0.04253236304125382,75.77789349579282430,0.00000000000000000,0.08743503970644406,3.75011623308836306
1,189,0.31643321407222047,0.01729542268397200,73.31816305869104156,0.00000000000000000,-0.81238834801270787,1.29038579598658032
1,190,0.31798729977399570,0.09130515883321974,71.90984946534580047,0.00000000000000000,0.85137706043576911,-0.11792779735866077
1,191,0.31719935618364481,0.03363305970117205,72.12866042289277857,0.00000000000000000,-0.14732072685101194,0.10088316018831733
1,192,0.31806662646070705,0.05493514581027802,59.64713473734738614,0.00000000000000000,0.34332309261588634,-12.38064252535707510
1,193,0.31615464189233494,0.02314823260952268,86.99040037398074787,0.00000000000000000,-0.52091179730942461,14.96262311127628664
1,194,0.31660673415693003,0.05288846745909601,68.51239944663257120,0.00000000000000000,0.30535507888686464,-3.51537781607189004
1,195,0.31742154492651298,0.03702595965210253,67.39576582233289059,0.00000000000000000,-0.05121095091779670,-4.63201144037157064
1,196,0.31736225155668318,0.05408411851242688,66.21319750995672848,0.00000000000000000,0.32771035499382650,-5.81457975274773275
1,197,0.31763655856974826,0.05849556974041141,72.62721919151447025,0.00000000000000000,0.40612079067072049,0.59944192881000902
1,198,0.31750129111789438,0.13439716161178350,72.78879192096563600,0.00000000000000000,1.23796907913987653,0.76101465826117476
1,199,0.31709015540524554,0.05264573814651489,65.54963353334673570,0.00000000000000000,0.30075505865258112,-6.47814372935772553
1,200,0.31836501963385122,0.02483784079585597,67.68652418521034519,0.00000000000000000,-0.45046190096154248,-4.34125307749411604
1,201,0.31818446306390641,0.02067595120311760,81.98253001170500909,0.00000000000000000,-0.63385898250884321,9.95475274900054785
1,202,0.31728285119291127,0.01476469699904621,73.31735829740431143,0.00000000000000000,-0.97059123634905831,1.28958103469985019
1,203,0.31720014969371485,0.02497792585452137,66.69356593282378753,0.00000000000000000,-0.44483776076109738,-5.33421132988067370
1,204,0.31689317667214956,0.02589978563901435,66.10427667103016347,0.00000000000000000,-0.40859553758091094,-5.92350059167429777
1,205,0.31668950014250641,0.09866085558741874,70.46896885079780759,0.00000000000000000,0.92885803808183010,-1.55880841190665365
1,206,0.31732067877504572,0.05451450665151990,79.07722784639940983,0.00000000000000000,0.33563661357624941,7.04945058369494859
1,207,0.31717069313052371,0.03009228284205444,76.44014515956764910,0.00000000000000000,-0.25856147486828496,4.41236789686318787
1,208,0.31798783194849584,0.05989775933062976,78.89536112560590198,0.00000000000000000,0.42980886782130279,6.86758386290144074
1,209,0.31729500386219683,0.05389334974804919,76.01393410149468366,0.00000000000000000,0.32417685923884410,3.98615683879022242
1,210,0.31685556149836658,0.01865674943668877,66.52806131126727962,0.00000000000000000,-0.73662224905588758,-5.49971595143718162
1,211,0.31605060130222851,0.02202604805746624,72.49728095946385054,0.00000000000000000,-0.57060447417411631,0.46950369675938930
1,212,0.31669178569959722,0.05914665011416525,63.45220171026963385,0.00000000000000000,0.41718972531250165,-8.57557555243482739
1,213,0.31716678106651025,0.03492888365876735,78.90908332777901535,0.00000000000000000,-0.10951613084074641,6.88130606507455411
1,214,0.31692421558043471,0.06803513639412673,78.91520239443255491,0.00000000000000000,0.55719405363870944,6.88742513172809367
1,215,0.31764372762836923,0.07650939783812635,63.00143367875652700,0.00000000000000000,0.67458335107833411,-9.02634358394793423
1,216,0.31646856081247088,0.05344335046525229,73.08081234013231153,0.00000000000000000,0.31579199332868546,1.05303507742785030
1,217,0.31770645393396896,0.08876027092786586,68.95060466280236255,0.00000000000000000,0.82310892065793384,-3.07717259990209868
1,218,0.31868487775149046,0.04032913564479895,72.69995428354563671,0.00000000000000000,0.03424394682390064,0.67217702084117548
1,219,0.31727688143164445,0.02533125108208282,80.23316642722461722,0.00000000000000000,-0.43079137565443082,8.20538916452015599
1,220,0.31695729705213188,0.05192858145448488,74.71187421094245451,0.00000000000000000,0.28703911122325776,2.68409694823799327
1,221,0.31731435901215316,0.02199220299858658,70.43438199362292096,0.00000000000000000,-0.57214224838082695,-1.59339526908154028
1,222,0.31794531537452042,0.07403988450069567,79.52103216689094722,0.00000000000000000,0.64177369797967065,7.49325490418648599
1,223,0.31648260293051228,0.02018148337852740,71.95462454550329312,0.00000000000000000,-0.65806471018216195,-0.07315271720116812
1,224,0.31821832132216338,0.01136894216537497,87.13090358091127996,0.00000000000000000,-1.23194496367810657,15.10312631820681872
1,225,0.31734194309700359,0.01132724617533660,75.47285985704543521,0.00000000000000000,-1.23561924028539316,3.44508259434097397
1,226,0.31753971821489185,0.05449286850196461,65.40404928495178183,0.00000000000000000,0.33523961016599335,-6.62372797775267941
1,227,0.31800576990760182,0.01780616104074129,73.06009320990114020,0.00000000000000000,-0.78328570647158369,1.03231594719667896
1,228,0.31657730179021598,0.02022681291445710,72.68749713216502073,0.00000000000000000,-0.65582113353565363,0.65971986946055949
1,229,0.31734781034187537,0.02235032835633021,66.99261161297692979,0.00000000000000000,-0.55598921725616357,-5.03516564972753145
1,230,0.31601934733897491,0.04881692823461973,82.98140115696838848,0.00000000000000000,0.22524691299412014,10.95362389426392724
1,231,0.31726809076666773,0.04036366243076935,70.98124316248593857,0.00000000000000000,0.03509970567477438,-1.04653410021852267
1,232,0.31692875049399655,0.06262125828279963,71.73415560095409660,0.00000000000000000,0.47427457987457977,-0.29362166175036464
1,233,0.31819345133999433,0.05126761516493019,65.33822319561713243,0.00000000000000000,0.27422903973258617,-6.68955406708732880
1,234,0.31625337445427870,0.03394409164911400,63.99131899939017387,0.00000000000000000,-0.13811542186059089,-8.03645826331428736
1,235,0.31777915098802156,0.02238031024490923,64.31542542226934245,0.00000000000000000,-0.55464866438204563,-7.71235184043511879
1,236,0.31800776619752846,0.04116026758552706,73.70477076110314840,0.00000000000000000,0.05464318228459630,1.67699349839868717
1,237,0.31793249861958028,0.05611245297518550,61.59728241002488858,0.00000000000000000,0.36452753629622192,-10.43049485267957266
1,238,0.31650926356860043,0.04343876636408704,76.87723621634717119,0.00000000000000000,0.10852204683943079,4.84945895364270996
1,239,0.31698562469943881,0.03375104422327333,74.98329054227568236,0.00000000000000000,-0.14381887297747209,2.95551327957122112
1,240,0.31703802527767233,0.01890951661229176,71.08573047786018151,0.00000000000000000,-0.72316490996664484,-0.94204678484427973
1,241,0.31687196341218254,0.02793238424448965,61.17474770295720532,0.00000000000000000,-0.33304348845109955,-10.85302955974725592
1,242,0.31738199648348803,0.03178988802442576,73.13920899237562878,0.00000000000000000,-0.20368197720184300,1.11143172967116755
1,243,0.31707810575636891,0.02326615649148319,81.55658553905239216,0.00000000000000000,-0.51583043620655911,9.52880827634793093
1,244,0.31737042934386134,0.02139902719526811,73.37525600314023677,0.00000000000000000,-0.59948476693670960,1.34747874043577553
1,245,0.31839760723060334,0.02040607480572250,63.86837860575996473,0.00000000000000000,-0.64699758865084123,-8.15939865694449651
1,246,0.31833154488556492,0.05516289921818846,69.87117846038374580,0.00000000000000000,0.34746038193334527,-2.15659880232071544
1,247,0.31622314332444612,0.01616700484267761,73.76965259023229748,0.00000000000000000,-0.87985780260590296,1.74187532752783625
1,248,0.31762015014789863,0.03304274113300903,71.23251796863806362,0.00000000000000000,-0.16502832048064819,-0.79525929406639762
1,249,0.31709620386897069,0.04634054608557540,61.62083517394953702,0.00000000000000000,0.17318707349260221,-10.40694208875492421
1,250,0.31678835182363646,0.05079945608210180,62.72762855456989683,0.00000000000000000,0.26505541771565522,-9.30014870813456440