   Tlag_pop;   1.00000;   0.44563;   0.10231;  -0.02361;  -0.01202;   0.00000;   0.00000;   0.00000;       NaN;       NaN;   0.00000;   0.00000
     ka_pop;   0.44563;   1.00000;   0.18434;   0.03655;  -0.09069;   0.00000;   0.00000;   0.00000;       NaN;       NaN;   0.00000;   0.00000
      V_pop;   0.10231;   0.18434;   1.00000;   0.07366;  -0.12589;   0.00000;   0.00000;   0.00000;       NaN;       NaN;   0.00000;   0.00000
  alpha_pop;  -0.02361;   0.03655;   0.07366;   1.00000;  -0.98972;   0.00000;   0.00000;   0.00000;       NaN;       NaN;   0.00000;   0.00000
   beta_pop;  -0.01202;  -0.09069;  -0.12589;  -0.98972;   1.00000;   0.00000;   0.00000;   0.00000;       NaN;       NaN;   0.00000;   0.00000
 omega_Tlag;   0.00000;   0.00000;   0.00000;   0.00000;   0.00000;   1.00000;  -0.13139;   0.00732;       NaN;       NaN;  -0.18292;  -0.03180
   omega_ka;   0.00000;   0.00000;   0.00000;   0.00000;   0.00000;  -0.13139;   1.00000;  -0.00179;       NaN;       NaN;   0.02732;  -0.02779
    omega_V;   0.00000;   0.00000;   0.00000;   0.00000;   0.00000;   0.00732;  -0.00179;   1.00000;       NaN;       NaN;  -0.00030;  -0.02016
omega_alpha;       NaN;       NaN;       NaN;       NaN;       NaN;       NaN;       NaN;       NaN;       NaN;       NaN;       NaN;       NaN
 omega_beta;       NaN;       NaN;       NaN;       NaN;       NaN;       NaN;       NaN;       NaN;       NaN;       NaN;       NaN;       NaN
          a;   0.00000;   0.00000;   0.00000;   0.00000;   0.00000;  -0.18292;   0.02732;  -0.00030;       NaN;       NaN;   1.00000;  -0.77498
          b;   0.00000;   0.00000;   0.00000;   0.00000;   0.00000;  -0.03180;  -0.02779;  -0.02016;       NaN;       NaN;  -0.77498;   1.00000
