           ;    Tlag_pop;      ka_pop;         V_pop;   alpha_pop;    beta_pop;  omega_Tlag;    omega_ka;     omega_V;           a
   Tlag_pop;0.1752645795;0.0000000000;  0.0000000000;0.0000000000;0.0000000000;0.0000000000;0.0000000000;0.0000000000;0.0000000000
     ka_pop;0.0000000000;1.3794920477;  0.0000000000;0.0000000000;0.0000000000;0.0000000000;0.0000000000;0.0000000000;0.0000000000
      V_pop;0.0000000000;0.0000000000;240.5885401155;0.0000000000;0.0000000000;0.0000000000;0.0000000000;0.0000000000;0.0000000000
  alpha_pop;0.0000000000;0.0000000000;  0.0000000000;1.2245985830;0.0000000000;0.0000000000;0.0000000000;0.0000000000;0.0000000000
   beta_pop;0.0000000000;0.0000000000;  0.0000000000;0.0000000000;0.6303080635;0.0000000000;0.0000000000;0.0000000000;0.0000000000
 omega_Tlag;0.0000000000;0.0000000000;  0.0000000000;0.0000000000;0.0000000000;1.0000000000;0.0000000000;0.0000000000;0.0000000000
   omega_ka;0.0000000000;0.0000000000;  0.0000000000;0.0000000000;0.0000000000;0.0000000000;1.0000000000;0.0000000000;0.0000000000
    omega_V;0.0000000000;0.0000000000;  0.0000000000;0.0000000000;0.0000000000;0.0000000000;0.0000000000;1.0000000000;0.0000000000
omega_alpha;0.0000000000;0.0000000000;  0.0000000000;0.0000000000;0.0000000000;0.0000000000;0.0000000000;0.0000000000;0.0000000000
 omega_beta;0.0000000000;0.0000000000;  0.0000000000;0.0000000000;0.0000000000;0.0000000000;0.0000000000;0.0000000000;0.0000000000
          a;0.0000000000;0.0000000000;  0.0000000000;0.0000000000;0.0000000000;0.0000000000;0.0000000000;0.0000000000;1.0000000000
